Covariants	Count	Max_count	Freq	Coverage_start	Coverage_end
C25000T(S:D1146D)	14914	18078	0.8249806394512668	24998	25000
A24424T(S:Q954H) T24469A(S:N969K)	6153	6836	0.9000877706260971	24421	24469
T24469A(S:N969K)	3345	10400	0.3216346153846154	24468	24491
C25416T(ORF3a:F8F)	3288	7240	0.45414364640883975	25385	25416
C23854A(S:N764K) G23948T(S:D796Y)	2813	5832	0.48233882030178327	23853	23949
C21618T(S:T19I) (21632,9)(S:DEL25/27)	2118	3046	0.6953381483913329	21613	21646
C23854A(S:N764K)	2028	8427	0.24065503737985047	23847	23854
G22992A(S:S477N) C22995A(S:T478K) A23013C(S:E484A) A23040G(S:Q493R) A23055G(S:Q498R) A23063T(S:N501Y) T23075C(S:Y505H)	1527	10396	0.14688341669873028	22990	23075
T22200G(S:V213G)	1364	2048	0.666015625	22199	22201
G23948T(S:D796Y)	1358	6821	0.1990910423691541	23947	23965
A24424T(S:Q954H)	1163	8023	0.1449582450454942	24420	24424
G22578A(S:G339D)	980	3952	0.2479757085020243	22577	22579
A23055G(S:Q498R) A23063T(S:N501Y) T23075C(S:Y505H)	833	12808	0.06503747657713929	23054	23093
G22578A(S:G339D) C22674T(S:S371F) T22679C(S:S373P) C22686T(S:S375F) A22688G(S:T376A)	754	2701	0.2791558681969641	22576	22692
T23599G(S:N679K) C23604A(S:P681H)	738	2275	0.3243956043956044	23598	23640
G22992A(S:S477N) C22995A(S:T478K) A23013C(S:E484A) T23018G(S:F486V) A23055G(S:Q498R) A23063T(S:N501Y) T23075C(S:Y505H)	626	10396	0.06021546748749519	22989	23075
C22674T(S:S371F) T22679C(S:S373P) C22686T(S:S375F) A22688G(S:T376A)	606	3252	0.1863468634686347	22666	22696
A23063T(S:N501Y) T23075C(S:Y505H)	586	13425	0.043649906890130354	23062	23138
T22882G(S:N440K) T22917A(S:L452Q) G22992A(S:S477N) C22995A(S:T478K) A23013C(S:E484A) A23040G(S:Q493R) A23055G(S:Q498R) A23063T(S:N501Y) T23075C(S:Y505H)	544	5612	0.09693513898788311	22881	23075
T23599G(S:N679K) C23604A(S:P681H) C23854A(S:N764K)	536	1207	0.44407622203811103	23598	23854
C25350T(S:P1263L)	515	6181	0.08331985115677075	25326	25350
G25447C(ORF3a:E19Q)	492	5328	0.09234234234234234	25385	25448
A23013C(S:E484A) A23040G(S:Q493R) A23055G(S:Q498R) A23063T(S:N501Y) T23075C(S:Y505H)	485	11227	0.043199429945666695	23012	23081
G25278T(S:S1239I) C25416T(ORF3a:F8F)	431	2979	0.14467942262504196	25277	25416
A23040G(S:Q493R) A23055G(S:Q498R) A23063T(S:N501Y) T23075C(S:Y505H)	427	12571	0.03396706705910429	23039	23096
T22917A(S:L452Q) G22992A(S:S477N) C22995A(S:T478K) A23013C(S:E484A) A23040G(S:Q493R) A23055G(S:Q498R) A23063T(S:N501Y) T23075C(S:Y505H)	420	8205	0.051188299817184646	22916	23075
A22786C(S:R408S) G22813T(S:K417N) T22882G(S:N440K)	417	4298	0.09702187063750582	22784	22882
A22786C(S:R408S) G22813T(S:K417N) T22882G(S:N440K) T22917A(S:L452Q) G22992A(S:S477N) C22995A(S:T478K) A23013C(S:E484A)	414	3248	0.12746305418719212	22784	23013
G25278T(S:S1239I)	410	11990	0.03419516263552961	25274	25282
C23854A(S:N764K) G23948T(S:D796Y) (24011,15)(S:DEL818/822)	401	3696	0.10849567099567099	23847	24044
G21987A(S:G142D)	398	952	0.4180672268907563	21984	21989
G22775A(S:D405N) A22786C(S:R408S) G22813T(S:K417N)	363	1508	0.24071618037135278	22774	22813
A22786C(S:R408S) G22813T(S:K417N) T22882G(S:N440K) T22917A(S:L452Q)	353	4074	0.08664702994599902	22785	22919
T22917A(S:L452Q) G22992A(S:S477N) C22995A(S:T478K) A23013C(S:E484A) A23040G(S:Q493R) A23055G(S:Q498R) A23063T(S:N501Y)	332	9039	0.036729726739683596	22916	23063
A22786C(S:R408S) G22813T(S:K417N) T22882G(S:N440K) G22992A(S:S477N) C22995A(S:T478K) A23013C(S:E484A) A23040G(S:Q493R) A23055G(S:Q498R) A23063T(S:N501Y) T23075C(S:Y505H)	326	1729	0.18854829381145172	22785	23075
G22992A(S:S477N) C22995A(S:T478K) A23013C(S:E484A) A23040G(S:Q493R) A23055G(S:Q498R) A23063T(S:N501Y)	323	11319	0.028536089760579555	22990	23063
T22882G(S:N440K) T22917A(S:L452Q) G22992A(S:S477N) C22995A(S:T478K) A23013C(S:E484A)	318	8460	0.0375886524822695	22881	23014
T22882G(S:N440K) T22917G(S:L452R) G22992A(S:S477N) C22995A(S:T478K) A23013C(S:E484A) T23018G(S:F486V) A23055G(S:Q498R) A23063T(S:N501Y) T23075C(S:Y505H)	301	5612	0.05363506771204562	22881	23075
C21618T(S:T19I) (21632,9)(S:DEL25/27) C21721T(S:D53D)	299	1359	0.22001471670345843	21613	21721
A22786C(S:R408S) G22813T(S:K417N) T22882G(S:N440K) T22917G(S:L452R) G22992A(S:S477N) C22995A(S:T478K) A23013C(S:E484A) T23018G(S:F486V)	294	3187	0.09224976466896768	22784	23018
T23075C(S:Y505H)	294	13731	0.02141140485033865	23074	23146
T22882G(S:N440K) T22917A(S:L452Q) G22992A(S:S477N) C22995A(S:T478K)	281	8920	0.031502242152466366	22881	22997
C22674T(S:S371F) T22679C(S:S373P) C22686T(S:S375F) A22688G(S:T376A) G22775A(S:D405N)	275	1668	0.16486810551558753	22671	22778
G23948T(S:D796Y) (24011,15)(S:DEL818/822)	268	4531	0.05914809092915471	23946	24044
C21618T(S:T19I)	263	3361	0.07825052067836953	21552	21618
C22674T(S:S371F) T22679C(S:S373P) C22686T(S:S375F) A22688G(S:T376A) G22775A(S:D405N) A22786C(S:R408S) G22813T(S:K417N)	258	1061	0.24316682375117812	22669	22813
A22786C(S:R408S) G22813T(S:K417N) T22882G(S:N440K) T22917G(S:L452R)	258	4074	0.06332842415316642	22785	22918
A22786C(S:R408S) G22813T(S:K417N) T22882G(S:N440K) T22917A(S:L452Q) G22992A(S:S477N) C22995A(S:T478K) A23013C(S:E484A) A23040G(S:Q493R) A23055G(S:Q498R) A23063T(S:N501Y) T23075C(S:Y505H)	255	1729	0.1474840948525159	22785	23075
T22882G(S:N440K) T22917A(S:L452Q)	252	10041	0.02509710188228264	22881	22920
T24480C(S:I973T)	248	11257	0.022030736430665363	24479	24563
G22578A(S:G339D) C22674T(S:S371F) T22679C(S:S373P) C22686T(S:S375F) A22688G(S:T376A) G22775A(S:D405N)	245	1282	0.19110764430577223	22571	22778
T22917A(S:L452Q) G22992A(S:S477N) C22995A(S:T478K) A23013C(S:E484A)	243	11569	0.02100440833261302	22916	23014
A22786C(S:R408S) G22813T(S:K417N)	228	5984	0.038101604278074866	22784	22836
A23013C(S:E484A) T23018G(S:F486V) A23055G(S:Q498R) A23063T(S:N501Y) T23075C(S:Y505H)	228	11227	0.020308185623942283	23012	23080
T25376C(S:Y1272H)	217	8095	0.026806670784434838	25372	25378
G22813T(S:K417N) T22882G(S:N440K) T22917A(S:L452Q)	216	5822	0.03710065269666781	22811	22921
G22813T(S:K417N) T22882G(S:N440K) T22917A(S:L452Q) G22992A(S:S477N) C22995A(S:T478K) A23013C(S:E484A) A23040G(S:Q493R) A23055G(S:Q498R) A23063T(S:N501Y) T23075C(S:Y505H)	216	2669	0.08092918696140877	22811	23075
G22578A(S:G339D) G22775A(S:D405N) A22786C(S:R408S) G22813T(S:K417N)	215	779	0.27599486521181	22556	22828
C21575T(S:L5F) C21618T(S:T19I) (21632,9)(S:DEL25/27)	206	2705	0.07615526802218114	21572	21654
T23599G(S:N679K) C23604A(S:P681H) C23673T(S:S704L)	204	2159	0.09448818897637795	23598	23676
G22578A(S:G339D) C22674T(S:S371F) T22679C(S:S373P) C22686T(S:S375F) A22688G(S:T376A) G22775A(S:D405N) A22786C(S:R408S) G22813T(S:K417N)	203	779	0.2605905006418485	22574	22813
C22686T(S:S375F) A22688G(S:T376A) G22775A(S:D405N) A22786C(S:R408S) G22813T(S:K417N)	190	1270	0.14960629921259844	22681	22813
T22882G(S:N440K) T22917G(S:L452R) G22992A(S:S477N) C22995A(S:T478K) A23013C(S:E484A) T23018G(S:F486V)	189	8342	0.02265643730520259	22881	23018
T22882G(S:N440K) T22917G(S:L452R) G22992A(S:S477N) C22995A(S:T478K)	177	8920	0.01984304932735426	22881	22995
T22882G(S:N440K) G22992A(S:S477N) C22995A(S:T478K) A23013C(S:E484A) A23040G(S:Q493R) A23055G(S:Q498R) A23063T(S:N501Y) T23075C(S:Y505H)	176	5612	0.03136136849607983	22881	23075
A22786C(S:R408S) G22813T(S:K417N) T22882G(S:N440K) T22917G(S:L452R) G22992A(S:S477N) C22995A(S:T478K) A23013C(S:E484A) T23018G(S:F486V) A23055G(S:Q498R) A23063T(S:N501Y) T23075C(S:Y505H)	168	1729	0.09716599190283401	22785	23075
T22917G(S:L452R) G22992A(S:S477N) C22995A(S:T478K) A23013C(S:E484A) T23018G(S:F486V) A23055G(S:Q498R) A23063T(S:N501Y) T23075C(S:Y505H)	168	8205	0.020475319926873858	22916	23075
C23673T(S:S704L)	162	4854	0.03337453646477132	23667	23690
T23599G(S:N679K) C23604A(S:P681H) C23854A(S:N764K) G23948T(S:D796Y)	156	458	0.3406113537117904	23598	23965
C23673T(S:S704L) C23854A(S:N764K)	153	3267	0.046831955922865015	23669	23854
T22882G(S:N440K) T22917G(S:L452R)	150	10041	0.014938751120406334	22881	22921
A22786C(S:R408S) G22813T(S:K417N) T22882G(S:N440K) G22992A(S:S477N) C22995A(S:T478K) A23013C(S:E484A) T23018G(S:F486V) A23055G(S:Q498R) A23063T(S:N501Y) T23075C(S:Y505H)	142	1729	0.0821283979178716	22785	23075
T22917G(S:L452R) G22992A(S:S477N) C22995A(S:T478K) A23013C(S:E484A) T23018G(S:F486V)	142	11428	0.012425621281064054	22916	23023
G22813T(S:K417N) T22882G(S:N440K) T22917A(S:L452Q) G22992A(S:S477N) C22995A(S:T478K) A23013C(S:E484A)	141	4687	0.030083208875613398	22811	23015
T23599G(S:N679K) C23604A(S:P681H) C23673T(S:S704L) C23854A(S:N764K)	137	1207	0.11350455675227837	23598	23854
A22786C(S:R408S) G22813T(S:K417N) T22882G(S:N440K) G22992A(S:S477N) C22995A(S:T478K) A23013C(S:E484A)	135	3248	0.04156403940886699	22784	23013
G22813T(S:K417N) T22882G(S:N440K) T22917G(S:L452R) G22992A(S:S477N) C22995A(S:T478K) A23013C(S:E484A) T23018G(S:F486V) A23055G(S:Q498R) A23063T(S:N501Y) T23075C(S:Y505H)	131	2669	0.04908205320344698	22812	23075
G22813T(S:K417N) T22882G(S:N440K) T22917G(S:L452R)	131	5822	0.022500858811405015	22812	22919
T23018G(S:F486V) A23055G(S:Q498R) A23063T(S:N501Y) T23075C(S:Y505H)	128	11927	0.010731952712333362	23017	23081
G22813T(S:K417N) T22882G(S:N440K)	126	6099	0.020659124446630595	22811	22883
G22992A(S:S477N) C22995A(S:T478K) A23013C(S:E484A)	122	13902	0.008775715724356209	22939	23013
T22917A(S:L452Q) G22992A(S:S477N) C22995A(S:T478K) A23013C(S:E484A) T23018G(S:F486V) A23055G(S:Q498R) A23063T(S:N501Y) T23075C(S:Y505H)	121	8205	0.014747105423522243	22916	23075
T22917G(S:L452R) G22992A(S:S477N) C22995A(S:T478K) A23013C(S:E484A) T23018G(S:F486V) A23055G(S:Q498R) A23063T(S:N501Y)	120	9039	0.013275804845668768	22916	23063
G22813T(S:K417N) T22882G(S:N440K) T22917G(S:L452R) G22992A(S:S477N) C22995A(S:T478K) A23013C(S:E484A) T23018G(S:F486V)	112	4610	0.024295010845986984	22811	23023
T23599G(S:N679K) C23604A(S:P681H) G23948T(S:D796Y)	110	458	0.24017467248908297	23598	23966
T22882G(S:N440K)	107	10323	0.01036520391359101	22881	22897
G22992A(S:S477N) C22995A(S:T478K) A23013C(S:E484A) T23018G(S:F486V) A23055G(S:Q498R) A23063T(S:N501Y)	105	11319	0.00927643784786642	22986	23063
T22917G(S:L452R) G22992A(S:S477N) C22995A(S:T478K) A23013C(S:E484A) A23040G(S:Q493R) A23055G(S:Q498R) A23063T(S:N501Y) T23075C(S:Y505H)	104	8205	0.01267519804996953	22916	23075
A22786C(S:R408S) G22813T(S:K417N) T22882G(S:N440K) T22917G(S:L452R) G22992A(S:S477N) C22995A(S:T478K) A23013C(S:E484A)	103	3248	0.031711822660098525	22785	23013
A22786C(S:R408S) G22813T(S:K417N) T22882G(S:N440K) T22917A(S:L452Q) G22992A(S:S477N) C22995A(S:T478K)	102	3453	0.029539530842745437	22785	22997
T22917A(S:L452Q) G22992A(S:S477N) C22995A(S:T478K) A23013C(S:E484A) T23018G(S:F486V) A23055G(S:Q498R) A23063T(S:N501Y)	100	9039	0.011063170704723974	22916	23063
(21764,6)(S:DEL69/70)	100	719	0.13908205841446453	21753	21783
C23673T(S:S704L) C23854A(S:N764K) G23948T(S:D796Y)	97	1648	0.058859223300970875	23667	23965
G21987A(S:G142D) T22200G(S:V213G)	95	280	0.3392857142857143	21981	22201
(22401,2)(S:DEL281) G22578A(S:G339D)	94	793	0.11853720050441362	22397	22591
A22786C(S:R408S) G22813T(S:K417N) T22882G(S:N440K) T22917A(S:L452Q) G22992A(S:S477N) C22995A(S:T478K) A23013C(S:E484A) T23018G(S:F486V)	94	3187	0.029494822717288986	22784	23023
T22882G(S:N440K) T22917A(S:L452Q) G22992A(S:S477N) C22995A(S:T478K) A23013C(S:E484A) A23040G(S:Q493R) A23055G(S:Q498R) A23063T(S:N501Y)	93	6287	0.014792428821377445	22881	23064
C23673T(S:S704L) G23948T(S:D796Y)	93	1648	0.05643203883495146	23669	23982
T22882G(S:N440K) G22992A(S:S477N) C22995A(S:T478K)	92	8920	0.01031390134529148	22881	22997
T22882G(S:N440K) G22992A(S:S477N) C22995A(S:T478K) A23013C(S:E484A)	91	8460	0.010756501182033097	22881	23015
T22917G(S:L452R) G22992A(S:S477N) C22995A(S:T478K) A23013C(S:E484A) A23040G(S:Q493R) A23055G(S:Q498R) A23063T(S:N501Y)	89	9039	0.009846221927204336	22916	23063
C21575T(S:L5F)	88	3769	0.023348368267444946	21512	21575
A22786C(S:R408S) G22813T(S:K417N) T22882G(S:N440K) G22992A(S:S477N) C22995A(S:T478K) A23013C(S:E484A) A23040G(S:Q493R) A23055G(S:Q498R) A23063T(S:N501Y)	85	2058	0.0413022351797862	22784	23066
T23018G(S:F486V) A23040G(S:Q493R) A23055G(S:Q498R) A23063T(S:N501Y) T23075C(S:Y505H)	79	11927	0.0066236270646432465	23014	23116
(21764,6)(S:DEL69/70) G21987A(S:G142D)	77	288	0.2673611111111111	21755	21989
C23854A(S:N764K) (24011,15)(S:DEL818/822)	77	3696	0.020833333333333332	23845	24058
T22882G(S:N440K) T22917G(S:L452R) G22992A(S:S477N) C22995A(S:T478K) A23013C(S:E484A)	76	8460	0.008983451536643027	22881	23014
A22786C(S:R408S) G22813T(S:K417N) T22882G(S:N440K) T22917A(S:L452Q) G22992A(S:S477N) C22995A(S:T478K) A23013C(S:E484A) A23040G(S:Q493R) A23055G(S:Q498R) A23063T(S:N501Y)	75	2058	0.03644314868804665	22784	23064
A22786C(S:R408S) G22813T(S:K417N) T22882G(S:N440K) T22917G(S:L452R) G22992A(S:S477N) C22995A(S:T478K) A23013C(S:E484A) T23018G(S:F486V) A23055G(S:Q498R) A23063T(S:N501Y)	74	2058	0.03595724003887269	22784	23063
G22578A(S:G339D) C22674T	71	2802	0.025339043540328336	22556	22674
G22813T(S:K417N) T22882G(S:N440K) G22992A(S:S477N) C22995A(S:T478K) A23013C(S:E484A) A23040G(S:Q493R) A23055G(S:Q498R) A23063T(S:N501Y) T23075C(S:Y505H)	71	2669	0.02660172349194455	22811	23075
T22882G(S:N440K) T22917G(S:L452R) G22992A(S:S477N) C22995A(S:T478K) A23013C(S:E484A) A23040G(S:Q493R) A23055G(S:Q498R) A23063T(S:N501Y) T23075C(S:Y505H)	68	5612	0.012116892373485389	22881	23075
T22882G(S:N440K) T22917A(S:L452Q) G22992A(S:S477N) C22995A(S:T478K) A23013C(S:E484A) T23018G(S:F486V)	63	8342	0.0075521457684008635	22881	23023
(24011,15)(S:DEL818/822)	61	5777	0.010559113726847844	24004	24054
A23403G(S:D614G)	60	256	0.234375	23395	23403
A23403G(S:D614G) C23525T(S:H655Y)	59	186	0.3172043010752688	23400	23525
A22786C(S:R408S) G22813T(S:K417N) T22882G(S:N440K) T22917G(S:L452R) G22992A(S:S477N) C22995A(S:T478K)	56	3453	0.01621778163915436	22784	22997
T22917G(S:L452R) G22992A(S:S477N) C22995A(S:T478K) A23013C(S:E484A)	56	11569	0.004840522084882012	22916	23015
T22882G(S:N440K) T22917G(S:L452R) G22992A(S:S477N) C22995A(S:T478K) A23013C(S:E484A) T23018G(S:F486V) A23055G(S:Q498R) A23063T(S:N501Y)	55	6287	0.008748210593287736	22881	23063
T21570G(S:V3G) C21618T(S:T19I) (21632,9)(S:DEL25/27)	54	2622	0.020594965675057208	21569	21660
T22917A(S:L452Q) G22992A(S:S477N) C22995A(S:T478K) A23013C(S:E484A) T23018G(S:F486V)	53	11428	0.00463773188659433	22916	23022
C25350T(S:P1263L) C25416T(ORF3a:F8F)	53	4338	0.012217611802674043	25317	25420
(22401,2)(S:DEL281)	50	2276	0.021968365553602813	22397	22432
T22882G(S:N440K) T22917A(S:L452Q) G22992A(S:S477N) C22995A(S:T478K) T23075C(S:Y505H)	50	5612	0.008909479686386316	22859	23203
T22917A(S:L452Q) G22992A(S:S477N) C22995A(S:T478K) A23013C(S:E484A) A23040G(S:Q493R)	49	9068	0.005403617115130128	22912	23040
A22786C(S:R408S) G22813T(S:K417N) T22882G(S:N440K) G22992A(S:S477N) C22995A(S:T478K) A23013C(S:E484A) T23018G(S:F486V) A23055G(S:Q498R) A23063T(S:N501Y)	43	2058	0.02089407191448008	22782	23063
G22813T(S:K417N) T22882G(S:N440K) G22992A(S:S477N) C22995A(S:T478K) A23013C(S:E484A)	43	4687	0.009174311926605505	22811	23015
T22917A(S:L452Q) G22992A(S:S477N) C22995A(S:T478K)	42	12097	0.0034719351905431097	22916	22997
G22813T(S:K417N) T22882G(S:N440K) T22917A(S:L452Q) G22992A(S:S477N) C22995A(S:T478K)	42	4960	0.008467741935483872	22812	22997
G22813T(S:K417N) T22882G(S:N440K) T22917A(S:L452Q) G22992A(S:S477N) C22995A(S:T478K) A23013C(S:E484A) A23040G(S:Q493R) A23055G(S:Q498R) A23063T(S:N501Y)	41	3111	0.013179042108646738	22811	23065
A23403G(S:D614G) C23525T(S:H655Y) T23599G(S:N679K) C23604A(S:P681H)	41	88	0.4659090909090909	23401	23607
G21987A(S:G142D) A22056T(S:N165I)	41	707	0.05799151343705799	21978	22060
T23599G(S:N679K) C23604A(S:P681H) G23948T(S:D796Y) (24011,15)(S:DEL818/822)	40	207	0.1932367149758454	23598	24044
C22686T(S:S375F) A22688G(S:T376A) G22775A(S:D405N)	40	1922	0.02081165452653486	22685	22778
C21575T(S:L5F) C21618T(S:T19I)	39	3020	0.012913907284768211	21527	21622
(22401,2)(S:DEL281) C22674T(S:S371F) T22679C(S:S373P) C22686T(S:S375F) A22688G(S:T376A)	39	352	0.11079545454545454	22396	22735
C21618T(S:T19I) (21632,9)(S:DEL25/27) (21764,6)(S:DEL69/70)	39	317	0.12302839116719243	21613	21784
C23525T(S:H655Y)	39	230	0.16956521739130434	23484	23528
G22992A(S:S477N) C22995A(S:T478K) A23013C(S:E484A) A23055G(S:Q498R) A23063T(S:N501Y) T23075C(S:Y505H)	37	10396	0.003559061177375914	22988	23093
T22882G(S:N440K) T22917A(S:L452Q) G22992A(S:S477N) C22995A(S:T478K) A23055G(S:Q498R) A23063T(S:N501Y) T23075C(S:Y505H)	36	5612	0.006414825374198147	22859	23146
T22054G(S:N164K)	35	1217	0.02875924404272802	22046	22109
T22882G(S:N440K) G22992A(S:S477N) C22995A(S:T478K) A23013C(S:E484A) A23040G(S:Q493R) A23055G(S:Q498R) A23063T(S:N501Y)	35	6287	0.005567043104819469	22881	23064
T22882G(S:N440K) T22917A(S:L452Q) G22992A(S:S477N) C22995A(S:T478K) A23013C(S:E484A) T23018G(S:F486V) A23055G(S:Q498R) A23063T(S:N501Y) T23075C(S:Y505H)	35	5612	0.006236635780470421	22881	23075
A22786C(S:R408S) G22813T(S:K417N) T22882G(S:N440K) T22917A(S:L452Q) G22992A(S:S477N) C22995A(S:T478K) A23013C(S:E484A) T23018G(S:F486V) A23055G(S:Q498R) A23063T(S:N501Y) T23075C(S:Y505H)	35	1729	0.020242914979757085	22785	23081
G21987A(S:G142D) C21997T(S:Y145Y)	35	917	0.03816793893129771	21984	22038
C21618T(S:T19I) (21632,9)(S:DEL25/27) G21987A(S:G142D)	34	78	0.4358974358974359	21613	21987
C21721T(S:D53D)	34	1680	0.02023809523809524	21717	21721
G22813T(S:K417N) T22882G(S:N440K) T22917G(S:L452R) G22992A(S:S477N) C22995A(S:T478K) A23013C(S:E484A)	33	4687	0.007040751013441433	22811	23015
T21570G(S:V3G) C21618T(S:T19I) (21632,9)(S:DEL25/27) (21764,6)(S:DEL69/70)	33	155	0.2129032258064516	21569	21780
G22992A(S:S477N) C22995A(S:T478K) A23013C(S:E484A) T23018G(S:F486V)	33	13760	0.0023982558139534886	22936	23023
G22813T(S:K417N) T22882G(S:N440K) T22917G(S:L452R) G22992A(S:S477N) C22995A(S:T478K) A23013C(S:E484A) T23018G(S:F486V) A23055G(S:Q498R) A23063T(S:N501Y)	33	3111	0.010607521697203472	22811	23064
A22786C(S:R408S) G22813T(S:K417N) T22882G(S:N440K) G22992A(S:S477N) C22995A(S:T478K) A23013C(S:E484A) T23018G(S:F486V)	32	3187	0.01004079071226859	22785	23023
A22786C(S:R408S) G22813T(S:K417N) T22882G(S:N440K) G22992A(S:S477N) C22995A(S:T478K)	31	3453	0.008977700550246163	22784	22997
G22813T(S:K417N) T22882G(S:N440K) T22917A(S:L452Q) A23013C(S:E484A) A23040G(S:Q493R) A23055G(S:Q498R) A23063T(S:N501Y) T23075C(S:Y505H)	31	2669	0.011614837017609592	22812	23116
G22813T(S:K417N) T22882G(S:N440K) T22917A(S:L452Q) G22992A(S:S477N) C22995A(S:T478K) A23013C(S:E484A) T23018G(S:F486V)	31	4610	0.006724511930585683	22810	23023
T22882G(S:N440K) T22917G(S:L452R) G22992A(S:S477N) C22995A(S:T478K) A23055G(S:Q498R) A23063T(S:N501Y) T23075C(S:Y505H)	30	5612	0.005345687811831789	22856	23116
C23525T(S:H655Y) T23599G(S:N679K) C23604A(S:P681H)	30	116	0.25862068965517243	23521	23605
A22786C(S:R408S) G22813T(S:K417N) T22882G(S:N440K) T22917G(S:L452R) G22992A(S:S477N) C22995A(S:T478K) A23013C(S:E484A) A23040G(S:Q493R) A23055G(S:Q498R) A23063T(S:N501Y) T23075C(S:Y505H)	30	1729	0.01735106998264893	22784	23075
A22786C(S:R408S) G22813T(S:K417N) T22882G(S:N440K) T22917A(S:L452Q) T23075C(S:Y505H)	30	1729	0.01735106998264893	22784	23215
A22786C(S:R408S) G22813T(S:K417N) T22882G(S:N440K) A23055G(S:Q498R) A23063T(S:N501Y) T23075C(S:Y505H)	30	1729	0.01735106998264893	22784	23170
T22882G(S:N440K) T22917A(S:L452Q) G22992A(S:S477N) C22995A(S:T478K) A23040G(S:Q493R) A23055G(S:Q498R) A23063T(S:N501Y) T23075C(S:Y505H)	30	5612	0.005345687811831789	22859	23091
G22813T(S:K417N) T22882G(S:N440K) T22917A(S:L452Q) T23075C(S:Y505H)	29	2669	0.010865492693892843	22811	23214
A22786C(S:R408S) G22813T(S:K417N) T22882G(S:N440K) T23075C(S:Y505H)	29	1729	0.0167727009832273	22782	23175
T22882G(S:N440K) T22917A(S:L452Q) A23040G(S:Q493R) A23055G(S:Q498R) A23063T(S:N501Y) T23075C(S:Y505H)	28	5612	0.004989308624376337	22846	23099
A22786C(S:R408S) G22813T(S:K417N) T22882G(S:N440K) A23013C(S:E484A) A23040G(S:Q493R) A23055G(S:Q498R) A23063T(S:N501Y) T23075C(S:Y505H)	28	1729	0.016194331983805668	22784	23081
T25376C(S:Y1272H) C25416T(ORF3a:F8F)	28	6988	0.004006868918145392	25371	25420
T22917G(S:L452R) G22992A(S:S477N) C22995A(S:T478K)	28	12097	0.002314623460362073	22916	22995
T23599G(S:N679K) C23604A(S:P681H) C23673T(S:S704L) C23854A(S:N764K) G23948T(S:D796Y)	28	458	0.0611353711790393	23594	23965
G22578A(S:G339D) C22674T(S:S371F) T22679C(S:S373P) G22775A(S:D405N) A22786C(S:R408S) G22813T(S:K417N)	27	779	0.03465982028241335	22544	22828
G21423T(ORF1b:R2652S) C21618T(S:T19I) (21632,9)(S:DEL25/27)	27	264	0.10227272727272728	21419	21671
T23599G(S:N679K) C23604A(S:P681H) C23673T(S:S704L) G23948T(S:D796Y)	27	458	0.05895196506550218	23598	24006
T22917A(S:L452Q) G22992A(S:S477N) C22995A(S:T478K) A23013C(S:E484A) A23040G(S:Q493R) A23055G(S:Q498R)	26	9051	0.002872610761241852	22912	23056
G21987A(S:G142D) T22054G(S:N164K)	26	714	0.036414565826330535	21978	22059
T22882G(S:N440K) T22917A(S:L452Q) G22992A(S:S477N) C22995A(S:T478K) A23013C(S:E484A) A23055G(S:Q498R) A23063T(S:N501Y) T23075C(S:Y505H)	26	5612	0.004632929436920884	22881	23081
T22882G(S:N440K) T22917A(S:L452Q) G22992A(S:S477N)	26	8964	0.0029004908522980814	22858	22992
A22786C(S:R408S) G22813T(S:K417N) T22882G(S:N440K) A23063T(S:N501Y) T23075C(S:Y505H)	24	1729	0.013880855986119144	22784	23096
T22882G(S:N440K) T22917A(S:L452Q) T23075C(S:Y505H)	24	5612	0.0042765502494654314	22856	23204
T22882G(S:N440K) T22917G(S:L452R) A23055G(S:Q498R) A23063T(S:N501Y) T23075C(S:Y505H)	24	5612	0.0042765502494654314	22856	23146
T22882G(S:N440K) T22917A(S:L452Q) A23013C(S:E484A) A23040G(S:Q493R) A23055G(S:Q498R) A23063T(S:N501Y) T23075C(S:Y505H)	23	5612	0.004098360655737705	22846	23116
G22775A(S:D405N)	23	2181	0.01054562127464466	22733	22778
G22992A(S:S477N) C22995A(S:T478K) A23013C(S:E484A) A23040G(S:Q493R)	23	11354	0.002025717808701779	22935	23040
T22917A(S:L452Q) G22992A(S:S477N) C22995A(S:T478K) A23013C(S:E484A) T23075C(S:Y505H)	23	8205	0.002803168799512492	22887	23216
T22882G(S:N440K) T22917G(S:L452R) G22992A(S:S477N) C22995A(S:T478K) T23075C(S:Y505H)	23	5612	0.004098360655737705	22859	23211
G21987A(S:G142D) C21997T(S:Y145Y) T22200G(S:V213G)	23	280	0.08214285714285714	21973	22208
T22882G(S:N440K) T22917A(S:L452Q) G22992A(S:S477N) C22995A(S:T478K) A23063T(S:N501Y) T23075C(S:Y505H)	23	5612	0.004098360655737705	22856	23169
G22992A(S:S477N) C22995A(S:T478K)	23	14432	0.001593680709534368	22926	22997
A23013C(S:E484A) A23055G(S:Q498R) A23063T(S:N501Y) T23075C(S:Y505H)	23	11227	0.002048632760309967	23011	23084
A22786C(S:R408S) G22813T(S:K417N) T22882G(S:N440K) T22917G(S:L452R) A23055G(S:Q498R) A23063T(S:N501Y) T23075C(S:Y505H)	23	1729	0.013302486986697512	22784	23116
G22813T(S:K417N) T22882G(S:N440K) T22917A(S:L452Q) G22992A(S:S477N) C22995A(S:T478K) A23013C(S:E484A) T23018G(S:F486V) A23055G(S:Q498R) A23063T(S:N501Y) T23075C(S:Y505H)	23	2669	0.008617459722742601	22811	23075
T22882G(S:N440K) T22917A(S:L452Q) A23063T(S:N501Y) T23075C(S:Y505H)	22	5612	0.003920171062009979	22856	23208
G21987A(S:G142D) T22054G(S:N164K) T22200G(S:V213G)	22	280	0.07857142857142857	21978	22201
A22786C(S:R408S) G22813T(S:K417N) T22882G(S:N440K) T22917A(S:L452Q) A23013C(S:E484A) A23040G(S:Q493R) A23055G(S:Q498R) A23063T(S:N501Y) T23075C(S:Y505H)	22	1729	0.012724117987275883	22785	23116
T22917G(S:L452R) G22992A(S:S477N) C22995A(S:T478K) A23013C(S:E484A) T23018G(S:F486V) T23075C(S:Y505H)	21	8205	0.002559414990859232	22902	23213
T22882G(S:N440K) T22917A(S:L452Q) G22992A(S:S477N) C22995A(S:T478K) A23013C(S:E484A) T23075C(S:Y505H)	21	5612	0.0037419814682822525	22881	23214
T22054G(S:N164K) T22200G(S:V213G)	21	703	0.029871977240398292	22053	22203
A23013C(S:E484A) T23018G(S:F486V) A23040G(S:Q493R) A23055G(S:Q498R) A23063T(S:N501Y) T23075C(S:Y505H)	21	11227	0.0018704907811525786	23009	23116
G22813T(S:K417N) T22882G(S:N440K) T22917G(S:L452R) G22992A(S:S477N) C22995A(S:T478K) A23013C(S:E484A) A23040G(S:Q493R) A23055G(S:Q498R) A23063T(S:N501Y) T23075C(S:Y505H)	21	2669	0.007868115399025852	22811	23076
T22882G(S:N440K) G22992A(S:S477N) C22995A(S:T478K) A23013C(S:E484A) T23018G(S:F486V)	21	8342	0.0025173819228002875	22881	23023
G22813T(S:K417N) T22882G(S:N440K) T22917G(S:L452R) T23075C(S:Y505H)	20	2669	0.007493443237167478	22809	23216
T22882G(S:N440K) G22992A(S:S477N) C22995A(S:T478K) A23013C(S:E484A) T23018G(S:F486V) A23055G(S:Q498R) A23063T(S:N501Y) T23075C(S:Y505H)	20	5612	0.003563791874554526	22881	23081
G23948T(S:D796Y) A24014T	20	4733	0.0042256496936403974	23909	24014
T22882G(S:N440K) T22917G(S:L452R) T23075C(S:Y505H)	20	5612	0.003563791874554526	22846	23202
A22786C(S:R408S) G22813T(S:K417N) T22882G(S:N440K) A23040G(S:Q493R) A23055G(S:Q498R) A23063T(S:N501Y) T23075C(S:Y505H)	20	1729	0.01156737998843262	22782	23096
C21575T(S:L5F) C21618T(S:T19I) (21632,9)(S:DEL25/27) C21721T(S:D53D)	20	1059	0.018885741265344664	21567	21726
G22992A(S:S477N) C22995A(S:T478K) A23013C(S:E484A) T23018G(S:F486V) A23040G(S:Q493R) A23055G(S:Q498R) A23063T(S:N501Y) T23075C(S:Y505H)	18	10396	0.0017314351673720662	22988	23081
C21721T(S:D53D) G21987A(S:G142D)	18	209	0.0861244019138756	21717	21996
T22882G(S:N440K) T22917A(S:L452Q) G22992A(S:S477N) C22995A(S:T478K) A23013C(S:E484A) T23018G(S:F486V) A23055G(S:Q498R) A23063T(S:N501Y)	18	6287	0.002863050739621441	22881	23064
G22813T(S:K417N)	17	7797	0.0021803257663203794	22803	22868
T21570G(S:V3G) C21618T(S:T19I) (21632,9)(S:DEL25/27) G21987A(S:G142D)	17	42	0.40476190476190477	21569	21989
T22084C(S:P174P) T22200G(S:V213G)	17	1245	0.013654618473895583	22080	22243
G22813T(S:K417N) T22882G(S:N440K) T22917G(S:L452R) G22992A(S:S477N) C22995A(S:T478K)	17	4960	0.0034274193548387098	22811	22997
T22917A(S:L452Q) G22992A(S:S477N) C22995A(S:T478K) A23013C(S:E484A) A23055G(S:Q498R) A23063T(S:N501Y) T23075C(S:Y505H)	16	8205	0.0019500304692260815	22914	23149
T22882G(S:N440K) T23075C(S:Y505H)	16	5612	0.002851033499643621	22852	23214
G25278T(S:S1239I) C25350T(S:P1263L)	16	4756	0.00336417157275021	25274	25354
G22578A(S:G339D) C22674T(S:S371F) G22775A(S:D405N) A22786C(S:R408S) G22813T(S:K417N)	16	779	0.02053915275994865	22528	22846
T22882G(S:N440K) T22917G(S:L452R) G22992A(S:S477N)	16	8964	0.00178491744756805	22869	22992
(21632,9)(S:DEL25/27)	15	3053	0.00491320013101867	21631	21671
G22992A(S:S477N) C22995A(S:T478K) A23013C(S:E484A) A23040G(S:Q493R) A23055G(S:Q498R)	15	11334	0.0013234515616728428	22983	23058
A25325G(S:K1255E) C25350T(S:P1263L)	15	6154	0.0024374390640233994	25320	25354
C23854A(S:N764K) G23948T(S:D796Y) A24014T	15	3867	0.003878975950349108	23845	24014
T22882G(S:N440K) T22917G(S:L452R) G22992A(S:S477N) C22995A(S:T478K) A23013C(S:E484A) T23018G(S:F486V) A23040G(S:Q493R) A23055G(S:Q498R) A23063T(S:N501Y) T23075C(S:Y505H)	15	5612	0.0026728439059158947	22881	23075
T22917A(S:L452Q) G22992A(S:S477N) C22995A(S:T478K) A23013C(S:E484A) A23040G(S:Q493R) T23075C(S:Y505H)	15	8205	0.0018281535648994515	22912	23211
G22578A(S:G339D) C22674T(S:S371F) T22679C(S:S373P)	14	2719	0.0051489518205222505	22558	22679
T22882G(S:N440K) T22917G(S:L452R) G22992A(S:S477N) C22995A(S:T478K) A23063T(S:N501Y) T23075C(S:Y505H)	14	5612	0.0024946543121881683	22856	23208
T22882G(S:N440K) A23013C(S:E484A) A23040G(S:Q493R) A23055G(S:Q498R) A23063T(S:N501Y) T23075C(S:Y505H)	14	5612	0.0024946543121881683	22846	23116
G22813T(S:K417N) T22882G(S:N440K) T22917G(S:L452R) A23013C(S:E484A) T23018G(S:F486V) A23055G(S:Q498R) A23063T(S:N501Y) T23075C(S:Y505H)	14	2669	0.005245410266017235	22810	23116
(21764,6)(S:DEL69/70) G21987A(S:G142D) A22056T(S:N165I)	14	144	0.09722222222222222	21753	22060
A22786C(S:R408S) G22813T(S:K417N) T22882G(S:N440K) T22917G(S:L452R) A23013C(S:E484A) T23018G(S:F486V) A23055G(S:Q498R) A23063T(S:N501Y) T23075C(S:Y505H)	14	1729	0.008097165991902834	22784	23094
T22882G(S:N440K) T22917G(S:L452R) A23013C(S:E484A) T23018G(S:F486V) A23055G(S:Q498R) A23063T(S:N501Y) T23075C(S:Y505H)	14	5612	0.0024946543121881683	22845	23146
A25325G(S:K1255E)	14	9108	0.0015371102327624067	25268	25336
(22401,2)(S:DEL281) G22578A(S:G339D) C22674T(S:S371F) T22679C(S:S373P) C22686T(S:S375F) A22688G(S:T376A)	13	352	0.036931818181818184	22397	22704
(22401,2)(S:DEL281) C22674T(S:S371F) T22679C(S:S373P) C22686T(S:S375F) A22688G(S:T376A) G22775A(S:D405N)	13	115	0.11304347826086956	22377	22778
G22813T(S:K417N) T22882G(S:N440K) G22992A(S:S477N) C22995A(S:T478K) A23013C(S:E484A) A23040G(S:Q493R) A23055G(S:Q498R) A23063T(S:N501Y)	13	3111	0.004178720668595307	22811	23065
G22578A(S:G339D) T22679C(S:S373P) C22686T(S:S375F) A22688G(S:T376A) G22775A(S:D405N) A22786C(S:R408S) G22813T(S:K417N)	13	779	0.01668806161745828	22544	22828
C25000T(S:D1146D) T25092C(S:V1177A)	13	15542	0.0008364431862051216	24972	25096
G22992A(S:S477N) C22995A(S:T478K) A23040G(S:Q493R) A23055G(S:Q498R) A23063T(S:N501Y) T23075C(S:Y505H)	13	10396	0.001250480954213159	22984	23075
A23847G(S:Q762R) C23854A(S:N764K) G23948T(S:D796Y)	13	5827	0.0022309936502488414	23845	23982
G22813T(S:K417N) T22882G(S:N440K) T22917A(S:L452Q) A23040G(S:Q493R) A23055G(S:Q498R) A23063T(S:N501Y) T23075C(S:Y505H)	13	2669	0.004870738104158861	22811	23146
T22917G(S:L452R) G22992A(S:S477N) C22995A(S:T478K) A23013C(S:E484A) T23018G(S:F486V) A23063T(S:N501Y) T23075C(S:Y505H)	13	8205	0.0015843997562461913	22903	23208
T22882G(S:N440K) T22917A(S:L452Q) A23055G(S:Q498R) A23063T(S:N501Y) T23075C(S:Y505H)	13	5612	0.002316464718460442	22846	23146
A22786C(S:R408S) G22813T(S:K417N) T22882G(S:N440K) T22917A(S:L452Q) A23063T(S:N501Y) T23075C(S:Y505H)	13	1729	0.007518796992481203	22784	23175
C22995A(S:T478K) A23013C(S:E484A) A23040G(S:Q493R) A23055G(S:Q498R) A23063T(S:N501Y) T23075C(S:Y505H)	13	10478	0.0012406947890818859	22992	23096
T22917A(S:L452Q) G22992A(S:S477N) C22995A(S:T478K) A23013C(S:E484A) A23063T(S:N501Y) T23075C(S:Y505H)	12	8205	0.0014625228519195613	22887	23208
T22882G(S:N440K) G22992A(S:S477N) C22995A(S:T478K) T23075C(S:Y505H)	12	5612	0.0021382751247327157	22861	23214
A23403G(S:D614G) T23599G(S:N679K) C23604A(S:P681H) C23673T(S:S704L)	12	28	0.42857142857142855	23372	23685
G22813T(S:K417N) T22882G(S:N440K) T22917G(S:L452R) A23055G(S:Q498R) A23063T(S:N501Y) T23075C(S:Y505H)	12	2669	0.004496065942300487	22810	23170
T22679C(S:S373P) C22686T(S:S375F) A22688G(S:T376A) G22775A(S:D405N) A22786C(S:R408S) G22813T(S:K417N)	12	1064	0.011278195488721804	22676	22813
A24918G(S:N1119S) C25000T(S:D1146D)	11	10829	0.0010157909317573184	24917	25000
A22786C(S:R408S) G22813T(S:K417N) T22882G(S:N440K) T22917A(S:L452Q) A23040G(S:Q493R) A23055G(S:Q498R) A23063T(S:N501Y) T23075C(S:Y505H)	11	1729	0.006362058993637941	22784	23149
A22786C(S:R408S) G22813T(S:K417N) T22882G(S:N440K) T22917A(S:L452Q) G22992A(S:S477N) C22995A(S:T478K) A23013C(S:E484A) T23018G(S:F486V) A23055G(S:Q498R) A23063T(S:N501Y)	11	2058	0.005344995140913508	22784	23064
G22813T(S:K417N) T22882G(S:N440K) A23013C(S:E484A) A23040G(S:Q493R) A23055G(S:Q498R) A23063T(S:N501Y) T23075C(S:Y505H)	11	2669	0.004121393780442113	22810	23146
A23847G(S:Q762R) C23854A(S:N764K)	11	8422	0.001306103063405367	23762	23854
G22992A(S:S477N) C22995A(S:T478K) A23013C(S:E484A) T23075C(S:Y505H)	10	10396	0.0009619084263178145	22886	23216
G22813T(S:K417N) T22882G(S:N440K) T23075C(S:Y505H)	10	2669	0.003746721618583739	22809	23216
C23525T(S:H655Y) T23599G(S:N679K) C23604A(S:P681H) C23673T(S:S704L)	10	40	0.25	23507	23686
A22786C(S:R408S) G22813T(S:K417N) T22882G(S:N440K) T22917A(S:L452Q) A23055G(S:Q498R) A23063T(S:N501Y) T23075C(S:Y505H)	10	1729	0.00578368999421631	22784	23178
A22786C(S:R408S) G22813T(S:K417N) T22882G(S:N440K) T22917G(S:L452R) A23063T(S:N501Y) T23075C(S:Y505H)	10	1729	0.00578368999421631	22784	23146
G22992A(S:S477N) C22995A(S:T478K) A23013C(S:E484A) A23040G(S:Q493R) A23063T(S:N501Y) T23075C(S:Y505H)	10	10396	0.0009619084263178145	22989	23081
T22917G(S:L452R)	10	13242	0.0007551729346020238	22886	22941
T22882G(S:N440K) T22917G(S:L452R) A23063T(S:N501Y) T23075C(S:Y505H)	10	5612	0.001781895937277263	22846	23208
G22813T(S:K417N) T22882G(S:N440K) T22917A(S:L452Q) A23063T(S:N501Y) T23075C(S:Y505H)	10	2669	0.003746721618583739	22811	23208
