Covariants	Count	Max_count	Freq	Coverage_start	Coverage_end
T24469A(S:N969K)	10932	12399	0.8816840067747399	24468	24486
C21618T(S:T19I) (21632,9)(S:DEL25/27)	8563	15310	0.5593076420640104	21616	21648
C23525T(S:H655Y)	7885	24215	0.325624612843279	23515	23525
A23403G(S:D614G)	6382	25021	0.25506574477438954	23402	23403
A23403G(S:D614G) C23525T(S:H655Y)	4854	17479	0.2777046741804451	23402	23525
(21764,6)(S:DEL69/70)	4747	19567	0.24260234067562733	21760	21779
C23525T(S:H655Y) T23599G(S:N679K) C23604A(S:P681H)	3805	8399	0.45303012263364684	23524	23604
C21618T(S:T19I) (21632,9)(S:DEL25/27) (21764,6)(S:DEL69/70)	2957	9932	0.2977245267821184	21615	21779
A23403G(S:D614G) C23525T(S:H655Y) T23599G(S:N679K) C23604A(S:P681H)	1871	5381	0.34770488756736667	23402	23604
G24557T(S:G999C)	1804	19699	0.0915782527031829	24554	24573
T23599G(S:N679K) C23604A(S:P681H)	1610	9378	0.17167839624653444	23598	23606
A23055G(S:Q498R) A23063T(S:N501Y) T23075C(S:Y505H)	1268	5368	0.23621460506706407	23054	23088
(21764,6)(S:DEL69/70) C21789T(S:T76I)	1265	18731	0.06753510223693343	21756	21789
A23013C(S:E484A) T23018G(S:F486V) A23055G(S:Q498R) A23063T(S:N501Y) T23075C(S:Y505H)	1201	3506	0.3425556189389618	23012	23081
C21618T(S:T19I) (21632,9)(S:DEL25/27) (21764,6)(S:DEL69/70) C21789T(S:T76I)	1066	9419	0.11317549633719079	21615	21789
G22992A(S:S477N) C22995A(S:T478K) A23013C(S:E484A) T23018G(S:F486V) A23055G(S:Q498R) A23063T(S:N501Y) T23075C(S:Y505H)	1053	2149	0.4899953466728711	22989	23075
C23525T(S:H655Y) T23599G(S:N679K)	945	10026	0.09425493716337523	23524	23599
A23403G(S:D614G) T23599G(S:N679K) C23604A(S:P681H)	916	5381	0.17022858204794647	23402	23606
C25000T(S:D1146D)	893	1120	0.7973214285714286	24997	25000
T21580C(S:V6V) C21618T(S:T19I) (21632,9)(S:DEL25/27)	842	7221	0.11660434842819555	21579	21645
A23063T(S:N501Y) T23075C(S:Y505H)	627	6080	0.103125	23062	23116
G22578A(S:G339D)	598	1400	0.42714285714285716	22571	22579
C21789T(S:T76I)	543	20941	0.025929993792082516	21787	21793
A23403G(S:D614G) C23525T(S:H655Y) T23599G(S:N679K)	530	6449	0.0821832842301132	23402	23599
C23525T(S:H655Y) A23535G(S:N658S)	482	22035	0.021874290900839574	23507	23535
T24469A(S:N969K) G24557T(S:G999C)	446	9965	0.044756648268941296	24468	24557
C23854A(S:N764K)	427	770	0.5545454545454546	23825	23854
C22674T(S:S371F) T22679C(S:S373P) C22686T(S:S375F) A22688G(S:T376A)	415	901	0.46059933407325193	22673	22697
A24424T(S:Q954H)	381	1476	0.258130081300813	24420	24424
(21632,9)(S:DEL25/27)	379	15406	0.02460080488121511	21624	21648
T21580C(S:V6V) C21618T(S:T19I) (21632,9)(S:DEL25/27) (21764,6)(S:DEL69/70)	375	3815	0.0982961992136304	21579	21780
G22992A(S:S477N) C22995A(S:T478K) A23013C(S:E484A) T23018G(S:F486V) A23055G(S:Q498R)	340	2324	0.14629948364888123	22978	23058
C21618T(S:T19I) (21632,9)(S:DEL25/27) C21789T(S:T76I)	334	9419	0.03546023994054571	21613	21793
A24424T(S:Q954H) T24469A(S:N969K)	318	1070	0.297196261682243	24420	24470
T23599G(S:N679K) C23604A(S:P681H) C23854A(S:N764K)	315	330	0.9545454545454546	23598	23854
A23403G(S:D614G) C23525T(S:H655Y) A23535G(S:N658S)	306	15660	0.01954022988505747	23402	23536
T23075C(S:Y505H)	305	6424	0.04747820672478207	23074	23149
T23018G(S:F486V) A23055G(S:Q498R) A23063T(S:N501Y) T23075C(S:Y505H)	303	3909	0.07751343054489639	23017	23091
C23525T(S:H655Y) A23535G(S:N658S) T23599G(S:N679K) C23604A(S:P681H)	291	8399	0.03464698178354566	23524	23605
G21987A(S:G142D)	289	527	0.5483870967741935	21979	21987
G22992A(S:S477N) C22995A(S:T478K) A23013C(S:E484A) T23018G(S:F486V) A23055G(S:Q498R) A23063T(S:N501Y)	281	2307	0.12180320762895536	22988	23063
T22200G(S:V213G)	258	445	0.5797752808988764	22199	22200
C21618T(S:T19I)	251	15575	0.016115569823434994	21541	21618
G21770A(S:V70I)	202	20244	0.009978265164987156	21769	21851
C23286T(S:A575V)	198	17217	0.01150026136957658	23242	23288
(21632,9)(S:DEL25/27) (21764,6)(S:DEL69/70)	194	10005	0.01939030484757621	21620	21780
T22882G(S:N440K) T22917G(S:L452R)	193	946	0.2040169133192389	22881	22920
C21618T(S:T19I) (21632,9)(S:DEL25/27) G21770A(S:V70I)	166	9932	0.01671365283930729	21615	21869
G25424T(ORF3a:G11V)	159	2149	0.07398790134946487	25357	25424
C23127T(S:A522V)	146	7659	0.019062540801671236	23126	23175
A23403G(S:D614G) C23525T(S:H655Y) A23535G(S:N658S) T23599G(S:N679K) C23604A(S:P681H)	145	5381	0.02694666418881249	23402	23605
G22578A(S:G339D) C22674T(S:S371F) T22679C(S:S373P) C22686T(S:S375F) A22688G(S:T376A)	143	742	0.192722371967655	22575	22697
G22775A(S:D405N)	134	362	0.3701657458563536	22697	22779
A22786C(S:R408S) G22813T(S:K417N)	125	487	0.25667351129363447	22784	22860
G21987A(S:G142D) T22200G(S:V213G)	113	159	0.710691823899371	21980	22200
T24469A(S:N969K) G24510T(S:R983L)	106	12225	0.00867075664621677	24461	24516
T21580C(S:V6V) C21618T(S:T19I) (21632,9)(S:DEL25/27) (21764,6)(S:DEL69/70) C21789T(S:T76I)	94	3601	0.026103860038878088	21579	21791
(21764,6)(S:DEL69/70) G21770A(S:V70I)	94	19567	0.004804006746052026	21756	21869
G23948T(S:D796Y)	81	87	0.9310344827586207	23947	23963
A23535G(S:N658S) T23599G(S:N679K) C23604A(S:P681H)	78	8536	0.009137769447047797	23527	23607
G22813T(S:K417N) T22882G(S:N440K)	78	609	0.12807881773399016	22811	22883
T24469A(S:N969K) C24503A(S:L981I)	77	12290	0.0062652563059397886	24461	24507
G22992A(S:S477N) C22995A(S:T478K) A23013C(S:E484A) T23018G(S:F486V)	74	2528	0.029272151898734177	22978	23018
C23525T(S:H655Y) A23535G(S:N658S) T23599G(S:N679K)	74	10026	0.007380809894274885	23516	23599
C23248T(S:F562F)	71	6455	0.010999225406661503	23242	23252
A23403G(S:D614G) A23535G(S:N658S) T23599G(S:N679K) C23604A(S:P681H)	66	5381	0.01226537818249396	23401	23607
A22786C(S:R408S) G22813T(S:K417N) T22882G(S:N440K) T22917G(S:L452R)	66	318	0.20754716981132076	22784	22921
A23055G(S:Q498R) A23063T(S:N501Y) T23075C(S:Y505H) C23127T(S:A522V)	63	4113	0.015317286652078774	23054	23140
(21632,9)(S:DEL25/27) (21764,6)(S:DEL69/70) C21789T(S:T76I)	60	9489	0.006323110970597534	21620	21793
A24424T(S:Q954H) T24469A(S:N969K) C24503A(S:L981I)	55	961	0.05723204994797086	24420	24506
T22917G(S:L452R) G22992A(S:S477N) C22995A(S:T478K)	53	850	0.06235294117647059	22916	22997
T22882G(S:N440K) T22917G(S:L452R) G22992A(S:S477N) C22995A(S:T478K)	50	635	0.07874015748031496	22881	22997
A22786C(S:R408S) G22813T(S:K417N) T22882G(S:N440K)	48	367	0.1307901907356948	22785	22882
T23599G(S:N679K)	48	11005	0.0043616537937301225	23579	23599
G21770A(S:V70I) C21789T(S:T76I)	47	19408	0.002421681780708986	21769	21861
A23055G(S:Q498R) A23063T(S:N501Y) T23075C(S:Y505H) C23286T(S:A575V)	44	1992	0.02208835341365462	23050	23288
T22882G(S:N440K) T22917G(S:L452R) G22992A(S:S477N) C22995A(S:T478K) A23013C(S:E484A) T23018G(S:F486V)	43	438	0.09817351598173515	22881	23018
C22674T(S:S371F) T22679C(S:S373P) C22686T(S:S375F) A22688G(S:T376A) G22775A(S:D405N)	41	286	0.14335664335664336	22641	22778
C22686T(S:S375F) A22688G(S:T376A) G22775A(S:D405N)	40	312	0.1282051282051282	22682	22779
G22578A(S:G339D) G22775A(S:D405N)	40	235	0.1702127659574468	22571	22779
A23403G(S:D614G) C23525T(S:H655Y) A23535G(S:N658S) T23599G(S:N679K)	40	6449	0.0062025120173670335	23401	23601
G22813T(S:K417N) T22882G(S:N440K) T22917G(S:L452R)	39	485	0.08041237113402062	22811	22921
A23063T(S:N501Y) T23075C(S:Y505H) C23127T(S:A522V)	39	4825	0.008082901554404146	23060	23146
C22995A(S:T478K) A23013C(S:E484A) T23018G(S:F486V) A23055G(S:Q498R) A23063T(S:N501Y) T23075C(S:Y505H)	36	2337	0.01540436456996149	22994	23086
T22917G(S:L452R)	36	1192	0.030201342281879196	22894	22957
C21618T(S:T19I) (21632,9)(S:DEL25/27) G21770A(S:V70I) C21789T(S:T76I)	35	9419	0.003715893406943412	21603	21869
A22786C(S:R408S) G22813T(S:K417N) T22917G(S:L452R) G22992A(S:S477N) C22995A(S:T478K)	34	234	0.1452991452991453	22778	22997
T22917G(S:L452R) G22992A(S:S477N) C22995A(S:T478K) A23013C(S:E484A) T23018G(S:F486V) A23055G(S:Q498R) A23063T(S:N501Y) T23075C(S:Y505H)	33	365	0.09041095890410959	22916	23075
A23040G(S:Q493R) A23055G(S:Q498R) A23063T(S:N501Y) T23075C(S:Y505H)	33	4811	0.006859280814799418	23035	23116
T22917G(S:L452R) G22992A(S:S477N) C22995A(S:T478K) A23013C(S:E484A)	32	661	0.048411497730711045	22916	23014
T22882G(S:N440K) T22917G(S:L452R) A23013C(S:E484A) T23018G(S:F486V) A23055G(S:Q498R) A23063T(S:N501Y) T23075C(S:Y505H)	32	283	0.11307420494699646	22881	23091
A22786C(S:R408S) G22813T(S:K417N) G22992A(S:S477N) C22995A(S:T478K) A23013C(S:E484A) T23018G(S:F486V)	31	157	0.19745222929936307	22778	23018
A23063T(S:N501Y) T23075C(S:Y505H) C23286T(S:A575V)	31	2397	0.012932832707551106	23060	23288
G22813T(S:K417N) T22882G(S:N440K) T22917G(S:L452R) G22992A(S:S477N) C22995A(S:T478K)	31	362	0.0856353591160221	22810	22997
T22882G(S:N440K) T22917G(S:L452R) G22992A(S:S477N) C22995A(S:T478K) A23013C(S:E484A) T23018G(S:F486V) A23055G(S:Q498R) A23063T(S:N501Y) T23075C(S:Y505H)	28	283	0.0989399293286219	22881	23075
G22992A(S:S477N) C22995A(S:T478K) A23013C(S:E484A) T23018G(S:F486V) A23055G(S:Q498R) A23063T(S:N501Y) T23075C(S:Y505H) C23286T(S:A575V)	27	591	0.04568527918781726	22989	23286
T22917G(S:L452R) G22992A(S:S477N) C22995A(S:T478K) A23013C(S:E484A) T23018G(S:F486V)	27	566	0.04770318021201413	22916	23018
T22882G(S:N440K) T22917G(S:L452R) G22992A(S:S477N) C22995A(S:T478K) A23013C(S:E484A)	26	497	0.052313883299798795	22880	23013
(21764,6)(S:DEL69/70) G21770A(S:V70I) C21789T(S:T76I)	26	18731	0.001388073247557525	21753	21869
C21618T(S:T19I) (21632,9)(S:DEL25/27) A21766C(S:I68I)	25	9982	0.0025045081146062914	21613	21766
A23013C(S:E484A) T23018G(S:F486V) A23055G(S:Q498R) A23063T(S:N501Y) T23075C(S:Y505H) C23286T(S:A575V)	25	1076	0.023234200743494422	23006	23288
A23055G(S:Q498R) A23063T(S:N501Y) T23075C(S:Y505H) C23248T(S:F562F)	25	2588	0.009659969088098918	23052	23252
A23403G(S:D614G) T23599G(S:N679K)	23	6449	0.0035664444099860445	23400	23599
T22882G(S:N440K) T22917G(S:L452R) A23055G(S:Q498R) A23063T(S:N501Y) T23075C(S:Y505H)	22	283	0.07773851590106007	22881	23116
A22786C(S:R408S) G22813T(S:K417N) A23013C(S:E484A) T23018G(S:F486V) A23055G(S:Q498R) A23063T(S:N501Y) T23075C(S:Y505H)	22	99	0.2222222222222222	22778	23091
A22786C(S:R408S) G22813T(S:K417N) A23055G(S:Q498R) A23063T(S:N501Y) T23075C(S:Y505H)	22	99	0.2222222222222222	22778	23116
A23535G(S:N658S)	22	22172	0.0009922424679776295	23477	23536
T23075C(S:Y505H) C23127T(S:A522V)	21	5169	0.004062681369704005	23072	23211
G22992A(S:S477N) C22995A(S:T478K) A23013C(S:E484A) T23018G(S:F486V) A23055G(S:Q498R) T23075C(S:Y505H)	20	2149	0.009306654257794323	22988	23116
A23055G(S:Q498R) T23075C(S:Y505H)	20	5368	0.0037257824143070045	23048	23119
G22578A(S:G339D) C22674T	20	774	0.025839793281653745	22573	22674
G22813T(S:K417N) T22882G(S:N440K) G22992A(S:S477N) C22995A(S:T478K) A23013C(S:E484A) T23018G(S:F486V)	19	241	0.07883817427385892	22811	23023
G22442T(S:D294Y) C22674T(S:S371F) T22679C(S:S373P) C22686T(S:S375F) A22688G(S:T376A)	19	427	0.04449648711943794	22438	22706
T21580C(S:V6V) C21618T(S:T19I) (21632,9)(S:DEL25/27) G21770A(S:V70I)	19	3815	0.004980340760157274	21579	21869
A23013C(S:E484A) T23018G(S:F486V) A23055G(S:Q498R) T23075C(S:Y505H)	19	3506	0.005419281232173417	23009	23091
T21580C(S:V6V) (21632,9)(S:DEL25/27)	19	7221	0.002631214513225315	21577	21655
A22786C(S:R408S) G22813T(S:K417N) G22992A(S:S477N) C22995A(S:T478K) A23013C(S:E484A) T23018G(S:F486V) A23055G(S:Q498R) A23063T(S:N501Y) T23075C(S:Y505H)	18	99	0.18181818181818182	22778	23075
A21766C(S:I68I)	18	19673	0.0009149595892848066	21669	21766
A25235T(S:I1225F)	18	4831	0.0037259366590767957	25230	25239
A23040G(S:Q493R) A23055G(S:Q498R) A23063T(S:N501Y) T23075C(S:Y505H) C23248T(S:F562F)	18	2194	0.008204193254329991	23032	23290
A22786C(S:R408S) G22813T(S:K417N) T22917G(S:L452R) G22992A(S:S477N) C22995A(S:T478K) A23013C(S:E484A)	17	180	0.09444444444444444	22778	23014
A24424T(S:Q954H) T24469A(S:N969K) G24510T(S:R983L)	17	896	0.018973214285714284	24420	24510
G22772T(S:G404C) G22775A(S:D405N)	17	362	0.04696132596685083	22697	22779
(22120,'A')(S:INS187) T22200G(S:V213G)	16	320	0.05	22117	22201
G24728A(S:A1056T)	15	19045	0.0007876082961407193	24713	24732
T22882G(S:N440K) T22917G(S:L452R) G22992A(S:S477N) C22995A(S:T478K) A23013C(S:E484A) T23018G(S:F486V) A23055G(S:Q498R) A23063T(S:N501Y)	15	329	0.04559270516717325	22881	23067
G22992A(S:S477N) C22995A(S:T478K) A23013C(S:E484A) A23040G(S:Q493R) A23055G(S:Q498R) A23063T(S:N501Y) T23075C(S:Y505H)	15	2149	0.006979990693345742	22988	23076
G22442T(S:D294Y) G22578A(S:G339D)	15	854	0.01756440281030445	22437	22608
G22813T(S:K417N) T22882G(S:N440K) G22992A(S:S477N) C22995A(S:T478K) A23013C(S:E484A) T23018G(S:F486V) A23055G(S:Q498R) A23063T(S:N501Y) T23075C(S:Y505H)	14	149	0.09395973154362416	22809	23081
T21580C(S:V6V) C21618T(S:T19I) (21632,9)(S:DEL25/27) C21789T(S:T76I)	14	3601	0.0038878089419605664	21577	21793
A23403G(S:D614G) A23535G(S:N658S)	14	15660	0.0008939974457215837	23401	23541
G22992A(S:S477N) C22995A(S:T478K) A23013C(S:E484A) T23018G(S:F486V) A23055G(S:Q498R) A23063T(S:N501Y) T23075C(S:Y505H) C23127T(S:A522V)	13	1357	0.009579955784819455	22989	23149
(22120,'A')(S:INS187)	13	492	0.026422764227642278	22080	22147
G22992A(S:S477N) C22995A(S:T478K) A23013C(S:E484A) A23040G(S:Q493R) A23055G(S:Q498R) A23063T(S:N501Y) T23075C(S:Y505H) C23248T(S:F562F)	13	782	0.016624040920716114	22988	23276
G21987A(S:G142D) (22120,'A')(S:INS187)	13	280	0.04642857142857143	21948	22128
A22786C(S:R408S) G22813T(S:K417N) T22882G(S:N440K) T22917G(S:L452R) G22992A(S:S477N) C22995A(S:T478K)	13	234	0.05555555555555555	22784	22997
G22813T(S:K417N) T22882G(S:N440K) G22992A(S:S477N) C22995A(S:T478K) A23013C(S:E484A) T23018G(S:F486V) A23055G(S:Q498R) A23063T(S:N501Y)	12	178	0.06741573033707865	22811	23064
T22917G(S:L452R) A23055G(S:Q498R) A23063T(S:N501Y) T23075C(S:Y505H)	12	365	0.03287671232876712	22886	23116
A22786C(S:R408S) G22813T(S:K417N) G22992A(S:S477N) C22995A(S:T478K) A23013C(S:E484A) T23018G(S:F486V) A23055G(S:Q498R) A23063T(S:N501Y)	12	115	0.10434782608695652	22778	23067
G22442T(S:D294Y)	11	1064	0.010338345864661654	22438	22524
G22813T(S:K417N) T22882G(S:N440K) A23055G(S:Q498R) A23063T(S:N501Y) T23075C(S:Y505H)	11	149	0.0738255033557047	22811	23116
G24558A(S:G999D)	11	19696	0.0005584890333062551	24554	24593
A23013C(S:E484A) A23040G(S:Q493R) A23055G(S:Q498R) A23063T(S:N501Y) T23075C(S:Y505H)	11	3506	0.0031374786081003994	23006	23088
C23525T(S:H655Y) C23604A(S:P681H)	11	8399	0.00130967972377664	23524	23605
A23063T(S:N501Y) T23075C(S:Y505H) C23248T(S:F562F)	10	3085	0.0032414910858995136	23058	23282
T23075C(S:Y505H) C23286T(S:A575V)	10	2586	0.0038669760247486465	23072	23288
C23604A(S:P681H)	10	9379	0.0010662117496534813	23579	23607
G22813T(S:K417N) T22882G(S:N440K) A23013C(S:E484A) T23018G(S:F486V) A23055G(S:Q498R) A23063T(S:N501Y) T23075C(S:Y505H)	10	149	0.06711409395973154	22809	23091
G22442T(S:D294Y) G22775A(S:D405N)	10	131	0.07633587786259542	22438	22781
