REGION	POS	REF	ALT	REF_DP	REF_RV	REF_QUAL	ALT_DP	ALT_RV	ALT_QUAL	ALT_FREQ	TOTAL_DP	PVAL	PASS	GFF_FEATURE	REF_CODON	REF_AA	ALT_CODON	ALT_AA	POS_AA
NC_045512.2	862	G	A	4	4	48	1	0	39	0.2	5	0.555556	FALSE	NA	NA	NA	NA	NA	NA
NC_045512.2	1135	G	-A	38	7	42	1	0	20	0.0263158	38	0.513158	FALSE	NA	NA	NA	NA	NA	NA
NC_045512.2	1987	A	G	210	0	38	1	0	39	0.00473934	211	0.501188	FALSE	NA	NA	NA	NA	NA	NA
NC_045512.2	2011	T	A	334	30	43	1	0	39	0.00298507	335	0.500747	FALSE	NA	NA	NA	NA	NA	NA
NC_045512.2	3623	C	A	41	28	43	1	1	30	0.0238095	42	0.506024	FALSE	NA	NA	NA	NA	NA	NA
NC_045512.2	3624	C	A	42	28	44	1	1	37	0.0232558	43	0.505882	FALSE	NA	NA	NA	NA	NA	NA
NC_045512.2	4184	G	A	0	0	0	3	2	39	1	3	0.1	FALSE	NA	NA	NA	NA	NA	NA
NC_045512.2	4877	A	T	57	57	38	1	1	39	0.0172414	58	0.504348	FALSE	NA	NA	NA	NA	NA	NA
NC_045512.2	5385	C	T	113	5	40	1	0	39	0.00877193	114	0.502203	FALSE	NA	NA	NA	NA	NA	NA
NC_045512.2	5719	T	C	111	19	47	1	0	39	0.00892857	112	0.502242	FALSE	NA	NA	NA	NA	NA	NA
NC_045512.2	5736	C	G	99	25	40	1	0	38	0.01	100	0.502513	FALSE	NA	NA	NA	NA	NA	NA
NC_045512.2	5756	T	C	118	47	43	1	0	78	0.00840336	119	0.50211	FALSE	NA	NA	NA	NA	NA	NA
NC_045512.2	6979	T	G	10	8	54	3	3	38	0.230769	13	0.124348	FALSE	NA	NA	NA	NA	NA	NA
NC_045512.2	7542	T	C	64	4	42	1	0	38	0.0153846	65	0.503876	FALSE	NA	NA	NA	NA	NA	NA
NC_045512.2	8170	A	G	9	1	38	1	0	33	0.1	10	0.526316	FALSE	NA	NA	NA	NA	NA	NA
NC_045512.2	9616	T	A	139	1	39	1	0	39	0.00714286	140	0.501792	FALSE	NA	NA	NA	NA	NA	NA
NC_045512.2	11251	T	C	193	181	42	2	2	39	0.0102564	195	0.250643	FALSE	NA	NA	NA	NA	NA	NA
NC_045512.2	11263	G	A	114	106	41	1	1	39	0.00869565	115	0.502183	FALSE	NA	NA	NA	NA	NA	NA
NC_045512.2	11471	C	-T	182	50	45	1	0	20	0.00549451	182	0.753428	FALSE	NA	NA	NA	NA	NA	NA
NC_045512.2	11549	T	C	216	205	39	1	1	38	0.00460829	217	0.501155	FALSE	NA	NA	NA	NA	NA	NA
NC_045512.2	12160	G	A	0	0	0	7	7	38	1	7	0.000582751	TRUE	NA	NA	NA	NA	NA	NA
NC_045512.2	12994	T	C	313	16	40	1	0	39	0.00318471	314	0.500797	FALSE	NA	NA	NA	NA	NA	NA
NC_045512.2	13078	T	C	149	115	40	5	4	39	0.0324675	154	0.0307361	FALSE	NA	NA	NA	NA	NA	NA
NC_045512.2	13963	T	C	35	20	37	1	1	38	0.0277778	36	0.507042	FALSE	NA	NA	NA	NA	NA	NA
NC_045512.2	14010	A	T	42	42	38	1	1	39	0.0232558	43	0.505882	FALSE	NA	NA	NA	NA	NA	NA
NC_045512.2	14206	C	T	32	4	43	1	0	37	0.030303	33	0.507692	FALSE	NA	NA	NA	NA	NA	NA
NC_045512.2	14580	G	A	67	64	39	1	1	38	0.0147059	68	0.503704	FALSE	NA	NA	NA	NA	NA	NA
NC_045512.2	15714	C	T	0	0	0	55	32	40	1	55	2.0299e-32	TRUE	NA	NA	NA	NA	NA	NA
NC_045512.2	15742	A	T	322	81	39	1	0	37	0.00309598	323	0.500775	FALSE	NA	NA	NA	NA	NA	NA
NC_045512.2	15814	G	T	73	71	37	1	1	31	0.0135135	74	0.503401	FALSE	NA	NA	NA	NA	NA	NA
NC_045512.2	16048	A	T	214	42	39	1	0	39	0.00465116	215	0.501166	FALSE	NA	NA	NA	NA	NA	NA
NC_045512.2	16083	T	A	194	173	39	1	1	30	0.00512821	195	0.501285	FALSE	NA	NA	NA	NA	NA	NA
NC_045512.2	16278	A	G	104	6	41	1	0	33	0.00952381	105	0.502392	FALSE	NA	NA	NA	NA	NA	NA
NC_045512.2	16346	C	T	93	75	45	1	1	39	0.0106383	94	0.502674	FALSE	NA	NA	NA	NA	NA	NA
NC_045512.2	16376	C	T	14	14	38	1	1	39	0.0666667	15	0.517241	FALSE	NA	NA	NA	NA	NA	NA
NC_045512.2	16616	C	A	43	26	41	3	0	38	0.0652174	46	0.124954	FALSE	NA	NA	NA	NA	NA	NA
NC_045512.2	16665	G	A	28	27	38	2	2	39	0.0666667	30	0.254237	FALSE	NA	NA	NA	NA	NA	NA
NC_045512.2	17002	C	T	1	1	39	1	1	39	0.5	2	0.666667	FALSE	NA	NA	NA	NA	NA	NA
NC_045512.2	17410	C	T	0	0	0	1	1	39	1	1	1	FALSE	NA	NA	NA	NA	NA	NA
NC_045512.2	18802	A	G	69	60	42	1	1	39	0.0142857	70	0.503597	FALSE	NA	NA	NA	NA	NA	NA
NC_045512.2	19017	C	T	41	2	40	1	0	39	0.0238095	42	0.506024	FALSE	NA	NA	NA	NA	NA	NA
NC_045512.2	20242	C	T	85	2	42	1	0	39	0.0116279	86	0.502924	FALSE	NA	NA	NA	NA	NA	NA
NC_045512.2	20310	T	C	72	41	43	2	2	38	0.027027	74	0.251701	FALSE	NA	NA	NA	NA	NA	NA
NC_045512.2	20365	C	T	75	75	38	1	1	39	0.0131579	76	0.503311	FALSE	NA	NA	NA	NA	NA	NA
NC_045512.2	20368	C	A	72	72	38	1	1	37	0.0136986	73	0.503448	FALSE	NA	NA	NA	NA	NA	NA
NC_045512.2	20632	G	A	61	56	45	1	1	39	0.016129	62	0.504065	FALSE	NA	NA	NA	NA	NA	NA
NC_045512.2	21770	G	A	0	0	0	5	5	38	1	5	0.00793651	TRUE	NA	NA	NA	NA	NA	NA
NC_045512.2	23329	A	G	0	0	0	1	0	38	1	1	1	FALSE	NA	NA	NA	NA	NA	NA
NC_045512.2	23403	A	G	0	0	0	33	11	39	1	33	2.7703e-19	TRUE	NA	NA	NA	NA	NA	NA
NC_045512.2	24602	A	G	72	42	42	1	0	39	0.0136986	73	0.503448	FALSE	NA	NA	NA	NA	NA	NA
NC_045512.2	24955	A	G	23	23	38	1	1	38	0.0416667	24	0.510638	FALSE	NA	NA	NA	NA	NA	NA
NC_045512.2	25198	G	-C	79	1	38	1	0	20	0.0126582	79	0.506329	FALSE	NA	NA	NA	NA	NA	NA
NC_045512.2	25288	T	C	46	39	40	1	0	23	0.0212766	47	0.505376	FALSE	NA	NA	NA	NA	NA	NA
NC_045512.2	25546	C	T	5	5	45	2	2	38	0.285714	7	0.269231	FALSE	NA	NA	NA	NA	NA	NA
NC_045512.2	26206	A	C	323	294	43	1	1	27	0.00308642	324	0.938464	FALSE	NA	NA	NA	NA	NA	NA
NC_045512.2	26709	G	A	0	0	0	1	0	39	1	1	1	FALSE	NA	NA	NA	NA	NA	NA
NC_045512.2	27385	T	-A	235	205	41	1	0	20	0.00425532	235	0.877385	FALSE	NA	NA	NA	NA	NA	NA
NC_045512.2	27386	A	T	262	237	40	1	1	39	0.00380228	263	0.5	FALSE	NA	NA	NA	NA	NA	NA
NC_045512.2	27415	G	A	119	119	38	1	1	39	0.00833333	120	0.502092	FALSE	NA	NA	NA	NA	NA	NA
NC_045512.2	27596	C	A	26	3	40	1	0	39	0.037037	27	0.509434	FALSE	NA	NA	NA	NA	NA	NA
NC_045512.2	27807	C	T	0	0	0	2	2	38	1	2	0.333333	FALSE	NA	NA	NA	NA	NA	NA
NC_045512.2	27889	C	T	102	81	40	269	227	40	0.725067	371	1.28249e-116	TRUE	NA	NA	NA	NA	NA	NA
NC_045512.2	27922	T	A	211	113	40	1	0	39	0.00471698	212	0.501182	FALSE	NA	NA	NA	NA	NA	NA
NC_045512.2	27944	C	A	393	358	42	1	1	33	0.00253807	394	0.500635	FALSE	NA	NA	NA	NA	NA	NA
NC_045512.2	28140	T	C	611	5	39	1	0	37	0.00163399	612	0.500409	FALSE	NA	NA	NA	NA	NA	NA
NC_045512.2	28161	T	C	837	41	39	3	0	38	0.00357143	840	0.125	FALSE	NA	NA	NA	NA	NA	NA
NC_045512.2	28239	G	A	1026	939	39	2	2	39	0.00194553	1028	0.500365	FALSE	NA	NA	NA	NA	NA	NA
NC_045512.2	28271	A	T	0	0	0	219	217	38	1	219	7.39498e-131	TRUE	NA	NA	NA	NA	NA	NA
NC_045512.2	28311	C	T	0	0	0	1	0	39	1	1	1	FALSE	NA	NA	NA	NA	NA	NA
NC_045512.2	28330	A	G	33	2	40	4	0	36	0.108108	37	0.0606791	FALSE	NA	NA	NA	NA	NA	NA
NC_045512.2	28363	A	T	0	0	0	22	0	37	1	22	9.50526e-13	TRUE	NA	NA	NA	NA	NA	NA
NC_045512.2	28370	A	G	0	0	0	11	1	38	1	11	2.83514e-06	TRUE	NA	NA	NA	NA	NA	NA
NC_045512.2	28411	C	T	123	81	42	1	1	39	0.00806452	124	0.502024	FALSE	NA	NA	NA	NA	NA	NA
NC_045512.2	28649	A	G	108	6	39	1	0	39	0.00917431	109	0.502304	FALSE	NA	NA	NA	NA	NA	NA
NC_045512.2	28681	G	T	178	40	44	21	3	38	0.105528	199	2.88535e-07	TRUE	NA	NA	NA	NA	NA	NA
NC_045512.2	28696	A	-C	115	66	39	1	0	20	0.00869565	115	0.755421	FALSE	NA	NA	NA	NA	NA	NA
NC_045512.2	28975	G	T	73	14	44	1	0	38	0.0135135	74	0.503401	FALSE	NA	NA	NA	NA	NA	NA
NC_045512.2	28990	A	G	103	19	44	5	0	33	0.0462963	108	0.0305131	FALSE	NA	NA	NA	NA	NA	NA
NC_045512.2	29037	C	A	62	37	39	1	0	39	0.015873	63	0.504	FALSE	NA	NA	NA	NA	NA	NA
NC_045512.2	29355	A	G	114	54	41	1	1	35	0.00869565	115	0.502183	FALSE	NA	NA	NA	NA	NA	NA
NC_045512.2	29510	A	C	0	0	0	1	1	38	1	1	1	FALSE	NA	NA	NA	NA	NA	NA
NC_045512.2	29614	C	T	48	10	43	5	1	46	0.0943396	53	0.029719	FALSE	NA	NA	NA	NA	NA	NA
NC_045512.2	29666	C	T	60	52	51	4	2	38	0.0625	64	0.0614803	FALSE	NA	NA	NA	NA	NA	NA
