REGION	POS	REF	ALT	REF_DP	REF_RV	REF_QUAL	ALT_DP	ALT_RV	ALT_QUAL	ALT_FREQ	TOTAL_DP	PVAL	PASS	GFF_FEATURE	REF_CODON	REF_AA	ALT_CODON	ALT_AA	POS_AA
NC_045512.2	5505	T	C	11	11	38	1	1	37	0.0833333	12	0.521739	FALSE	NA	NA	NA	NA	NA	NA
NC_045512.2	10559	A	T	46	5	38	1	0	39	0.0212766	47	0.505376	FALSE	NA	NA	NA	NA	NA	NA
NC_045512.2	11468	G	-CT	14	3	40	11	0	20	0.785714	14	0.00370424	TRUE	NA	NA	NA	NA	NA	NA
NC_045512.2	11471	C	T	12	2	36	1	1	37	0.0769231	13	0.52	FALSE	NA	NA	NA	NA	NA	NA
NC_045512.2	12160	G	A	0	0	0	3	2	39	1	3	0.1	FALSE	NA	NA	NA	NA	NA	NA
NC_045512.2	12169	T	C	9	7	38	1	1	31	0.1	10	0.526316	FALSE	NA	NA	NA	NA	NA	NA
NC_045512.2	13011	C	T	11	2	45	3	0	38	0.214286	14	0.124444	FALSE	NA	NA	NA	NA	NA	NA
NC_045512.2	15714	C	T	0	0	0	25	18	38	1	25	1.58215e-14	TRUE	NA	NA	NA	NA	NA	NA
NC_045512.2	16895	A	G	97	18	39	1	0	37	0.0102041	98	0.502564	FALSE	NA	NA	NA	NA	NA	NA
NC_045512.2	17410	C	T	0	0	0	1	1	37	1	1	1	FALSE	NA	NA	NA	NA	NA	NA
NC_045512.2	19083	G	T	6	3	38	1	0	39	0.142857	7	0.538462	FALSE	NA	NA	NA	NA	NA	NA
NC_045512.2	19138	T	C	25	25	38	1	1	37	0.0384615	26	0.509804	FALSE	NA	NA	NA	NA	NA	NA
NC_045512.2	20365	C	T	27	27	38	1	1	39	0.0357143	28	0.509091	FALSE	NA	NA	NA	NA	NA	NA
NC_045512.2	21766	A	C	0	0	0	2	2	38	1	2	0.333333	FALSE	NA	NA	NA	NA	NA	NA
NC_045512.2	21770	G	A	0	0	0	2	2	37	1	2	0.333333	FALSE	NA	NA	NA	NA	NA	NA
NC_045512.2	22674	C	T	0	0	0	1	1	36	1	1	1	FALSE	NA	NA	NA	NA	NA	NA
NC_045512.2	23403	A	G	0	0	0	16	5	38	1	16	3.32734e-09	TRUE	NA	NA	NA	NA	NA	NA
NC_045512.2	23409	A	T	12	5	38	1	0	33	0.0769231	13	0.52	FALSE	NA	NA	NA	NA	NA	NA
NC_045512.2	25863	T	C	40	19	41	1	1	39	0.0243902	41	0.506173	FALSE	NA	NA	NA	NA	NA	NA
NC_045512.2	26202	T	C	45	43	45	1	1	39	0.0217391	46	0.505495	FALSE	NA	NA	NA	NA	NA	NA
NC_045512.2	26791	T	C	20	12	40	1	1	38	0.047619	21	0.512195	FALSE	NA	NA	NA	NA	NA	NA
NC_045512.2	27038	A	G	5	1	45	1	0	38	0.166667	6	0.545455	FALSE	NA	NA	NA	NA	NA	NA
NC_045512.2	27327	G	T	104	46	43	8	4	38	0.0714286	112	0.00355939	TRUE	NA	NA	NA	NA	NA	NA
NC_045512.2	27399	A	G	74	67	41	7	7	38	0.0864198	81	0.00713356	TRUE	NA	NA	NA	NA	NA	NA
NC_045512.2	27889	C	T	1	1	38	112	96	40	0.99115	113	3.95297e-65	TRUE	NA	NA	NA	NA	NA	NA
NC_045512.2	27914	A	G	115	90	39	1	0	39	0.00862069	116	0.502165	FALSE	NA	NA	NA	NA	NA	NA
NC_045512.2	28253	C	-A	64	62	42	2	0	20	0.03125	64	0.259811	FALSE	NA	NA	NA	NA	NA	NA
NC_045512.2	28271	A	T	0	0	0	38	38	38	1	38	2.90165e-22	TRUE	NA	NA	NA	NA	NA	NA
NC_045512.2	28363	A	T	0	0	0	10	1	37	1	10	1.08251e-05	TRUE	NA	NA	NA	NA	NA	NA
NC_045512.2	28370	A	G	0	0	0	1	0	39	1	1	1	FALSE	NA	NA	NA	NA	NA	NA
NC_045512.2	28371	G	T	12	10	37	2	0	38	0.142857	14	0.259259	FALSE	NA	NA	NA	NA	NA	NA
NC_045512.2	28391	C	T	81	42	46	1	1	38	0.0121951	82	0.503067	FALSE	NA	NA	NA	NA	NA	NA
NC_045512.2	28681	G	T	121	23	46	28	8	41	0.187919	149	1.01409e-09	TRUE	NA	NA	NA	NA	NA	NA
NC_045512.2	28762	A	T	165	163	39	1	1	39	0.0060241	166	0.501511	FALSE	NA	NA	NA	NA	NA	NA
NC_045512.2	29280	C	T	203	6	39	1	0	39	0.00490196	204	0.501229	FALSE	NA	NA	NA	NA	NA	NA
