NC_045512.2	1	A	0
NC_045512.2	2	T	0
NC_045512.2	3	T	0
NC_045512.2	4	A	0
NC_045512.2	5	A	0
NC_045512.2	6	A	0
NC_045512.2	7	G	0
NC_045512.2	8	G	0
NC_045512.2	9	T	0
NC_045512.2	10	T	0
NC_045512.2	11	T	0
NC_045512.2	12	A	0
NC_045512.2	13	T	0
NC_045512.2	14	A	0
NC_045512.2	15	C	0
NC_045512.2	16	C	0
NC_045512.2	17	T	0
NC_045512.2	18	T	0
NC_045512.2	19	C	0
NC_045512.2	20	C	0
NC_045512.2	21	C	0
NC_045512.2	22	A	0
NC_045512.2	23	G	0
NC_045512.2	24	G	0
NC_045512.2	25	T	0
NC_045512.2	26	A	0
NC_045512.2	27	A	0
NC_045512.2	28	C	0
NC_045512.2	29	A	0
NC_045512.2	30	A	0
NC_045512.2	31	A	0
NC_045512.2	32	C	0
NC_045512.2	33	C	0
NC_045512.2	34	A	0
NC_045512.2	35	A	0
NC_045512.2	36	C	0
NC_045512.2	37	C	0
NC_045512.2	38	A	0
NC_045512.2	39	A	0
NC_045512.2	40	C	0
NC_045512.2	41	T	0
NC_045512.2	42	T	0
NC_045512.2	43	T	0
NC_045512.2	44	C	0
NC_045512.2	45	G	0
NC_045512.2	46	A	0
NC_045512.2	47	T	0
NC_045512.2	48	C	0
NC_045512.2	49	T	0
NC_045512.2	50	C	0
NC_045512.2	51	T	0
NC_045512.2	52	T	0
NC_045512.2	53	G	0
NC_045512.2	54	T	0
NC_045512.2	55	A	0
NC_045512.2	56	G	0
NC_045512.2	57	A	0
NC_045512.2	58	T	0
NC_045512.2	59	C	0
NC_045512.2	60	T	0
NC_045512.2	61	G	0
NC_045512.2	62	T	0
NC_045512.2	63	T	0
NC_045512.2	64	C	0
NC_045512.2	65	T	0
NC_045512.2	66	C	0
NC_045512.2	67	T	0
NC_045512.2	68	A	0
NC_045512.2	69	A	0
NC_045512.2	70	A	0
NC_045512.2	71	C	0
NC_045512.2	72	G	0
NC_045512.2	73	A	0
NC_045512.2	74	A	0
NC_045512.2	75	C	0
NC_045512.2	76	T	0
NC_045512.2	77	T	0
NC_045512.2	78	T	0
NC_045512.2	79	A	0
NC_045512.2	80	A	0
NC_045512.2	81	A	0
NC_045512.2	82	A	0
NC_045512.2	83	T	0
NC_045512.2	84	C	0
NC_045512.2	85	T	0
NC_045512.2	86	G	0
NC_045512.2	87	T	0
NC_045512.2	88	G	0
NC_045512.2	89	T	0
NC_045512.2	90	G	0
NC_045512.2	91	G	0
NC_045512.2	92	C	0
NC_045512.2	93	T	0
NC_045512.2	94	G	0
NC_045512.2	95	T	0
NC_045512.2	96	C	0
NC_045512.2	97	A	0
NC_045512.2	98	C	0
NC_045512.2	99	T	0
NC_045512.2	100	C	0
NC_045512.2	101	G	0
NC_045512.2	102	G	0
NC_045512.2	103	C	0
NC_045512.2	104	T	0
NC_045512.2	105	G	0
NC_045512.2	106	C	0
NC_045512.2	107	A	0
NC_045512.2	108	T	0
NC_045512.2	109	G	0
NC_045512.2	110	C	0
NC_045512.2	111	T	0
NC_045512.2	112	T	0
NC_045512.2	113	A	0
NC_045512.2	114	G	0
NC_045512.2	115	T	0
NC_045512.2	116	G	0
NC_045512.2	117	C	0
NC_045512.2	118	A	0
NC_045512.2	119	C	0
NC_045512.2	120	T	0
NC_045512.2	121	C	0
NC_045512.2	122	A	0
NC_045512.2	123	C	0
NC_045512.2	124	G	0
NC_045512.2	125	C	0
NC_045512.2	126	A	0
NC_045512.2	127	G	0
NC_045512.2	128	T	0
NC_045512.2	129	A	0
NC_045512.2	130	T	0
NC_045512.2	131	A	0
NC_045512.2	132	A	0
NC_045512.2	133	T	0
NC_045512.2	134	T	0
NC_045512.2	135	A	0
NC_045512.2	136	A	0
NC_045512.2	137	T	0
NC_045512.2	138	A	0
NC_045512.2	139	A	0
NC_045512.2	140	C	0
NC_045512.2	141	T	0
NC_045512.2	142	A	0
NC_045512.2	143	A	0
NC_045512.2	144	T	0
NC_045512.2	145	T	0
NC_045512.2	146	A	0
NC_045512.2	147	C	0
NC_045512.2	148	T	0
NC_045512.2	149	G	0
NC_045512.2	150	T	0
NC_045512.2	151	C	0
NC_045512.2	152	G	0
NC_045512.2	153	T	0
NC_045512.2	154	T	0
NC_045512.2	155	G	0
NC_045512.2	156	A	0
NC_045512.2	157	C	0
NC_045512.2	158	A	0
NC_045512.2	159	G	0
NC_045512.2	160	G	0
NC_045512.2	161	A	0
NC_045512.2	162	C	0
NC_045512.2	163	A	0
NC_045512.2	164	C	0
NC_045512.2	165	G	0
NC_045512.2	166	A	0
NC_045512.2	167	G	0
NC_045512.2	168	T	0
NC_045512.2	169	A	0
NC_045512.2	170	A	0
NC_045512.2	171	C	0
NC_045512.2	172	T	0
NC_045512.2	173	C	0
NC_045512.2	174	G	0
NC_045512.2	175	T	0
NC_045512.2	176	C	0
NC_045512.2	177	T	0
NC_045512.2	178	A	0
NC_045512.2	179	T	0
NC_045512.2	180	C	0
NC_045512.2	181	T	0
NC_045512.2	182	T	0
NC_045512.2	183	C	0
NC_045512.2	184	T	0
NC_045512.2	185	G	0
NC_045512.2	186	C	0
NC_045512.2	187	A	0
NC_045512.2	188	G	0
NC_045512.2	189	G	0
NC_045512.2	190	C	0
NC_045512.2	191	T	0
NC_045512.2	192	G	0
NC_045512.2	193	C	0
NC_045512.2	194	T	0
NC_045512.2	195	T	0
NC_045512.2	196	A	0
NC_045512.2	197	C	0
NC_045512.2	198	G	0
NC_045512.2	199	G	0
NC_045512.2	200	T	0
NC_045512.2	201	T	0
NC_045512.2	202	T	0
NC_045512.2	203	C	0
NC_045512.2	204	G	0
NC_045512.2	205	T	0
NC_045512.2	206	C	0
NC_045512.2	207	C	0
NC_045512.2	208	G	0
NC_045512.2	209	T	0
NC_045512.2	210	G	0
NC_045512.2	211	T	0
NC_045512.2	212	T	0
NC_045512.2	213	G	0
NC_045512.2	214	C	0
NC_045512.2	215	A	0
NC_045512.2	216	G	0
NC_045512.2	217	C	0
NC_045512.2	218	C	0
NC_045512.2	219	G	0
NC_045512.2	220	A	0
NC_045512.2	221	T	0
NC_045512.2	222	C	0
NC_045512.2	223	A	0
NC_045512.2	224	T	0
NC_045512.2	225	C	0
NC_045512.2	226	A	0
NC_045512.2	227	G	0
NC_045512.2	228	C	0
NC_045512.2	229	A	0
NC_045512.2	230	C	0
NC_045512.2	231	A	0
NC_045512.2	232	T	0
NC_045512.2	233	C	0
NC_045512.2	234	T	0
NC_045512.2	235	A	0
NC_045512.2	236	G	0
NC_045512.2	237	G	0
NC_045512.2	238	T	0
NC_045512.2	239	T	0
NC_045512.2	240	T	0
NC_045512.2	241	C	0
NC_045512.2	242	G	0
NC_045512.2	243	T	0
NC_045512.2	244	C	0
NC_045512.2	245	C	0
NC_045512.2	246	G	0
NC_045512.2	247	G	0
NC_045512.2	248	G	0
NC_045512.2	249	T	0
NC_045512.2	250	G	0
NC_045512.2	251	T	0
NC_045512.2	252	G	0
NC_045512.2	253	A	0
NC_045512.2	254	C	0
NC_045512.2	255	C	0
NC_045512.2	256	G	0
NC_045512.2	257	A	0
NC_045512.2	258	A	0
NC_045512.2	259	A	0
NC_045512.2	260	G	0
NC_045512.2	261	G	0
NC_045512.2	262	T	0
NC_045512.2	263	A	0
NC_045512.2	264	A	0
NC_045512.2	265	G	0
NC_045512.2	266	A	0
NC_045512.2	267	T	0
NC_045512.2	268	G	0
NC_045512.2	269	G	0
NC_045512.2	270	A	0
NC_045512.2	271	G	0
NC_045512.2	272	A	0
NC_045512.2	273	G	0
NC_045512.2	274	C	0
NC_045512.2	275	C	0
NC_045512.2	276	T	0
NC_045512.2	277	T	0
NC_045512.2	278	G	0
NC_045512.2	279	T	0
NC_045512.2	280	C	0
NC_045512.2	281	C	0
NC_045512.2	282	C	0
NC_045512.2	283	T	0
NC_045512.2	284	G	0
NC_045512.2	285	G	0
NC_045512.2	286	T	0
NC_045512.2	287	T	0
NC_045512.2	288	T	0
NC_045512.2	289	C	0
NC_045512.2	290	A	0
NC_045512.2	291	A	0
NC_045512.2	292	C	0
NC_045512.2	293	G	0
NC_045512.2	294	A	0
NC_045512.2	295	G	0
NC_045512.2	296	A	0
NC_045512.2	297	A	0
NC_045512.2	298	A	0
NC_045512.2	299	A	0
NC_045512.2	300	C	0
NC_045512.2	301	A	0
NC_045512.2	302	C	0
NC_045512.2	303	A	0
NC_045512.2	304	C	0
NC_045512.2	305	G	0
NC_045512.2	306	T	0
NC_045512.2	307	C	0
NC_045512.2	308	C	0
NC_045512.2	309	A	0
NC_045512.2	310	A	0
NC_045512.2	311	C	0
NC_045512.2	312	T	0
NC_045512.2	313	C	0
NC_045512.2	314	A	0
NC_045512.2	315	G	0
NC_045512.2	316	T	0
NC_045512.2	317	T	0
NC_045512.2	318	T	0
NC_045512.2	319	G	0
NC_045512.2	320	C	0
NC_045512.2	321	C	0
NC_045512.2	322	T	0
NC_045512.2	323	G	0
NC_045512.2	324	T	0
NC_045512.2	325	T	0
NC_045512.2	326	T	0
NC_045512.2	327	T	0
NC_045512.2	328	A	0
NC_045512.2	329	C	0
NC_045512.2	330	A	0
NC_045512.2	331	G	0
NC_045512.2	332	G	0
NC_045512.2	333	T	0
NC_045512.2	334	T	0
NC_045512.2	335	C	0
NC_045512.2	336	G	0
NC_045512.2	337	C	0
NC_045512.2	338	G	0
NC_045512.2	339	A	0
NC_045512.2	340	C	0
NC_045512.2	341	G	0
NC_045512.2	342	T	0
NC_045512.2	343	G	0
NC_045512.2	344	C	0
NC_045512.2	345	T	0
NC_045512.2	346	C	0
NC_045512.2	347	G	0
NC_045512.2	348	T	0
NC_045512.2	349	A	0
NC_045512.2	350	C	0
NC_045512.2	351	G	0
NC_045512.2	352	T	0
NC_045512.2	353	G	0
NC_045512.2	354	G	0
NC_045512.2	355	C	0
NC_045512.2	356	T	0
NC_045512.2	357	T	0
NC_045512.2	358	T	0
NC_045512.2	359	G	0
NC_045512.2	360	G	0
NC_045512.2	361	A	0
NC_045512.2	362	G	0
NC_045512.2	363	A	0
NC_045512.2	364	C	0
NC_045512.2	365	T	0
NC_045512.2	366	C	0
NC_045512.2	367	C	0
NC_045512.2	368	G	0
NC_045512.2	369	T	0
NC_045512.2	370	G	0
NC_045512.2	371	G	0
NC_045512.2	372	A	0
NC_045512.2	373	G	0
NC_045512.2	374	G	0
NC_045512.2	375	A	0
NC_045512.2	376	G	0
NC_045512.2	377	G	0
NC_045512.2	378	T	0
NC_045512.2	379	C	0
NC_045512.2	380	T	0
NC_045512.2	381	T	0
NC_045512.2	382	A	0
NC_045512.2	383	T	0
NC_045512.2	384	C	0
NC_045512.2	385	A	0
NC_045512.2	386	G	0
NC_045512.2	387	A	0
NC_045512.2	388	G	0
NC_045512.2	389	G	0
NC_045512.2	390	C	0
NC_045512.2	391	A	0
NC_045512.2	392	C	0
NC_045512.2	393	G	0
NC_045512.2	394	T	0
NC_045512.2	395	C	0
NC_045512.2	396	A	0
NC_045512.2	397	A	0
NC_045512.2	398	C	0
NC_045512.2	399	A	0
NC_045512.2	400	T	0
NC_045512.2	401	C	0
NC_045512.2	402	T	0
NC_045512.2	403	T	0
NC_045512.2	404	A	0
NC_045512.2	405	A	0
NC_045512.2	406	A	0
NC_045512.2	407	G	0
NC_045512.2	408	A	0
NC_045512.2	409	T	0
NC_045512.2	410	G	0
NC_045512.2	411	G	0
NC_045512.2	412	C	0
NC_045512.2	413	A	0
NC_045512.2	414	C	0
NC_045512.2	415	T	0
NC_045512.2	416	T	0
NC_045512.2	417	G	0
NC_045512.2	418	T	0
NC_045512.2	419	G	0
NC_045512.2	420	G	0
NC_045512.2	421	C	0
NC_045512.2	422	T	1
NC_045512.2	423	T	1
NC_045512.2	424	A	1
NC_045512.2	425	G	1
NC_045512.2	426	T	1
NC_045512.2	427	A	1
NC_045512.2	428	G	1
NC_045512.2	429	A	1
NC_045512.2	430	A	1
NC_045512.2	431	G	1
NC_045512.2	432	T	1
NC_045512.2	433	T	1
NC_045512.2	434	G	1
NC_045512.2	435	A	1
NC_045512.2	436	A	1
NC_045512.2	437	A	1
NC_045512.2	438	A	1
NC_045512.2	439	A	1
NC_045512.2	440	G	1
NC_045512.2	441	G	1
NC_045512.2	442	C	1
NC_045512.2	443	G	1
NC_045512.2	444	T	1
NC_045512.2	445	T	1
NC_045512.2	446	T	1
NC_045512.2	447	T	1
NC_045512.2	448	G	1
NC_045512.2	449	C	1
NC_045512.2	450	C	1
NC_045512.2	451	T	1
NC_045512.2	452	C	0
NC_045512.2	453	A	0
NC_045512.2	454	A	0
NC_045512.2	455	C	0
NC_045512.2	456	T	0
NC_045512.2	457	T	0
NC_045512.2	458	G	0
NC_045512.2	459	A	0
NC_045512.2	460	A	0
NC_045512.2	461	C	0
NC_045512.2	462	A	0
NC_045512.2	463	G	0
NC_045512.2	464	C	1
NC_045512.2	465	C	1
NC_045512.2	466	C	1
NC_045512.2	467	T	1
NC_045512.2	468	A	1
NC_045512.2	469	T	1
NC_045512.2	470	G	1
NC_045512.2	471	T	1
NC_045512.2	472	G	1
NC_045512.2	473	T	1
NC_045512.2	474	T	1
NC_045512.2	475	C	3
NC_045512.2	476	A	4
NC_045512.2	477	T	4
NC_045512.2	478	C	4
NC_045512.2	479	A	4
NC_045512.2	480	A	3
NC_045512.2	481	A	4
NC_045512.2	482	C	4
NC_045512.2	483	G	3
NC_045512.2	484	T	3
NC_045512.2	485	T	4
NC_045512.2	486	C	4
NC_045512.2	487	G	7
NC_045512.2	488	G	7
NC_045512.2	489	A	7
NC_045512.2	490	T	7
NC_045512.2	491	G	7
NC_045512.2	492	C	7
NC_045512.2	493	T	8
NC_045512.2	494	C	6
NC_045512.2	495	G	6
NC_045512.2	496	A	7
NC_045512.2	497	A	6
NC_045512.2	498	C	7
NC_045512.2	499	T	8
NC_045512.2	500	G	8
NC_045512.2	501	C	7
NC_045512.2	502	A	8
NC_045512.2	503	C	7
NC_045512.2	504	C	8
NC_045512.2	505	T	5
NC_045512.2	506	C	5
NC_045512.2	507	A	5
NC_045512.2	508	T	5
NC_045512.2	509	G	5
NC_045512.2	510	G	5
NC_045512.2	511	T	5
NC_045512.2	512	C	5
NC_045512.2	513	A	8
NC_045512.2	514	T	7
NC_045512.2	515	G	8
NC_045512.2	516	T	7
NC_045512.2	517	T	4
NC_045512.2	518	A	5
NC_045512.2	519	T	5
NC_045512.2	520	G	6
NC_045512.2	521	G	7
NC_045512.2	522	T	6
NC_045512.2	523	T	7
NC_045512.2	524	G	6
NC_045512.2	525	A	7
NC_045512.2	526	G	7
NC_045512.2	527	C	5
NC_045512.2	528	T	5
NC_045512.2	529	G	6
NC_045512.2	530	G	5
NC_045512.2	531	T	6
NC_045512.2	532	A	6
NC_045512.2	533	G	5
NC_045512.2	534	C	7
NC_045512.2	535	A	7
NC_045512.2	536	G	7
NC_045512.2	537	A	5
NC_045512.2	538	A	9
NC_045512.2	539	C	9
NC_045512.2	540	T	7
NC_045512.2	541	C	10
NC_045512.2	542	G	10
NC_045512.2	543	A	6
NC_045512.2	544	A	6
NC_045512.2	545	G	7
NC_045512.2	546	G	6
NC_045512.2	547	C	5
NC_045512.2	548	A	6
NC_045512.2	549	T	5
NC_045512.2	550	T	5
NC_045512.2	551	C	5
NC_045512.2	552	A	5
NC_045512.2	553	G	5
NC_045512.2	554	T	5
NC_045512.2	555	A	5
NC_045512.2	556	C	5
NC_045512.2	557	G	5
NC_045512.2	558	G	5
NC_045512.2	559	T	5
NC_045512.2	560	C	5
NC_045512.2	561	G	6
NC_045512.2	562	T	6
NC_045512.2	563	A	6
NC_045512.2	564	G	6
NC_045512.2	565	T	6
NC_045512.2	566	G	6
NC_045512.2	567	G	9
NC_045512.2	568	T	8
NC_045512.2	569	G	7
NC_045512.2	570	A	8
NC_045512.2	571	G	8
NC_045512.2	572	A	9
NC_045512.2	573	C	10
NC_045512.2	574	A	10
NC_045512.2	575	C	10
NC_045512.2	576	T	9
NC_045512.2	577	T	10
NC_045512.2	578	G	8
NC_045512.2	579	G	9
NC_045512.2	580	T	9
NC_045512.2	581	G	9
NC_045512.2	582	T	9
NC_045512.2	583	C	9
NC_045512.2	584	C	9
NC_045512.2	585	T	9
NC_045512.2	586	T	9
NC_045512.2	587	G	9
NC_045512.2	588	T	9
NC_045512.2	589	C	8
NC_045512.2	590	C	8
NC_045512.2	591	C	7
NC_045512.2	592	T	8
NC_045512.2	593	C	8
NC_045512.2	594	A	8
NC_045512.2	595	T	8
NC_045512.2	596	G	8
NC_045512.2	597	T	3
NC_045512.2	598	G	3
NC_045512.2	599	G	3
NC_045512.2	600	G	3
NC_045512.2	601	C	3
NC_045512.2	602	G	2
NC_045512.2	603	A	1
NC_045512.2	604	A	1
NC_045512.2	605	A	1
NC_045512.2	606	T	1
NC_045512.2	607	A	1
NC_045512.2	608	C	0
NC_045512.2	609	C	0
NC_045512.2	610	A	0
NC_045512.2	611	G	0
NC_045512.2	612	T	0
NC_045512.2	613	G	0
NC_045512.2	614	G	0
NC_045512.2	615	C	0
NC_045512.2	616	T	0
NC_045512.2	617	T	0
NC_045512.2	618	A	0
NC_045512.2	619	C	0
NC_045512.2	620	C	0
NC_045512.2	621	G	0
NC_045512.2	622	C	0
NC_045512.2	623	A	0
NC_045512.2	624	A	0
NC_045512.2	625	G	0
NC_045512.2	626	G	1
NC_045512.2	627	T	1
NC_045512.2	628	T	1
NC_045512.2	629	C	1
NC_045512.2	630	T	1
NC_045512.2	631	T	1
NC_045512.2	632	C	1
NC_045512.2	633	T	1
NC_045512.2	634	T	1
NC_045512.2	635	C	1
NC_045512.2	636	G	1
NC_045512.2	637	T	1
NC_045512.2	638	A	1
NC_045512.2	639	A	1
NC_045512.2	640	G	1
NC_045512.2	641	A	1
NC_045512.2	642	A	1
NC_045512.2	643	C	1
NC_045512.2	644	G	1
NC_045512.2	645	G	1
NC_045512.2	646	T	1
NC_045512.2	647	A	1
NC_045512.2	648	A	1
NC_045512.2	649	T	1
NC_045512.2	650	A	1
NC_045512.2	651	A	1
NC_045512.2	652	A	1
NC_045512.2	653	G	1
NC_045512.2	654	G	1
NC_045512.2	655	A	1
NC_045512.2	656	G	0
NC_045512.2	657	C	0
NC_045512.2	658	T	0
NC_045512.2	659	G	0
NC_045512.2	660	G	0
NC_045512.2	661	T	0
NC_045512.2	662	G	0
NC_045512.2	663	G	0
NC_045512.2	664	C	0
NC_045512.2	665	C	0
NC_045512.2	666	A	0
NC_045512.2	667	T	0
NC_045512.2	668	A	0
NC_045512.2	669	G	0
NC_045512.2	670	T	0
NC_045512.2	671	T	0
NC_045512.2	672	A	0
NC_045512.2	673	C	0
NC_045512.2	674	G	0
NC_045512.2	675	G	0
NC_045512.2	676	C	0
NC_045512.2	677	G	0
NC_045512.2	678	C	0
NC_045512.2	679	C	0
NC_045512.2	680	G	0
NC_045512.2	681	A	0
NC_045512.2	682	T	0
NC_045512.2	683	C	0
NC_045512.2	684	T	0
NC_045512.2	685	A	0
NC_045512.2	686	A	0
NC_045512.2	687	A	0
NC_045512.2	688	G	0
NC_045512.2	689	T	0
NC_045512.2	690	C	0
NC_045512.2	691	A	0
NC_045512.2	692	T	0
NC_045512.2	693	T	0
NC_045512.2	694	T	0
NC_045512.2	695	G	0
NC_045512.2	696	A	0
NC_045512.2	697	C	0
NC_045512.2	698	T	0
NC_045512.2	699	T	0
NC_045512.2	700	A	0
NC_045512.2	701	G	0
NC_045512.2	702	G	0
NC_045512.2	703	C	0
NC_045512.2	704	G	0
NC_045512.2	705	A	0
NC_045512.2	706	C	0
NC_045512.2	707	G	0
NC_045512.2	708	A	0
NC_045512.2	709	G	0
NC_045512.2	710	C	0
NC_045512.2	711	T	0
NC_045512.2	712	T	0
NC_045512.2	713	G	0
NC_045512.2	714	G	0
NC_045512.2	715	C	0
NC_045512.2	716	A	0
NC_045512.2	717	C	0
NC_045512.2	718	T	0
NC_045512.2	719	G	0
NC_045512.2	720	A	0
NC_045512.2	721	T	0
NC_045512.2	722	C	0
NC_045512.2	723	C	0
NC_045512.2	724	T	0
NC_045512.2	725	T	0
NC_045512.2	726	A	0
NC_045512.2	727	T	0
NC_045512.2	728	G	0
NC_045512.2	729	A	0
NC_045512.2	730	A	0
NC_045512.2	731	G	0
NC_045512.2	732	A	0
NC_045512.2	733	T	0
NC_045512.2	734	T	0
NC_045512.2	735	T	0
NC_045512.2	736	T	0
NC_045512.2	737	C	0
NC_045512.2	738	A	0
NC_045512.2	739	A	0
NC_045512.2	740	G	0
NC_045512.2	741	A	0
NC_045512.2	742	A	0
NC_045512.2	743	A	0
NC_045512.2	744	A	0
NC_045512.2	745	C	0
NC_045512.2	746	T	0
NC_045512.2	747	G	0
NC_045512.2	748	G	0
NC_045512.2	749	A	0
NC_045512.2	750	A	0
NC_045512.2	751	C	0
NC_045512.2	752	A	0
NC_045512.2	753	C	0
NC_045512.2	754	T	0
NC_045512.2	755	A	0
NC_045512.2	756	A	0
NC_045512.2	757	A	0
NC_045512.2	758	C	0
NC_045512.2	759	A	0
NC_045512.2	760	T	0
NC_045512.2	761	A	0
NC_045512.2	762	G	0
NC_045512.2	763	C	0
NC_045512.2	764	A	0
NC_045512.2	765	G	0
NC_045512.2	766	T	0
NC_045512.2	767	G	0
NC_045512.2	768	G	0
NC_045512.2	769	T	0
NC_045512.2	770	G	0
NC_045512.2	771	T	0
NC_045512.2	772	T	0
NC_045512.2	773	A	0
NC_045512.2	774	C	0
NC_045512.2	775	C	0
NC_045512.2	776	C	0
NC_045512.2	777	G	0
NC_045512.2	778	T	0
NC_045512.2	779	G	0
NC_045512.2	780	A	0
NC_045512.2	781	A	0
NC_045512.2	782	C	0
NC_045512.2	783	T	0
NC_045512.2	784	C	0
NC_045512.2	785	A	0
NC_045512.2	786	T	0
NC_045512.2	787	G	0
NC_045512.2	788	C	0
NC_045512.2	789	G	0
NC_045512.2	790	T	0
NC_045512.2	791	G	0
NC_045512.2	792	A	0
NC_045512.2	793	G	0
NC_045512.2	794	C	0
NC_045512.2	795	T	0
NC_045512.2	796	T	0
NC_045512.2	797	A	0
NC_045512.2	798	A	0
NC_045512.2	799	C	0
NC_045512.2	800	G	0
NC_045512.2	801	G	0
NC_045512.2	802	A	0
NC_045512.2	803	G	0
NC_045512.2	804	G	0
NC_045512.2	805	G	0
NC_045512.2	806	G	0
NC_045512.2	807	C	0
NC_045512.2	808	A	0
NC_045512.2	809	T	0
NC_045512.2	810	A	0
NC_045512.2	811	C	0
NC_045512.2	812	A	0
NC_045512.2	813	C	0
NC_045512.2	814	T	0
NC_045512.2	815	C	0
NC_045512.2	816	G	0
NC_045512.2	817	C	0
NC_045512.2	818	T	0
NC_045512.2	819	A	0
NC_045512.2	820	T	0
NC_045512.2	821	G	0
NC_045512.2	822	T	0
NC_045512.2	823	C	0
NC_045512.2	824	G	0
NC_045512.2	825	A	0
NC_045512.2	826	T	0
NC_045512.2	827	A	0
NC_045512.2	828	A	0
NC_045512.2	829	C	0
NC_045512.2	830	A	0
NC_045512.2	831	A	0
NC_045512.2	832	C	0
NC_045512.2	833	T	0
NC_045512.2	834	T	0
NC_045512.2	835	C	0
NC_045512.2	836	T	0
NC_045512.2	837	G	0
NC_045512.2	838	T	0
NC_045512.2	839	G	0
NC_045512.2	840	G	0
NC_045512.2	841	C	0
NC_045512.2	842	C	0
NC_045512.2	843	C	0
NC_045512.2	844	T	0
NC_045512.2	845	G	0
NC_045512.2	846	A	0
NC_045512.2	847	T	0
NC_045512.2	848	G	0
NC_045512.2	849	G	0
NC_045512.2	850	C	0
NC_045512.2	851	T	0
NC_045512.2	852	A	0
NC_045512.2	853	C	0
NC_045512.2	854	C	0
NC_045512.2	855	C	0
NC_045512.2	856	T	0
NC_045512.2	857	C	0
NC_045512.2	858	T	0
NC_045512.2	859	T	0
NC_045512.2	860	G	0
NC_045512.2	861	A	0
NC_045512.2	862	G	0
NC_045512.2	863	T	0
NC_045512.2	864	G	0
NC_045512.2	865	C	0
NC_045512.2	866	A	0
NC_045512.2	867	T	0
NC_045512.2	868	T	0
NC_045512.2	869	A	0
NC_045512.2	870	A	0
NC_045512.2	871	A	0
NC_045512.2	872	G	0
NC_045512.2	873	A	0
NC_045512.2	874	C	0
NC_045512.2	875	C	0
NC_045512.2	876	T	0
NC_045512.2	877	T	0
NC_045512.2	878	C	0
NC_045512.2	879	T	0
NC_045512.2	880	A	0
NC_045512.2	881	G	0
NC_045512.2	882	C	0
NC_045512.2	883	A	0
NC_045512.2	884	C	0
NC_045512.2	885	G	0
NC_045512.2	886	T	0
NC_045512.2	887	G	0
NC_045512.2	888	C	0
NC_045512.2	889	T	0
NC_045512.2	890	G	0
NC_045512.2	891	G	0
NC_045512.2	892	T	0
NC_045512.2	893	A	0
NC_045512.2	894	A	0
NC_045512.2	895	A	0
NC_045512.2	896	G	0
NC_045512.2	897	C	0
NC_045512.2	898	T	0
NC_045512.2	899	T	0
NC_045512.2	900	C	0
NC_045512.2	901	A	0
NC_045512.2	902	T	0
NC_045512.2	903	G	0
NC_045512.2	904	C	0
NC_045512.2	905	A	0
NC_045512.2	906	C	0
NC_045512.2	907	T	0
NC_045512.2	908	T	0
NC_045512.2	909	T	0
NC_045512.2	910	G	0
NC_045512.2	911	T	0
NC_045512.2	912	C	0
NC_045512.2	913	C	0
NC_045512.2	914	G	0
NC_045512.2	915	A	0
NC_045512.2	916	A	0
NC_045512.2	917	C	0
NC_045512.2	918	A	0
NC_045512.2	919	A	0
NC_045512.2	920	C	0
NC_045512.2	921	T	0
NC_045512.2	922	G	0
NC_045512.2	923	G	0
NC_045512.2	924	A	0
NC_045512.2	925	C	0
NC_045512.2	926	T	0
NC_045512.2	927	T	0
NC_045512.2	928	T	0
NC_045512.2	929	A	0
NC_045512.2	930	T	0
NC_045512.2	931	T	0
NC_045512.2	932	G	0
NC_045512.2	933	A	0
NC_045512.2	934	C	0
NC_045512.2	935	A	0
NC_045512.2	936	C	0
NC_045512.2	937	T	0
NC_045512.2	938	A	0
NC_045512.2	939	A	0
NC_045512.2	940	G	0
NC_045512.2	941	A	0
NC_045512.2	942	G	0
NC_045512.2	943	G	0
NC_045512.2	944	G	0
NC_045512.2	945	G	0
NC_045512.2	946	T	0
NC_045512.2	947	G	0
NC_045512.2	948	T	0
NC_045512.2	949	A	0
NC_045512.2	950	T	0
NC_045512.2	951	A	0
NC_045512.2	952	C	0
NC_045512.2	953	T	0
NC_045512.2	954	G	0
NC_045512.2	955	C	0
NC_045512.2	956	T	0
NC_045512.2	957	G	0
NC_045512.2	958	C	0
NC_045512.2	959	C	0
NC_045512.2	960	G	0
NC_045512.2	961	T	0
NC_045512.2	962	G	0
NC_045512.2	963	A	0
NC_045512.2	964	A	0
NC_045512.2	965	C	0
NC_045512.2	966	A	0
NC_045512.2	967	T	0
NC_045512.2	968	G	0
NC_045512.2	969	A	0
NC_045512.2	970	G	0
NC_045512.2	971	C	0
NC_045512.2	972	A	0
NC_045512.2	973	T	0
NC_045512.2	974	G	0
NC_045512.2	975	A	0
NC_045512.2	976	A	0
NC_045512.2	977	A	0
NC_045512.2	978	T	0
NC_045512.2	979	T	0
NC_045512.2	980	G	0
NC_045512.2	981	C	0
NC_045512.2	982	T	0
NC_045512.2	983	T	0
NC_045512.2	984	G	0
NC_045512.2	985	G	0
NC_045512.2	986	T	0
NC_045512.2	987	A	0
NC_045512.2	988	C	0
NC_045512.2	989	A	0
NC_045512.2	990	C	0
NC_045512.2	991	G	0
NC_045512.2	992	G	0
NC_045512.2	993	A	0
NC_045512.2	994	A	0
NC_045512.2	995	C	0
NC_045512.2	996	G	0
NC_045512.2	997	T	0
NC_045512.2	998	T	0
NC_045512.2	999	C	0
NC_045512.2	1000	T	0
NC_045512.2	1001	G	0
NC_045512.2	1002	A	0
NC_045512.2	1003	A	0
NC_045512.2	1004	A	0
NC_045512.2	1005	A	0
NC_045512.2	1006	G	0
NC_045512.2	1007	A	0
NC_045512.2	1008	G	0
NC_045512.2	1009	C	0
NC_045512.2	1010	T	0
NC_045512.2	1011	A	0
NC_045512.2	1012	T	0
NC_045512.2	1013	G	0
NC_045512.2	1014	A	0
NC_045512.2	1015	A	0
NC_045512.2	1016	T	0
NC_045512.2	1017	T	0
NC_045512.2	1018	G	0
NC_045512.2	1019	C	0
NC_045512.2	1020	A	0
NC_045512.2	1021	G	0
NC_045512.2	1022	A	0
NC_045512.2	1023	C	0
NC_045512.2	1024	A	0
NC_045512.2	1025	C	0
NC_045512.2	1026	C	0
NC_045512.2	1027	T	0
NC_045512.2	1028	T	0
NC_045512.2	1029	T	0
NC_045512.2	1030	T	0
NC_045512.2	1031	G	0
NC_045512.2	1032	A	0
NC_045512.2	1033	A	0
NC_045512.2	1034	A	0
NC_045512.2	1035	T	0
NC_045512.2	1036	T	0
NC_045512.2	1037	A	0
NC_045512.2	1038	A	0
NC_045512.2	1039	A	0
NC_045512.2	1040	T	0
NC_045512.2	1041	T	0
NC_045512.2	1042	G	0
NC_045512.2	1043	G	0
NC_045512.2	1044	C	0
NC_045512.2	1045	A	0
NC_045512.2	1046	A	0
NC_045512.2	1047	A	0
NC_045512.2	1048	G	0
NC_045512.2	1049	A	0
NC_045512.2	1050	A	0
NC_045512.2	1051	A	0
NC_045512.2	1052	T	0
NC_045512.2	1053	T	0
NC_045512.2	1054	T	0
NC_045512.2	1055	G	0
NC_045512.2	1056	A	0
NC_045512.2	1057	C	0
NC_045512.2	1058	A	0
NC_045512.2	1059	C	0
NC_045512.2	1060	C	0
NC_045512.2	1061	T	0
NC_045512.2	1062	T	0
NC_045512.2	1063	C	0
NC_045512.2	1064	A	0
NC_045512.2	1065	A	0
NC_045512.2	1066	T	0
NC_045512.2	1067	G	0
NC_045512.2	1068	G	0
NC_045512.2	1069	G	0
NC_045512.2	1070	G	0
NC_045512.2	1071	A	0
NC_045512.2	1072	A	0
NC_045512.2	1073	T	9
NC_045512.2	1074	G	9
NC_045512.2	1075	T	13
NC_045512.2	1076	C	13
NC_045512.2	1077	C	12
NC_045512.2	1078	A	15
NC_045512.2	1079	A	14
NC_045512.2	1080	A	14
NC_045512.2	1081	T	17
NC_045512.2	1082	T	17
NC_045512.2	1083	T	22
NC_045512.2	1084	T	23
NC_045512.2	1085	G	22
NC_045512.2	1086	T	23
NC_045512.2	1087	A	22
NC_045512.2	1088	T	22
NC_045512.2	1089	T	23
NC_045512.2	1090	T	24
NC_045512.2	1091	C	28
NC_045512.2	1092	C	27
NC_045512.2	1093	C	28
NC_045512.2	1094	T	28
NC_045512.2	1095	T	29
NC_045512.2	1096	A	28
NC_045512.2	1097	A	28
NC_045512.2	1098	A	29
NC_045512.2	1099	T	28
NC_045512.2	1100	T	28
NC_045512.2	1101	C	29
NC_045512.2	1102	C	29
NC_045512.2	1103	A	26
NC_045512.2	1104	T	27
NC_045512.2	1105	A	27
NC_045512.2	1106	A	29
NC_045512.2	1107	T	30
NC_045512.2	1108	C	29
NC_045512.2	1109	A	31
NC_045512.2	1110	A	28
NC_045512.2	1111	G	30
NC_045512.2	1112	A	30
NC_045512.2	1113	C	29
NC_045512.2	1114	T	32
NC_045512.2	1115	A	32
NC_045512.2	1116	T	30
NC_045512.2	1117	T	35
NC_045512.2	1118	C	32
NC_045512.2	1119	A	31
NC_045512.2	1120	A	30
NC_045512.2	1121	C	27
NC_045512.2	1122	C	27
NC_045512.2	1123	A	29
NC_045512.2	1124	A	30
NC_045512.2	1125	G	30
NC_045512.2	1126	G	30
NC_045512.2	1127	G	31
NC_045512.2	1128	T	31
NC_045512.2	1129	T	32
NC_045512.2	1130	G	31
NC_045512.2	1131	A	28
NC_045512.2	1132	A	30
NC_045512.2	1133	A	27
NC_045512.2	1134	A	31
NC_045512.2	1135	G	26
NC_045512.2	1136	A	25
NC_045512.2	1137	A	24
NC_045512.2	1138	A	24
NC_045512.2	1139	A	22
NC_045512.2	1140	A	24
NC_045512.2	1141	G	21
NC_045512.2	1142	C	17
NC_045512.2	1143	T	14
NC_045512.2	1144	T	15
NC_045512.2	1145	G	14
NC_045512.2	1146	A	17
NC_045512.2	1147	T	17
NC_045512.2	1148	G	16
NC_045512.2	1149	G	16
NC_045512.2	1150	C	16
NC_045512.2	1151	T	15
NC_045512.2	1152	T	13
NC_045512.2	1153	T	13
NC_045512.2	1154	A	12
NC_045512.2	1155	T	11
NC_045512.2	1156	G	12
NC_045512.2	1157	G	11
NC_045512.2	1158	G	11
NC_045512.2	1159	T	14
NC_045512.2	1160	A	12
NC_045512.2	1161	G	11
NC_045512.2	1162	A	10
NC_045512.2	1163	A	11
NC_045512.2	1164	T	12
NC_045512.2	1165	T	14
NC_045512.2	1166	C	14
NC_045512.2	1167	G	13
NC_045512.2	1168	A	15
NC_045512.2	1169	T	16
NC_045512.2	1170	C	17
NC_045512.2	1171	T	17
NC_045512.2	1172	G	18
NC_045512.2	1173	T	18
NC_045512.2	1174	C	16
NC_045512.2	1175	T	17
NC_045512.2	1176	A	13
NC_045512.2	1177	T	14
NC_045512.2	1178	C	15
NC_045512.2	1179	C	14
NC_045512.2	1180	A	14
NC_045512.2	1181	G	19
NC_045512.2	1182	T	23
NC_045512.2	1183	T	23
NC_045512.2	1184	G	22
NC_045512.2	1185	C	26
NC_045512.2	1186	G	26
NC_045512.2	1187	T	28
NC_045512.2	1188	C	27
NC_045512.2	1189	A	27
NC_045512.2	1190	C	30
NC_045512.2	1191	C	30
NC_045512.2	1192	A	30
NC_045512.2	1193	A	33
NC_045512.2	1194	A	28
NC_045512.2	1195	T	30
NC_045512.2	1196	G	29
NC_045512.2	1197	A	31
NC_045512.2	1198	A	33
NC_045512.2	1199	T	33
NC_045512.2	1200	G	32
NC_045512.2	1201	C	31
NC_045512.2	1202	A	30
NC_045512.2	1203	A	29
NC_045512.2	1204	C	37
NC_045512.2	1205	C	37
NC_045512.2	1206	A	38
NC_045512.2	1207	A	37
NC_045512.2	1208	A	36
NC_045512.2	1209	T	37
NC_045512.2	1210	G	36
NC_045512.2	1211	T	32
NC_045512.2	1212	G	29
NC_045512.2	1213	C	28
NC_045512.2	1214	C	28
NC_045512.2	1215	T	23
NC_045512.2	1216	T	24
NC_045512.2	1217	T	21
NC_045512.2	1218	C	24
NC_045512.2	1219	A	21
NC_045512.2	1220	A	20
NC_045512.2	1221	C	20
NC_045512.2	1222	T	16
NC_045512.2	1223	C	16
NC_045512.2	1224	T	14
NC_045512.2	1225	C	16
NC_045512.2	1226	A	15
NC_045512.2	1227	T	15
NC_045512.2	1228	G	11
NC_045512.2	1229	A	11
NC_045512.2	1230	A	11
NC_045512.2	1231	G	11
NC_045512.2	1232	T	10
NC_045512.2	1233	G	11
NC_045512.2	1234	T	2
NC_045512.2	1235	G	1
NC_045512.2	1236	A	0
NC_045512.2	1237	T	0
NC_045512.2	1238	C	0
NC_045512.2	1239	A	0
NC_045512.2	1240	T	0
NC_045512.2	1241	T	0
NC_045512.2	1242	G	0
NC_045512.2	1243	T	0
NC_045512.2	1244	G	0
NC_045512.2	1245	G	0
NC_045512.2	1246	T	0
NC_045512.2	1247	G	0
NC_045512.2	1248	A	0
NC_045512.2	1249	A	0
NC_045512.2	1250	A	0
NC_045512.2	1251	C	0
NC_045512.2	1252	T	0
NC_045512.2	1253	T	0
NC_045512.2	1254	C	0
NC_045512.2	1255	A	1
NC_045512.2	1256	T	1
NC_045512.2	1257	G	1
NC_045512.2	1258	G	1
NC_045512.2	1259	C	1
NC_045512.2	1260	A	1
NC_045512.2	1261	G	1
NC_045512.2	1262	A	1
NC_045512.2	1263	C	1
NC_045512.2	1264	G	1
NC_045512.2	1265	G	1
NC_045512.2	1266	G	1
NC_045512.2	1267	C	1
NC_045512.2	1268	G	1
NC_045512.2	1269	A	1
NC_045512.2	1270	T	1
NC_045512.2	1271	T	1
NC_045512.2	1272	T	1
NC_045512.2	1273	T	1
NC_045512.2	1274	G	1
NC_045512.2	1275	T	1
NC_045512.2	1276	T	1
NC_045512.2	1277	A	1
NC_045512.2	1278	A	1
NC_045512.2	1279	A	1
NC_045512.2	1280	G	1
NC_045512.2	1281	C	1
NC_045512.2	1282	C	1
NC_045512.2	1283	A	1
NC_045512.2	1284	C	1
NC_045512.2	1285	T	0
NC_045512.2	1286	T	0
NC_045512.2	1287	G	0
NC_045512.2	1288	C	0
NC_045512.2	1289	G	0
NC_045512.2	1290	A	0
NC_045512.2	1291	A	0
NC_045512.2	1292	T	0
NC_045512.2	1293	T	0
NC_045512.2	1294	T	0
NC_045512.2	1295	T	0
NC_045512.2	1296	G	0
NC_045512.2	1297	T	0
NC_045512.2	1298	G	0
NC_045512.2	1299	G	0
NC_045512.2	1300	C	0
NC_045512.2	1301	A	0
NC_045512.2	1302	C	0
NC_045512.2	1303	T	0
NC_045512.2	1304	G	0
NC_045512.2	1305	A	0
NC_045512.2	1306	G	0
NC_045512.2	1307	A	0
NC_045512.2	1308	A	0
NC_045512.2	1309	T	0
NC_045512.2	1310	T	0
NC_045512.2	1311	T	0
NC_045512.2	1312	G	0
NC_045512.2	1313	A	0
NC_045512.2	1314	C	1
NC_045512.2	1315	T	1
NC_045512.2	1316	A	1
NC_045512.2	1317	A	1
NC_045512.2	1318	A	1
NC_045512.2	1319	G	1
NC_045512.2	1320	A	1
NC_045512.2	1321	A	1
NC_045512.2	1322	G	1
NC_045512.2	1323	G	1
NC_045512.2	1324	T	1
NC_045512.2	1325	G	1
NC_045512.2	1326	C	1
NC_045512.2	1327	C	1
NC_045512.2	1328	A	1
NC_045512.2	1329	C	1
NC_045512.2	1330	T	1
NC_045512.2	1331	A	1
NC_045512.2	1332	C	1
NC_045512.2	1333	T	1
NC_045512.2	1334	T	1
NC_045512.2	1335	G	1
NC_045512.2	1336	T	1
NC_045512.2	1337	G	1
NC_045512.2	1338	G	1
NC_045512.2	1339	T	1
NC_045512.2	1340	T	1
NC_045512.2	1341	A	1
NC_045512.2	1342	C	1
NC_045512.2	1343	T	1
NC_045512.2	1344	T	0
NC_045512.2	1345	A	0
NC_045512.2	1346	C	0
NC_045512.2	1347	C	0
NC_045512.2	1348	C	0
NC_045512.2	1349	C	0
NC_045512.2	1350	A	0
NC_045512.2	1351	A	0
NC_045512.2	1352	A	0
NC_045512.2	1353	A	0
NC_045512.2	1354	T	0
NC_045512.2	1355	G	0
NC_045512.2	1356	C	0
NC_045512.2	1357	T	0
NC_045512.2	1358	G	0
NC_045512.2	1359	T	0
NC_045512.2	1360	T	0
NC_045512.2	1361	G	0
NC_045512.2	1362	T	0
NC_045512.2	1363	T	0
NC_045512.2	1364	A	0
NC_045512.2	1365	A	0
NC_045512.2	1366	A	0
NC_045512.2	1367	A	0
NC_045512.2	1368	T	0
NC_045512.2	1369	T	0
NC_045512.2	1370	T	0
NC_045512.2	1371	A	0
NC_045512.2	1372	T	0
NC_045512.2	1373	T	0
NC_045512.2	1374	G	0
NC_045512.2	1375	T	0
NC_045512.2	1376	C	0
NC_045512.2	1377	C	0
NC_045512.2	1378	A	0
NC_045512.2	1379	G	0
NC_045512.2	1380	C	0
NC_045512.2	1381	A	0
NC_045512.2	1382	T	0
NC_045512.2	1383	G	0
NC_045512.2	1384	T	0
NC_045512.2	1385	C	0
NC_045512.2	1386	A	0
NC_045512.2	1387	C	0
NC_045512.2	1388	A	0
NC_045512.2	1389	A	0
NC_045512.2	1390	T	0
NC_045512.2	1391	T	0
NC_045512.2	1392	C	0
NC_045512.2	1393	A	0
NC_045512.2	1394	G	0
NC_045512.2	1395	A	0
NC_045512.2	1396	A	0
NC_045512.2	1397	G	0
NC_045512.2	1398	T	0
NC_045512.2	1399	A	0
NC_045512.2	1400	G	0
NC_045512.2	1401	G	0
NC_045512.2	1402	A	0
NC_045512.2	1403	C	0
NC_045512.2	1404	C	0
NC_045512.2	1405	T	0
NC_045512.2	1406	G	0
NC_045512.2	1407	A	0
NC_045512.2	1408	G	0
NC_045512.2	1409	C	0
NC_045512.2	1410	A	0
NC_045512.2	1411	T	0
NC_045512.2	1412	A	0
NC_045512.2	1413	G	0
NC_045512.2	1414	T	0
NC_045512.2	1415	C	0
NC_045512.2	1416	T	0
NC_045512.2	1417	T	0
NC_045512.2	1418	G	0
NC_045512.2	1419	C	0
NC_045512.2	1420	C	0
NC_045512.2	1421	G	0
NC_045512.2	1422	A	0
NC_045512.2	1423	A	0
NC_045512.2	1424	T	0
NC_045512.2	1425	A	0
NC_045512.2	1426	C	0
NC_045512.2	1427	C	0
NC_045512.2	1428	A	0
NC_045512.2	1429	T	0
NC_045512.2	1430	A	0
NC_045512.2	1431	A	0
NC_045512.2	1432	T	0
NC_045512.2	1433	G	0
NC_045512.2	1434	A	0
NC_045512.2	1435	A	0
NC_045512.2	1436	T	0
NC_045512.2	1437	C	0
NC_045512.2	1438	T	0
NC_045512.2	1439	G	0
NC_045512.2	1440	G	0
NC_045512.2	1441	C	0
NC_045512.2	1442	T	0
NC_045512.2	1443	T	0
NC_045512.2	1444	G	0
NC_045512.2	1445	A	0
NC_045512.2	1446	A	0
NC_045512.2	1447	A	0
NC_045512.2	1448	A	0
NC_045512.2	1449	C	0
NC_045512.2	1450	C	0
NC_045512.2	1451	A	0
NC_045512.2	1452	T	0
NC_045512.2	1453	T	0
NC_045512.2	1454	C	0
NC_045512.2	1455	T	0
NC_045512.2	1456	T	0
NC_045512.2	1457	C	0
NC_045512.2	1458	G	0
NC_045512.2	1459	T	0
NC_045512.2	1460	A	0
NC_045512.2	1461	A	0
NC_045512.2	1462	G	0
NC_045512.2	1463	G	0
NC_045512.2	1464	G	0
NC_045512.2	1465	T	0
NC_045512.2	1466	G	0
NC_045512.2	1467	G	0
NC_045512.2	1468	T	0
NC_045512.2	1469	C	0
NC_045512.2	1470	G	0
NC_045512.2	1471	C	0
NC_045512.2	1472	A	0
NC_045512.2	1473	C	0
NC_045512.2	1474	T	0
NC_045512.2	1475	A	0
NC_045512.2	1476	T	0
NC_045512.2	1477	T	0
NC_045512.2	1478	G	0
NC_045512.2	1479	C	0
NC_045512.2	1480	C	0
NC_045512.2	1481	T	0
NC_045512.2	1482	T	0
NC_045512.2	1483	T	0
NC_045512.2	1484	G	0
NC_045512.2	1485	G	0
NC_045512.2	1486	A	0
NC_045512.2	1487	G	0
NC_045512.2	1488	G	0
NC_045512.2	1489	C	0
NC_045512.2	1490	T	0
NC_045512.2	1491	G	0
NC_045512.2	1492	T	0
NC_045512.2	1493	G	0
NC_045512.2	1494	T	0
NC_045512.2	1495	G	0
NC_045512.2	1496	T	0
NC_045512.2	1497	T	0
NC_045512.2	1498	C	0
NC_045512.2	1499	T	0
NC_045512.2	1500	C	0
NC_045512.2	1501	T	0
NC_045512.2	1502	T	0
NC_045512.2	1503	A	0
NC_045512.2	1504	T	0
NC_045512.2	1505	G	0
NC_045512.2	1506	T	0
NC_045512.2	1507	T	0
NC_045512.2	1508	G	0
NC_045512.2	1509	G	0
NC_045512.2	1510	T	0
NC_045512.2	1511	T	0
NC_045512.2	1512	G	0
NC_045512.2	1513	C	0
NC_045512.2	1514	C	0
NC_045512.2	1515	A	0
NC_045512.2	1516	T	0
NC_045512.2	1517	A	0
NC_045512.2	1518	A	0
NC_045512.2	1519	C	0
NC_045512.2	1520	A	0
NC_045512.2	1521	A	0
NC_045512.2	1522	G	0
NC_045512.2	1523	T	0
NC_045512.2	1524	G	0
NC_045512.2	1525	T	0
NC_045512.2	1526	G	0
NC_045512.2	1527	C	0
NC_045512.2	1528	C	0
NC_045512.2	1529	T	0
NC_045512.2	1530	A	0
NC_045512.2	1531	T	0
NC_045512.2	1532	T	0
NC_045512.2	1533	G	0
NC_045512.2	1534	G	0
NC_045512.2	1535	G	0
NC_045512.2	1536	T	0
NC_045512.2	1537	T	0
NC_045512.2	1538	C	0
NC_045512.2	1539	C	0
NC_045512.2	1540	A	0
NC_045512.2	1541	C	0
NC_045512.2	1542	G	0
NC_045512.2	1543	T	0
NC_045512.2	1544	G	0
NC_045512.2	1545	C	0
NC_045512.2	1546	T	0
NC_045512.2	1547	A	0
NC_045512.2	1548	G	0
NC_045512.2	1549	C	0
NC_045512.2	1550	G	0
NC_045512.2	1551	C	0
NC_045512.2	1552	T	0
NC_045512.2	1553	A	0
NC_045512.2	1554	A	0
NC_045512.2	1555	C	0
NC_045512.2	1556	A	0
NC_045512.2	1557	T	0
NC_045512.2	1558	A	0
NC_045512.2	1559	G	0
NC_045512.2	1560	G	0
NC_045512.2	1561	T	0
NC_045512.2	1562	T	0
NC_045512.2	1563	G	0
NC_045512.2	1564	T	0
NC_045512.2	1565	A	0
NC_045512.2	1566	A	0
NC_045512.2	1567	C	0
NC_045512.2	1568	C	0
NC_045512.2	1569	A	0
NC_045512.2	1570	T	0
NC_045512.2	1571	A	0
NC_045512.2	1572	C	0
NC_045512.2	1573	A	0
NC_045512.2	1574	G	0
NC_045512.2	1575	G	0
NC_045512.2	1576	T	0
NC_045512.2	1577	G	0
NC_045512.2	1578	T	0
NC_045512.2	1579	T	0
NC_045512.2	1580	G	0
NC_045512.2	1581	T	0
NC_045512.2	1582	T	0
NC_045512.2	1583	G	0
NC_045512.2	1584	G	0
NC_045512.2	1585	A	0
NC_045512.2	1586	G	0
NC_045512.2	1587	A	0
NC_045512.2	1588	A	0
NC_045512.2	1589	G	0
NC_045512.2	1590	G	0
NC_045512.2	1591	T	0
NC_045512.2	1592	T	0
NC_045512.2	1593	C	0
NC_045512.2	1594	C	0
NC_045512.2	1595	G	0
NC_045512.2	1596	A	0
NC_045512.2	1597	A	0
NC_045512.2	1598	G	0
NC_045512.2	1599	G	0
NC_045512.2	1600	T	0
NC_045512.2	1601	C	0
NC_045512.2	1602	T	0
NC_045512.2	1603	T	0
NC_045512.2	1604	A	0
NC_045512.2	1605	A	0
NC_045512.2	1606	T	0
NC_045512.2	1607	G	0
NC_045512.2	1608	A	0
NC_045512.2	1609	C	0
NC_045512.2	1610	A	0
NC_045512.2	1611	A	0
NC_045512.2	1612	C	0
NC_045512.2	1613	C	0
NC_045512.2	1614	T	0
NC_045512.2	1615	T	0
NC_045512.2	1616	C	0
NC_045512.2	1617	T	0
NC_045512.2	1618	T	0
NC_045512.2	1619	G	0
NC_045512.2	1620	A	0
NC_045512.2	1621	A	0
NC_045512.2	1622	A	0
NC_045512.2	1623	T	0
NC_045512.2	1624	A	0
NC_045512.2	1625	C	0
NC_045512.2	1626	T	0
NC_045512.2	1627	C	0
NC_045512.2	1628	C	0
NC_045512.2	1629	A	0
NC_045512.2	1630	A	0
NC_045512.2	1631	A	0
NC_045512.2	1632	A	0
NC_045512.2	1633	A	0
NC_045512.2	1634	G	0
NC_045512.2	1635	A	0
NC_045512.2	1636	G	0
NC_045512.2	1637	A	0
NC_045512.2	1638	A	0
NC_045512.2	1639	A	0
NC_045512.2	1640	G	0
NC_045512.2	1641	T	0
NC_045512.2	1642	C	0
NC_045512.2	1643	A	0
NC_045512.2	1644	A	0
NC_045512.2	1645	C	0
NC_045512.2	1646	A	0
NC_045512.2	1647	T	0
NC_045512.2	1648	C	0
NC_045512.2	1649	A	0
NC_045512.2	1650	A	0
NC_045512.2	1651	T	0
NC_045512.2	1652	A	0
NC_045512.2	1653	T	0
NC_045512.2	1654	T	0
NC_045512.2	1655	G	0
NC_045512.2	1656	T	0
NC_045512.2	1657	T	0
NC_045512.2	1658	G	0
NC_045512.2	1659	G	0
NC_045512.2	1660	T	0
NC_045512.2	1661	G	0
NC_045512.2	1662	A	0
NC_045512.2	1663	C	0
NC_045512.2	1664	T	0
NC_045512.2	1665	T	0
NC_045512.2	1666	T	0
NC_045512.2	1667	A	0
NC_045512.2	1668	A	0
NC_045512.2	1669	A	4
NC_045512.2	1670	C	4
NC_045512.2	1671	T	4
NC_045512.2	1672	T	4
NC_045512.2	1673	A	4
NC_045512.2	1674	A	6
NC_045512.2	1675	T	6
NC_045512.2	1676	G	8
NC_045512.2	1677	A	8
NC_045512.2	1678	A	8
NC_045512.2	1679	G	7
NC_045512.2	1680	A	10
NC_045512.2	1681	G	11
NC_045512.2	1682	A	11
NC_045512.2	1683	T	11
NC_045512.2	1684	C	11
NC_045512.2	1685	G	11
NC_045512.2	1686	C	11
NC_045512.2	1687	C	11
NC_045512.2	1688	A	11
NC_045512.2	1689	T	11
NC_045512.2	1690	T	13
NC_045512.2	1691	A	12
NC_045512.2	1692	T	12
NC_045512.2	1693	T	13
NC_045512.2	1694	T	13
NC_045512.2	1695	T	14
NC_045512.2	1696	G	12
NC_045512.2	1697	G	14
NC_045512.2	1698	C	14
NC_045512.2	1699	A	11
NC_045512.2	1700	T	11
NC_045512.2	1701	C	10
NC_045512.2	1702	T	11
NC_045512.2	1703	T	12
NC_045512.2	1704	T	12
NC_045512.2	1705	T	12
NC_045512.2	1706	T	12
NC_045512.2	1707	C	12
NC_045512.2	1708	T	11
NC_045512.2	1709	G	11
NC_045512.2	1710	C	11
NC_045512.2	1711	T	12
NC_045512.2	1712	T	12
NC_045512.2	1713	C	13
NC_045512.2	1714	C	12
NC_045512.2	1715	A	12
NC_045512.2	1716	C	12
NC_045512.2	1717	A	12
NC_045512.2	1718	A	11
NC_045512.2	1719	G	12
NC_045512.2	1720	T	12
NC_045512.2	1721	G	10
NC_045512.2	1722	C	11
NC_045512.2	1723	T	11
NC_045512.2	1724	T	11
NC_045512.2	1725	T	10
NC_045512.2	1726	T	12
NC_045512.2	1727	G	13
NC_045512.2	1728	T	12
NC_045512.2	1729	G	13
NC_045512.2	1730	G	11
NC_045512.2	1731	A	12
NC_045512.2	1732	A	13
NC_045512.2	1733	A	8
NC_045512.2	1734	C	8
NC_045512.2	1735	T	6
NC_045512.2	1736	G	7
NC_045512.2	1737	T	6
NC_045512.2	1738	G	6
NC_045512.2	1739	A	6
NC_045512.2	1740	A	6
NC_045512.2	1741	A	5
NC_045512.2	1742	G	5
NC_045512.2	1743	G	5
NC_045512.2	1744	T	5
NC_045512.2	1745	T	5
NC_045512.2	1746	T	5
NC_045512.2	1747	G	5
NC_045512.2	1748	G	4
NC_045512.2	1749	A	5
NC_045512.2	1750	T	5
NC_045512.2	1751	T	5
NC_045512.2	1752	A	4
NC_045512.2	1753	T	5
NC_045512.2	1754	A	5
NC_045512.2	1755	A	5
NC_045512.2	1756	A	3
NC_045512.2	1757	G	2
NC_045512.2	1758	C	3
NC_045512.2	1759	A	3
NC_045512.2	1760	T	3
NC_045512.2	1761	T	3
NC_045512.2	1762	C	3
NC_045512.2	1763	A	1
NC_045512.2	1764	A	1
NC_045512.2	1765	A	1
NC_045512.2	1766	C	1
NC_045512.2	1767	A	2
NC_045512.2	1768	A	2
NC_045512.2	1769	A	1
NC_045512.2	1770	T	1
NC_045512.2	1771	T	2
NC_045512.2	1772	G	1
NC_045512.2	1773	T	1
NC_045512.2	1774	T	1
NC_045512.2	1775	G	2
NC_045512.2	1776	A	5
NC_045512.2	1777	A	4
NC_045512.2	1778	T	3
NC_045512.2	1779	C	3
NC_045512.2	1780	C	3
NC_045512.2	1781	T	3
NC_045512.2	1782	G	3
NC_045512.2	1783	T	3
NC_045512.2	1784	G	3
NC_045512.2	1785	G	3
NC_045512.2	1786	T	4
NC_045512.2	1787	A	4
NC_045512.2	1788	A	4
NC_045512.2	1789	T	4
NC_045512.2	1790	T	4
NC_045512.2	1791	T	4
NC_045512.2	1792	T	4
NC_045512.2	1793	A	4
NC_045512.2	1794	A	4
NC_045512.2	1795	A	4
NC_045512.2	1796	G	4
NC_045512.2	1797	T	4
NC_045512.2	1798	T	4
NC_045512.2	1799	A	4
NC_045512.2	1800	C	4
NC_045512.2	1801	A	4
NC_045512.2	1802	A	4
NC_045512.2	1803	A	4
NC_045512.2	1804	A	4
NC_045512.2	1805	G	4
NC_045512.2	1806	G	1
NC_045512.2	1807	A	1
NC_045512.2	1808	A	1
NC_045512.2	1809	A	1
NC_045512.2	1810	A	1
NC_045512.2	1811	G	1
NC_045512.2	1812	C	1
NC_045512.2	1813	T	1
NC_045512.2	1814	A	1
NC_045512.2	1815	A	1
NC_045512.2	1816	A	0
NC_045512.2	1817	A	0
NC_045512.2	1818	A	0
NC_045512.2	1819	A	0
NC_045512.2	1820	G	0
NC_045512.2	1821	G	0
NC_045512.2	1822	T	0
NC_045512.2	1823	G	0
NC_045512.2	1824	C	0
NC_045512.2	1825	C	0
NC_045512.2	1826	T	0
NC_045512.2	1827	G	0
NC_045512.2	1828	G	0
NC_045512.2	1829	A	0
NC_045512.2	1830	A	0
NC_045512.2	1831	T	0
NC_045512.2	1832	A	0
NC_045512.2	1833	T	0
NC_045512.2	1834	T	0
NC_045512.2	1835	G	0
NC_045512.2	1836	G	0
NC_045512.2	1837	T	0
NC_045512.2	1838	G	0
NC_045512.2	1839	A	0
NC_045512.2	1840	A	0
NC_045512.2	1841	C	0
NC_045512.2	1842	A	0
NC_045512.2	1843	G	0
NC_045512.2	1844	A	0
NC_045512.2	1845	A	0
NC_045512.2	1846	A	0
NC_045512.2	1847	T	0
NC_045512.2	1848	C	0
NC_045512.2	1849	A	0
NC_045512.2	1850	A	0
NC_045512.2	1851	T	0
NC_045512.2	1852	A	0
NC_045512.2	1853	C	0
NC_045512.2	1854	T	0
NC_045512.2	1855	G	0
NC_045512.2	1856	A	0
NC_045512.2	1857	G	0
NC_045512.2	1858	T	0
NC_045512.2	1859	C	0
NC_045512.2	1860	C	0
NC_045512.2	1861	T	0
NC_045512.2	1862	C	0
NC_045512.2	1863	T	0
NC_045512.2	1864	T	0
NC_045512.2	1865	T	0
NC_045512.2	1866	A	0
NC_045512.2	1867	T	0
NC_045512.2	1868	G	0
NC_045512.2	1869	C	0
NC_045512.2	1870	A	0
NC_045512.2	1871	T	0
NC_045512.2	1872	T	0
NC_045512.2	1873	T	0
NC_045512.2	1874	G	0
NC_045512.2	1875	C	0
NC_045512.2	1876	A	0
NC_045512.2	1877	T	0
NC_045512.2	1878	C	0
NC_045512.2	1879	A	0
NC_045512.2	1880	G	0
NC_045512.2	1881	A	0
NC_045512.2	1882	G	0
NC_045512.2	1883	G	0
NC_045512.2	1884	C	0
NC_045512.2	1885	T	0
NC_045512.2	1886	G	0
NC_045512.2	1887	C	0
NC_045512.2	1888	T	0
NC_045512.2	1889	C	0
NC_045512.2	1890	G	0
NC_045512.2	1891	T	0
NC_045512.2	1892	G	0
NC_045512.2	1893	T	0
NC_045512.2	1894	T	0
NC_045512.2	1895	G	0
NC_045512.2	1896	T	0
NC_045512.2	1897	A	0
NC_045512.2	1898	C	0
NC_045512.2	1899	G	0
NC_045512.2	1900	A	0
NC_045512.2	1901	T	0
NC_045512.2	1902	C	0
NC_045512.2	1903	A	0
NC_045512.2	1904	A	0
NC_045512.2	1905	T	0
NC_045512.2	1906	T	0
NC_045512.2	1907	T	0
NC_045512.2	1908	T	0
NC_045512.2	1909	C	0
NC_045512.2	1910	T	0
NC_045512.2	1911	C	0
NC_045512.2	1912	C	0
NC_045512.2	1913	C	0
NC_045512.2	1914	G	0
NC_045512.2	1915	C	0
NC_045512.2	1916	A	0
NC_045512.2	1917	C	0
NC_045512.2	1918	T	0
NC_045512.2	1919	C	0
NC_045512.2	1920	T	0
NC_045512.2	1921	T	0
NC_045512.2	1922	G	0
NC_045512.2	1923	A	1
NC_045512.2	1924	A	1
NC_045512.2	1925	A	1
NC_045512.2	1926	C	1
NC_045512.2	1927	T	1
NC_045512.2	1928	G	1
NC_045512.2	1929	C	1
NC_045512.2	1930	T	0
NC_045512.2	1931	C	1
NC_045512.2	1932	A	1
NC_045512.2	1933	A	1
NC_045512.2	1934	A	1
NC_045512.2	1935	A	1
NC_045512.2	1936	T	0
NC_045512.2	1937	T	1
NC_045512.2	1938	C	1
NC_045512.2	1939	T	0
NC_045512.2	1940	G	1
NC_045512.2	1941	T	1
NC_045512.2	1942	G	1
NC_045512.2	1943	C	1
NC_045512.2	1944	G	1
NC_045512.2	1945	T	1
NC_045512.2	1946	G	1
NC_045512.2	1947	T	1
NC_045512.2	1948	T	1
NC_045512.2	1949	T	1
NC_045512.2	1950	T	1
NC_045512.2	1951	A	1
NC_045512.2	1952	C	1
NC_045512.2	1953	A	0
NC_045512.2	1954	G	0
NC_045512.2	1955	A	0
NC_045512.2	1956	A	0
NC_045512.2	1957	G	0
NC_045512.2	1958	G	0
NC_045512.2	1959	C	0
NC_045512.2	1960	C	0
NC_045512.2	1961	G	0
NC_045512.2	1962	C	0
NC_045512.2	1963	T	0
NC_045512.2	1964	A	0
NC_045512.2	1965	T	0
NC_045512.2	1966	A	0
NC_045512.2	1967	A	0
NC_045512.2	1968	C	0
NC_045512.2	1969	A	0
NC_045512.2	1970	A	0
NC_045512.2	1971	T	0
NC_045512.2	1972	A	0
NC_045512.2	1973	C	0
NC_045512.2	1974	T	0
NC_045512.2	1975	A	0
NC_045512.2	1976	G	0
NC_045512.2	1977	A	0
NC_045512.2	1978	T	0
NC_045512.2	1979	G	0
NC_045512.2	1980	G	1
NC_045512.2	1981	A	10
NC_045512.2	1982	A	14
NC_045512.2	1983	T	29
NC_045512.2	1984	T	29
NC_045512.2	1985	T	29
NC_045512.2	1986	C	29
NC_045512.2	1987	A	31
NC_045512.2	1988	C	30
NC_045512.2	1989	A	32
NC_045512.2	1990	G	29
NC_045512.2	1991	T	32
NC_045512.2	1992	A	32
NC_045512.2	1993	T	33
NC_045512.2	1994	T	33
NC_045512.2	1995	C	35
NC_045512.2	1996	A	41
NC_045512.2	1997	C	41
NC_045512.2	1998	T	43
NC_045512.2	1999	G	40
NC_045512.2	2000	A	41
NC_045512.2	2001	G	41
NC_045512.2	2002	A	45
NC_045512.2	2003	C	43
NC_045512.2	2004	T	45
NC_045512.2	2005	C	50
NC_045512.2	2006	A	50
NC_045512.2	2007	T	48
NC_045512.2	2008	T	51
NC_045512.2	2009	G	49
NC_045512.2	2010	A	46
NC_045512.2	2011	T	43
NC_045512.2	2012	G	42
NC_045512.2	2013	C	28
NC_045512.2	2014	T	29
NC_045512.2	2015	A	30
NC_045512.2	2016	T	29
NC_045512.2	2017	G	28
NC_045512.2	2018	A	29
NC_045512.2	2019	T	26
NC_045512.2	2020	G	29
NC_045512.2	2021	T	30
NC_045512.2	2022	T	28
NC_045512.2	2023	C	27
NC_045512.2	2024	A	29
NC_045512.2	2025	C	33
NC_045512.2	2026	A	27
NC_045512.2	2027	T	25
NC_045512.2	2028	C	25
NC_045512.2	2029	T	25
NC_045512.2	2030	G	26
NC_045512.2	2031	A	26
NC_045512.2	2032	T	27
NC_045512.2	2033	T	26
NC_045512.2	2034	T	27
NC_045512.2	2035	G	27
NC_045512.2	2036	G	32
NC_045512.2	2037	C	32
NC_045512.2	2038	T	37
NC_045512.2	2039	A	36
NC_045512.2	2040	C	37
NC_045512.2	2041	T	35
NC_045512.2	2042	A	35
NC_045512.2	2043	A	33
NC_045512.2	2044	C	34
NC_045512.2	2045	A	35
NC_045512.2	2046	A	34
NC_045512.2	2047	T	32
NC_045512.2	2048	C	34
NC_045512.2	2049	T	34
NC_045512.2	2050	A	34
NC_045512.2	2051	G	35
NC_045512.2	2052	T	35
NC_045512.2	2053	T	35
NC_045512.2	2054	G	33
NC_045512.2	2055	T	23
NC_045512.2	2056	A	21
NC_045512.2	2057	A	22
NC_045512.2	2058	T	24
NC_045512.2	2059	G	24
NC_045512.2	2060	G	22
NC_045512.2	2061	C	20
NC_045512.2	2062	C	22
NC_045512.2	2063	T	22
NC_045512.2	2064	A	22
NC_045512.2	2065	C	17
NC_045512.2	2066	A	8
NC_045512.2	2067	T	8
NC_045512.2	2068	T	5
NC_045512.2	2069	A	5
NC_045512.2	2070	C	5
NC_045512.2	2071	A	6
NC_045512.2	2072	G	7
NC_045512.2	2073	G	7
NC_045512.2	2074	T	7
NC_045512.2	2075	G	7
NC_045512.2	2076	G	7
NC_045512.2	2077	T	14
NC_045512.2	2078	G	14
NC_045512.2	2079	T	13
NC_045512.2	2080	T	13
NC_045512.2	2081	G	16
NC_045512.2	2082	T	19
NC_045512.2	2083	T	25
NC_045512.2	2084	C	27
NC_045512.2	2085	A	26
NC_045512.2	2086	G	25
NC_045512.2	2087	T	27
NC_045512.2	2088	T	25
NC_045512.2	2089	G	26
NC_045512.2	2090	A	27
NC_045512.2	2091	C	26
NC_045512.2	2092	T	26
NC_045512.2	2093	T	30
NC_045512.2	2094	C	30
NC_045512.2	2095	G	30
NC_045512.2	2096	C	30
NC_045512.2	2097	A	29
NC_045512.2	2098	G	30
NC_045512.2	2099	T	29
NC_045512.2	2100	G	29
NC_045512.2	2101	G	29
NC_045512.2	2102	C	29
NC_045512.2	2103	T	28
NC_045512.2	2104	A	29
NC_045512.2	2105	A	29
NC_045512.2	2106	C	28
NC_045512.2	2107	T	21
NC_045512.2	2108	A	21
NC_045512.2	2109	A	20
NC_045512.2	2110	C	19
NC_045512.2	2111	A	16
NC_045512.2	2112	T	12
NC_045512.2	2113	C	6
NC_045512.2	2114	T	6
NC_045512.2	2115	T	6
NC_045512.2	2116	T	6
NC_045512.2	2117	G	4
NC_045512.2	2118	G	4
NC_045512.2	2119	C	4
NC_045512.2	2120	A	3
NC_045512.2	2121	C	3
NC_045512.2	2122	T	3
NC_045512.2	2123	G	1
NC_045512.2	2124	T	1
NC_045512.2	2125	T	0
NC_045512.2	2126	T	0
NC_045512.2	2127	A	0
NC_045512.2	2128	T	0
NC_045512.2	2129	G	0
NC_045512.2	2130	A	0
NC_045512.2	2131	A	0
NC_045512.2	2132	A	0
NC_045512.2	2133	A	0
NC_045512.2	2134	A	0
NC_045512.2	2135	C	0
NC_045512.2	2136	T	0
NC_045512.2	2137	C	0
NC_045512.2	2138	A	0
NC_045512.2	2139	A	0
NC_045512.2	2140	A	0
NC_045512.2	2141	C	0
NC_045512.2	2142	C	0
NC_045512.2	2143	C	0
NC_045512.2	2144	G	0
NC_045512.2	2145	T	0
NC_045512.2	2146	C	0
NC_045512.2	2147	C	0
NC_045512.2	2148	T	0
NC_045512.2	2149	T	0
NC_045512.2	2150	G	0
NC_045512.2	2151	A	0
NC_045512.2	2152	T	0
NC_045512.2	2153	T	0
NC_045512.2	2154	G	0
NC_045512.2	2155	G	0
NC_045512.2	2156	C	0
NC_045512.2	2157	T	0
NC_045512.2	2158	T	0
NC_045512.2	2159	G	0
NC_045512.2	2160	A	0
NC_045512.2	2161	A	0
NC_045512.2	2162	G	0
NC_045512.2	2163	A	0
NC_045512.2	2164	G	0
NC_045512.2	2165	A	0
NC_045512.2	2166	A	0
NC_045512.2	2167	G	0
NC_045512.2	2168	T	0
NC_045512.2	2169	T	0
NC_045512.2	2170	T	0
NC_045512.2	2171	A	0
NC_045512.2	2172	A	0
NC_045512.2	2173	G	0
NC_045512.2	2174	G	0
NC_045512.2	2175	A	0
NC_045512.2	2176	A	0
NC_045512.2	2177	G	0
NC_045512.2	2178	G	0
NC_045512.2	2179	T	0
NC_045512.2	2180	G	0
NC_045512.2	2181	T	0
NC_045512.2	2182	A	0
NC_045512.2	2183	G	0
NC_045512.2	2184	A	0
NC_045512.2	2185	G	0
NC_045512.2	2186	T	0
NC_045512.2	2187	T	0
NC_045512.2	2188	T	0
NC_045512.2	2189	C	0
NC_045512.2	2190	T	0
NC_045512.2	2191	T	0
NC_045512.2	2192	A	0
NC_045512.2	2193	G	0
NC_045512.2	2194	A	0
NC_045512.2	2195	G	0
NC_045512.2	2196	A	0
NC_045512.2	2197	C	0
NC_045512.2	2198	G	0
NC_045512.2	2199	G	0
NC_045512.2	2200	T	0
NC_045512.2	2201	T	0
NC_045512.2	2202	G	0
NC_045512.2	2203	G	0
NC_045512.2	2204	G	0
NC_045512.2	2205	A	0
NC_045512.2	2206	A	0
NC_045512.2	2207	A	0
NC_045512.2	2208	T	0
NC_045512.2	2209	T	0
NC_045512.2	2210	G	0
NC_045512.2	2211	T	0
NC_045512.2	2212	T	0
NC_045512.2	2213	A	0
NC_045512.2	2214	A	0
NC_045512.2	2215	A	0
NC_045512.2	2216	T	0
NC_045512.2	2217	T	0
NC_045512.2	2218	T	0
NC_045512.2	2219	A	0
NC_045512.2	2220	T	0
NC_045512.2	2221	C	0
NC_045512.2	2222	T	0
NC_045512.2	2223	C	0
NC_045512.2	2224	A	0
NC_045512.2	2225	A	0
NC_045512.2	2226	C	0
NC_045512.2	2227	C	0
NC_045512.2	2228	T	0
NC_045512.2	2229	G	0
NC_045512.2	2230	T	0
NC_045512.2	2231	G	0
NC_045512.2	2232	C	0
NC_045512.2	2233	T	0
NC_045512.2	2234	T	0
NC_045512.2	2235	G	0
NC_045512.2	2236	T	0
NC_045512.2	2237	G	0
NC_045512.2	2238	A	0
NC_045512.2	2239	A	0
NC_045512.2	2240	A	0
NC_045512.2	2241	T	0
NC_045512.2	2242	T	0
NC_045512.2	2243	G	0
NC_045512.2	2244	T	0
NC_045512.2	2245	C	0
NC_045512.2	2246	G	0
NC_045512.2	2247	G	0
NC_045512.2	2248	T	0
NC_045512.2	2249	G	0
NC_045512.2	2250	G	0
NC_045512.2	2251	A	0
NC_045512.2	2252	C	0
NC_045512.2	2253	A	0
NC_045512.2	2254	A	0
NC_045512.2	2255	A	0
NC_045512.2	2256	T	0
NC_045512.2	2257	T	0
NC_045512.2	2258	G	0
NC_045512.2	2259	T	0
NC_045512.2	2260	C	0
NC_045512.2	2261	A	0
NC_045512.2	2262	C	0
NC_045512.2	2263	C	0
NC_045512.2	2264	T	0
NC_045512.2	2265	G	0
NC_045512.2	2266	T	0
NC_045512.2	2267	G	0
NC_045512.2	2268	C	0
NC_045512.2	2269	A	0
NC_045512.2	2270	A	0
NC_045512.2	2271	A	0
NC_045512.2	2272	G	0
NC_045512.2	2273	G	0
NC_045512.2	2274	A	0
NC_045512.2	2275	A	0
NC_045512.2	2276	A	0
NC_045512.2	2277	T	0
NC_045512.2	2278	T	0
NC_045512.2	2279	A	0
NC_045512.2	2280	A	0
NC_045512.2	2281	G	0
NC_045512.2	2282	G	0
NC_045512.2	2283	A	0
NC_045512.2	2284	G	0
NC_045512.2	2285	A	0
NC_045512.2	2286	G	0
NC_045512.2	2287	T	0
NC_045512.2	2288	G	0
NC_045512.2	2289	T	0
NC_045512.2	2290	T	0
NC_045512.2	2291	C	0
NC_045512.2	2292	A	0
NC_045512.2	2293	G	0
NC_045512.2	2294	A	0
NC_045512.2	2295	C	0
NC_045512.2	2296	A	0
NC_045512.2	2297	T	0
NC_045512.2	2298	T	0
NC_045512.2	2299	C	0
NC_045512.2	2300	T	0
NC_045512.2	2301	T	0
NC_045512.2	2302	T	0
NC_045512.2	2303	A	0
NC_045512.2	2304	A	0
NC_045512.2	2305	G	0
NC_045512.2	2306	C	0
NC_045512.2	2307	T	0
NC_045512.2	2308	T	0
NC_045512.2	2309	G	0
NC_045512.2	2310	T	0
NC_045512.2	2311	A	0
NC_045512.2	2312	A	0
NC_045512.2	2313	A	0
NC_045512.2	2314	T	0
NC_045512.2	2315	A	0
NC_045512.2	2316	A	0
NC_045512.2	2317	A	0
NC_045512.2	2318	T	0
NC_045512.2	2319	T	0
NC_045512.2	2320	T	0
NC_045512.2	2321	T	0
NC_045512.2	2322	T	0
NC_045512.2	2323	G	0
NC_045512.2	2324	G	0
NC_045512.2	2325	C	0
NC_045512.2	2326	T	0
NC_045512.2	2327	T	0
NC_045512.2	2328	T	0
NC_045512.2	2329	G	0
NC_045512.2	2330	T	0
NC_045512.2	2331	G	0
NC_045512.2	2332	T	0
NC_045512.2	2333	G	0
NC_045512.2	2334	C	0
NC_045512.2	2335	T	0
NC_045512.2	2336	G	0
NC_045512.2	2337	A	0
NC_045512.2	2338	C	0
NC_045512.2	2339	T	0
NC_045512.2	2340	C	0
NC_045512.2	2341	T	0
NC_045512.2	2342	A	0
NC_045512.2	2343	T	0
NC_045512.2	2344	C	0
NC_045512.2	2345	A	0
NC_045512.2	2346	T	0
NC_045512.2	2347	T	0
NC_045512.2	2348	A	0
NC_045512.2	2349	T	0
NC_045512.2	2350	T	0
NC_045512.2	2351	G	0
NC_045512.2	2352	G	0
NC_045512.2	2353	T	0
NC_045512.2	2354	G	0
NC_045512.2	2355	G	0
NC_045512.2	2356	A	0
NC_045512.2	2357	G	0
NC_045512.2	2358	C	0
NC_045512.2	2359	T	0
NC_045512.2	2360	A	0
NC_045512.2	2361	A	0
NC_045512.2	2362	A	0
NC_045512.2	2363	C	0
NC_045512.2	2364	T	0
NC_045512.2	2365	T	0
NC_045512.2	2366	A	0
NC_045512.2	2367	A	0
NC_045512.2	2368	A	0
NC_045512.2	2369	G	0
NC_045512.2	2370	C	0
NC_045512.2	2371	C	0
NC_045512.2	2372	T	0
NC_045512.2	2373	T	0
NC_045512.2	2374	G	0
NC_045512.2	2375	A	0
NC_045512.2	2376	A	0
NC_045512.2	2377	T	0
NC_045512.2	2378	T	0
NC_045512.2	2379	T	0
NC_045512.2	2380	A	0
NC_045512.2	2381	G	0
NC_045512.2	2382	G	0
NC_045512.2	2383	T	0
NC_045512.2	2384	G	0
NC_045512.2	2385	A	0
NC_045512.2	2386	A	0
NC_045512.2	2387	A	0
NC_045512.2	2388	C	0
NC_045512.2	2389	A	0
NC_045512.2	2390	T	0
NC_045512.2	2391	T	0
NC_045512.2	2392	T	0
NC_045512.2	2393	G	0
NC_045512.2	2394	T	0
NC_045512.2	2395	C	0
NC_045512.2	2396	A	0
NC_045512.2	2397	C	0
NC_045512.2	2398	G	0
NC_045512.2	2399	C	0
NC_045512.2	2400	A	0
NC_045512.2	2401	C	0
NC_045512.2	2402	T	0
NC_045512.2	2403	C	0
NC_045512.2	2404	A	0
NC_045512.2	2405	A	0
NC_045512.2	2406	A	0
NC_045512.2	2407	G	0
NC_045512.2	2408	G	0
NC_045512.2	2409	G	0
NC_045512.2	2410	A	0
NC_045512.2	2411	T	0
NC_045512.2	2412	T	0
NC_045512.2	2413	G	0
NC_045512.2	2414	T	0
NC_045512.2	2415	A	0
NC_045512.2	2416	C	0
NC_045512.2	2417	A	0
NC_045512.2	2418	G	0
NC_045512.2	2419	A	0
NC_045512.2	2420	A	0
NC_045512.2	2421	A	0
NC_045512.2	2422	G	0
NC_045512.2	2423	T	0
NC_045512.2	2424	G	0
NC_045512.2	2425	T	0
NC_045512.2	2426	G	0
NC_045512.2	2427	T	0
NC_045512.2	2428	T	0
NC_045512.2	2429	A	0
NC_045512.2	2430	A	0
NC_045512.2	2431	A	0
NC_045512.2	2432	T	0
NC_045512.2	2433	C	0
NC_045512.2	2434	C	0
NC_045512.2	2435	A	0
NC_045512.2	2436	G	0
NC_045512.2	2437	A	0
NC_045512.2	2438	G	0
NC_045512.2	2439	A	0
NC_045512.2	2440	A	0
NC_045512.2	2441	G	0
NC_045512.2	2442	A	0
NC_045512.2	2443	A	0
NC_045512.2	2444	A	0
NC_045512.2	2445	C	0
NC_045512.2	2446	T	0
NC_045512.2	2447	G	0
NC_045512.2	2448	G	0
NC_045512.2	2449	C	0
NC_045512.2	2450	C	0
NC_045512.2	2451	T	0
NC_045512.2	2452	A	0
NC_045512.2	2453	C	0
NC_045512.2	2454	T	0
NC_045512.2	2455	C	0
NC_045512.2	2456	A	0
NC_045512.2	2457	T	0
NC_045512.2	2458	G	0
NC_045512.2	2459	C	0
NC_045512.2	2460	C	0
NC_045512.2	2461	T	0
NC_045512.2	2462	C	0
NC_045512.2	2463	T	0
NC_045512.2	2464	A	0
NC_045512.2	2465	A	0
NC_045512.2	2466	A	0
NC_045512.2	2467	A	0
NC_045512.2	2468	G	0
NC_045512.2	2469	C	0
NC_045512.2	2470	C	0
NC_045512.2	2471	C	0
NC_045512.2	2472	C	0
NC_045512.2	2473	A	0
NC_045512.2	2474	A	0
NC_045512.2	2475	A	0
NC_045512.2	2476	A	0
NC_045512.2	2477	G	0
NC_045512.2	2478	A	0
NC_045512.2	2479	A	0
NC_045512.2	2480	A	0
NC_045512.2	2481	T	0
NC_045512.2	2482	T	0
NC_045512.2	2483	A	0
NC_045512.2	2484	T	0
NC_045512.2	2485	C	0
NC_045512.2	2486	T	0
NC_045512.2	2487	T	0
NC_045512.2	2488	C	0
NC_045512.2	2489	T	0
NC_045512.2	2490	T	0
NC_045512.2	2491	A	0
NC_045512.2	2492	G	0
NC_045512.2	2493	A	0
NC_045512.2	2494	G	0
NC_045512.2	2495	G	0
NC_045512.2	2496	G	0
NC_045512.2	2497	A	0
NC_045512.2	2498	G	0
NC_045512.2	2499	A	0
NC_045512.2	2500	A	0
NC_045512.2	2501	A	0
NC_045512.2	2502	C	0
NC_045512.2	2503	A	0
NC_045512.2	2504	C	0
NC_045512.2	2505	T	0
NC_045512.2	2506	T	0
NC_045512.2	2507	C	0
NC_045512.2	2508	C	0
NC_045512.2	2509	C	0
NC_045512.2	2510	A	0
NC_045512.2	2511	C	0
NC_045512.2	2512	A	0
NC_045512.2	2513	G	0
NC_045512.2	2514	A	0
NC_045512.2	2515	A	0
NC_045512.2	2516	G	0
NC_045512.2	2517	T	0
NC_045512.2	2518	G	0
NC_045512.2	2519	T	0
NC_045512.2	2520	T	0
NC_045512.2	2521	A	0
NC_045512.2	2522	A	0
NC_045512.2	2523	C	0
NC_045512.2	2524	A	0
NC_045512.2	2525	G	0
NC_045512.2	2526	A	0
NC_045512.2	2527	G	0
NC_045512.2	2528	G	0
NC_045512.2	2529	A	0
NC_045512.2	2530	A	0
NC_045512.2	2531	G	0
NC_045512.2	2532	T	0
NC_045512.2	2533	T	0
NC_045512.2	2534	G	0
NC_045512.2	2535	T	0
NC_045512.2	2536	C	0
NC_045512.2	2537	T	0
NC_045512.2	2538	T	0
NC_045512.2	2539	G	0
NC_045512.2	2540	A	0
NC_045512.2	2541	A	0
NC_045512.2	2542	A	0
NC_045512.2	2543	A	0
NC_045512.2	2544	C	0
NC_045512.2	2545	T	0
NC_045512.2	2546	G	0
NC_045512.2	2547	G	0
NC_045512.2	2548	T	0
NC_045512.2	2549	G	0
NC_045512.2	2550	A	0
NC_045512.2	2551	T	0
NC_045512.2	2552	T	0
NC_045512.2	2553	T	0
NC_045512.2	2554	A	0
NC_045512.2	2555	C	0
NC_045512.2	2556	A	0
NC_045512.2	2557	A	0
NC_045512.2	2558	C	0
NC_045512.2	2559	C	0
NC_045512.2	2560	A	0
NC_045512.2	2561	T	0
NC_045512.2	2562	T	0
NC_045512.2	2563	A	0
NC_045512.2	2564	G	0
NC_045512.2	2565	A	0
NC_045512.2	2566	A	0
NC_045512.2	2567	C	0
NC_045512.2	2568	A	0
NC_045512.2	2569	A	0
NC_045512.2	2570	C	0
NC_045512.2	2571	C	0
NC_045512.2	2572	T	0
NC_045512.2	2573	A	0
NC_045512.2	2574	C	0
NC_045512.2	2575	T	0
NC_045512.2	2576	A	0
NC_045512.2	2577	G	0
NC_045512.2	2578	T	0
NC_045512.2	2579	G	0
NC_045512.2	2580	A	0
NC_045512.2	2581	A	0
NC_045512.2	2582	G	0
NC_045512.2	2583	C	0
NC_045512.2	2584	T	0
NC_045512.2	2585	G	0
NC_045512.2	2586	T	0
NC_045512.2	2587	T	0
NC_045512.2	2588	G	0
NC_045512.2	2589	A	0
NC_045512.2	2590	A	0
NC_045512.2	2591	G	0
NC_045512.2	2592	C	0
NC_045512.2	2593	T	0
NC_045512.2	2594	C	0
NC_045512.2	2595	C	0
NC_045512.2	2596	A	0
NC_045512.2	2597	T	0
NC_045512.2	2598	T	0
NC_045512.2	2599	G	0
NC_045512.2	2600	G	0
NC_045512.2	2601	T	0
NC_045512.2	2602	T	0
NC_045512.2	2603	G	0
NC_045512.2	2604	G	0
NC_045512.2	2605	T	0
NC_045512.2	2606	A	0
NC_045512.2	2607	C	0
NC_045512.2	2608	A	0
NC_045512.2	2609	C	0
NC_045512.2	2610	C	0
NC_045512.2	2611	A	0
NC_045512.2	2612	G	0
NC_045512.2	2613	T	0
NC_045512.2	2614	T	0
NC_045512.2	2615	T	0
NC_045512.2	2616	G	0
NC_045512.2	2617	T	0
NC_045512.2	2618	A	0
NC_045512.2	2619	T	0
NC_045512.2	2620	T	0
NC_045512.2	2621	A	0
NC_045512.2	2622	A	0
NC_045512.2	2623	C	0
NC_045512.2	2624	G	0
NC_045512.2	2625	G	0
NC_045512.2	2626	G	0
NC_045512.2	2627	C	0
NC_045512.2	2628	T	0
NC_045512.2	2629	T	0
NC_045512.2	2630	A	0
NC_045512.2	2631	T	0
NC_045512.2	2632	G	0
NC_045512.2	2633	T	0
NC_045512.2	2634	T	0
NC_045512.2	2635	G	0
NC_045512.2	2636	C	0
NC_045512.2	2637	T	0
NC_045512.2	2638	C	0
NC_045512.2	2639	G	0
NC_045512.2	2640	A	0
NC_045512.2	2641	A	0
NC_045512.2	2642	A	0
NC_045512.2	2643	T	0
NC_045512.2	2644	C	0
NC_045512.2	2645	A	0
NC_045512.2	2646	A	0
NC_045512.2	2647	A	0
NC_045512.2	2648	G	0
NC_045512.2	2649	A	0
NC_045512.2	2650	C	0
NC_045512.2	2651	A	0
NC_045512.2	2652	C	0
NC_045512.2	2653	A	0
NC_045512.2	2654	G	0
NC_045512.2	2655	A	0
NC_045512.2	2656	A	0
NC_045512.2	2657	A	0
NC_045512.2	2658	A	0
NC_045512.2	2659	G	0
NC_045512.2	2660	T	0
NC_045512.2	2661	A	0
NC_045512.2	2662	C	0
NC_045512.2	2663	T	0
NC_045512.2	2664	G	0
NC_045512.2	2665	T	0
NC_045512.2	2666	G	0
NC_045512.2	2667	C	0
NC_045512.2	2668	C	0
NC_045512.2	2669	C	0
NC_045512.2	2670	T	0
NC_045512.2	2671	T	0
NC_045512.2	2672	G	0
NC_045512.2	2673	C	0
NC_045512.2	2674	A	0
NC_045512.2	2675	C	0
NC_045512.2	2676	C	0
NC_045512.2	2677	T	0
NC_045512.2	2678	A	0
NC_045512.2	2679	A	0
NC_045512.2	2680	T	0
NC_045512.2	2681	A	0
NC_045512.2	2682	T	0
NC_045512.2	2683	G	0
NC_045512.2	2684	A	0
NC_045512.2	2685	T	0
NC_045512.2	2686	G	0
NC_045512.2	2687	G	0
NC_045512.2	2688	T	0
NC_045512.2	2689	A	0
NC_045512.2	2690	A	0
NC_045512.2	2691	C	0
NC_045512.2	2692	A	0
NC_045512.2	2693	A	0
NC_045512.2	2694	A	0
NC_045512.2	2695	C	0
NC_045512.2	2696	A	0
NC_045512.2	2697	A	0
NC_045512.2	2698	T	0
NC_045512.2	2699	A	0
NC_045512.2	2700	C	0
NC_045512.2	2701	C	0
NC_045512.2	2702	T	0
NC_045512.2	2703	T	0
NC_045512.2	2704	C	0
NC_045512.2	2705	A	0
NC_045512.2	2706	C	0
NC_045512.2	2707	A	0
NC_045512.2	2708	C	0
NC_045512.2	2709	T	0
NC_045512.2	2710	C	0
NC_045512.2	2711	A	0
NC_045512.2	2712	A	0
NC_045512.2	2713	A	0
NC_045512.2	2714	G	0
NC_045512.2	2715	G	0
NC_045512.2	2716	C	0
NC_045512.2	2717	G	0
NC_045512.2	2718	G	0
NC_045512.2	2719	T	0
NC_045512.2	2720	G	0
NC_045512.2	2721	C	0
NC_045512.2	2722	A	0
NC_045512.2	2723	C	0
NC_045512.2	2724	C	0
NC_045512.2	2725	A	0
NC_045512.2	2726	A	0
NC_045512.2	2727	C	0
NC_045512.2	2728	A	0
NC_045512.2	2729	A	0
NC_045512.2	2730	A	0
NC_045512.2	2731	G	0
NC_045512.2	2732	G	0
NC_045512.2	2733	T	0
NC_045512.2	2734	T	0
NC_045512.2	2735	A	0
NC_045512.2	2736	C	0
NC_045512.2	2737	T	0
NC_045512.2	2738	T	0
NC_045512.2	2739	T	0
NC_045512.2	2740	T	0
NC_045512.2	2741	G	0
NC_045512.2	2742	G	0
NC_045512.2	2743	T	0
NC_045512.2	2744	G	0
NC_045512.2	2745	A	0
NC_045512.2	2746	T	0
NC_045512.2	2747	G	0
NC_045512.2	2748	A	0
NC_045512.2	2749	C	0
NC_045512.2	2750	A	0
NC_045512.2	2751	C	0
NC_045512.2	2752	T	0
NC_045512.2	2753	G	0
NC_045512.2	2754	T	0
NC_045512.2	2755	G	0
NC_045512.2	2756	A	0
NC_045512.2	2757	T	0
NC_045512.2	2758	A	0
NC_045512.2	2759	G	0
NC_045512.2	2760	A	0
NC_045512.2	2761	A	0
NC_045512.2	2762	G	0
NC_045512.2	2763	T	0
NC_045512.2	2764	G	0
NC_045512.2	2765	C	0
NC_045512.2	2766	A	0
NC_045512.2	2767	A	0
NC_045512.2	2768	G	0
NC_045512.2	2769	G	0
NC_045512.2	2770	T	0
NC_045512.2	2771	T	0
NC_045512.2	2772	A	0
NC_045512.2	2773	C	0
NC_045512.2	2774	A	0
NC_045512.2	2775	A	0
NC_045512.2	2776	G	0
NC_045512.2	2777	A	0
NC_045512.2	2778	G	0
NC_045512.2	2779	T	0
NC_045512.2	2780	G	0
NC_045512.2	2781	T	0
NC_045512.2	2782	G	0
NC_045512.2	2783	A	0
NC_045512.2	2784	A	0
NC_045512.2	2785	T	0
NC_045512.2	2786	A	0
NC_045512.2	2787	T	0
NC_045512.2	2788	C	0
NC_045512.2	2789	A	0
NC_045512.2	2790	C	0
NC_045512.2	2791	T	0
NC_045512.2	2792	T	0
NC_045512.2	2793	T	0
NC_045512.2	2794	T	0
NC_045512.2	2795	G	0
NC_045512.2	2796	A	0
NC_045512.2	2797	A	0
NC_045512.2	2798	C	0
NC_045512.2	2799	T	0
NC_045512.2	2800	T	0
NC_045512.2	2801	G	0
NC_045512.2	2802	A	0
NC_045512.2	2803	T	0
NC_045512.2	2804	G	0
NC_045512.2	2805	A	0
NC_045512.2	2806	A	0
NC_045512.2	2807	A	0
NC_045512.2	2808	G	0
NC_045512.2	2809	G	0
NC_045512.2	2810	A	0
NC_045512.2	2811	T	0
NC_045512.2	2812	T	0
NC_045512.2	2813	G	0
NC_045512.2	2814	A	0
NC_045512.2	2815	T	0
NC_045512.2	2816	A	0
NC_045512.2	2817	A	0
NC_045512.2	2818	A	0
NC_045512.2	2819	G	0
NC_045512.2	2820	T	0
NC_045512.2	2821	A	0
NC_045512.2	2822	C	0
NC_045512.2	2823	T	0
NC_045512.2	2824	T	0
NC_045512.2	2825	A	0
NC_045512.2	2826	A	0
NC_045512.2	2827	T	0
NC_045512.2	2828	G	0
NC_045512.2	2829	A	0
NC_045512.2	2830	G	0
NC_045512.2	2831	A	0
NC_045512.2	2832	A	0
NC_045512.2	2833	G	0
NC_045512.2	2834	T	0
NC_045512.2	2835	G	0
NC_045512.2	2836	C	0
NC_045512.2	2837	T	0
NC_045512.2	2838	C	0
NC_045512.2	2839	T	0
NC_045512.2	2840	G	0
NC_045512.2	2841	C	0
NC_045512.2	2842	C	0
NC_045512.2	2843	T	0
NC_045512.2	2844	A	0
NC_045512.2	2845	T	0
NC_045512.2	2846	A	0
NC_045512.2	2847	C	0
NC_045512.2	2848	A	0
NC_045512.2	2849	G	0
NC_045512.2	2850	T	0
NC_045512.2	2851	T	0
NC_045512.2	2852	G	0
NC_045512.2	2853	A	0
NC_045512.2	2854	A	0
NC_045512.2	2855	C	0
NC_045512.2	2856	T	0
NC_045512.2	2857	C	0
NC_045512.2	2858	G	0
NC_045512.2	2859	G	0
NC_045512.2	2860	T	0
NC_045512.2	2861	A	0
NC_045512.2	2862	C	0
NC_045512.2	2863	A	0
NC_045512.2	2864	G	0
NC_045512.2	2865	A	0
NC_045512.2	2866	A	0
NC_045512.2	2867	G	0
NC_045512.2	2868	T	0
NC_045512.2	2869	A	0
NC_045512.2	2870	A	0
NC_045512.2	2871	A	0
NC_045512.2	2872	T	0
NC_045512.2	2873	G	0
NC_045512.2	2874	A	0
NC_045512.2	2875	G	0
NC_045512.2	2876	T	0
NC_045512.2	2877	T	0
NC_045512.2	2878	C	0
NC_045512.2	2879	G	0
NC_045512.2	2880	C	0
NC_045512.2	2881	C	0
NC_045512.2	2882	T	0
NC_045512.2	2883	G	0
NC_045512.2	2884	T	0
NC_045512.2	2885	G	0
NC_045512.2	2886	T	0
NC_045512.2	2887	T	0
NC_045512.2	2888	G	0
NC_045512.2	2889	T	0
NC_045512.2	2890	G	0
NC_045512.2	2891	G	0
NC_045512.2	2892	C	0
NC_045512.2	2893	A	0
NC_045512.2	2894	G	0
NC_045512.2	2895	A	0
NC_045512.2	2896	T	0
NC_045512.2	2897	G	0
NC_045512.2	2898	C	0
NC_045512.2	2899	T	0
NC_045512.2	2900	G	0
NC_045512.2	2901	T	0
NC_045512.2	2902	C	0
NC_045512.2	2903	A	0
NC_045512.2	2904	T	0
NC_045512.2	2905	A	0
NC_045512.2	2906	A	0
NC_045512.2	2907	A	0
NC_045512.2	2908	A	0
NC_045512.2	2909	A	0
NC_045512.2	2910	C	0
NC_045512.2	2911	T	0
NC_045512.2	2912	T	0
NC_045512.2	2913	T	0
NC_045512.2	2914	G	0
NC_045512.2	2915	C	0
NC_045512.2	2916	A	0
NC_045512.2	2917	A	0
NC_045512.2	2918	C	0
NC_045512.2	2919	C	0
NC_045512.2	2920	A	0
NC_045512.2	2921	G	0
NC_045512.2	2922	T	0
NC_045512.2	2923	A	0
NC_045512.2	2924	T	0
NC_045512.2	2925	C	0
NC_045512.2	2926	T	0
NC_045512.2	2927	G	0
NC_045512.2	2928	A	0
NC_045512.2	2929	A	0
NC_045512.2	2930	T	0
NC_045512.2	2931	T	0
NC_045512.2	2932	A	0
NC_045512.2	2933	C	0
NC_045512.2	2934	T	0
NC_045512.2	2935	T	0
NC_045512.2	2936	A	0
NC_045512.2	2937	C	0
NC_045512.2	2938	A	0
NC_045512.2	2939	C	0
NC_045512.2	2940	C	0
NC_045512.2	2941	A	0
NC_045512.2	2942	C	0
NC_045512.2	2943	T	0
NC_045512.2	2944	G	0
NC_045512.2	2945	G	0
NC_045512.2	2946	G	0
NC_045512.2	2947	C	0
NC_045512.2	2948	A	0
NC_045512.2	2949	T	0
NC_045512.2	2950	T	0
NC_045512.2	2951	G	0
NC_045512.2	2952	A	0
NC_045512.2	2953	T	0
NC_045512.2	2954	T	0
NC_045512.2	2955	T	0
NC_045512.2	2956	A	1
NC_045512.2	2957	G	1
NC_045512.2	2958	A	1
NC_045512.2	2959	T	3
NC_045512.2	2960	G	3
NC_045512.2	2961	A	3
NC_045512.2	2962	G	3
NC_045512.2	2963	T	3
NC_045512.2	2964	G	4
NC_045512.2	2965	G	4
NC_045512.2	2966	A	3
NC_045512.2	2967	G	3
NC_045512.2	2968	T	3
NC_045512.2	2969	A	3
NC_045512.2	2970	T	3
NC_045512.2	2971	G	4
NC_045512.2	2972	G	4
NC_045512.2	2973	C	4
NC_045512.2	2974	T	4
NC_045512.2	2975	A	4
NC_045512.2	2976	C	4
NC_045512.2	2977	A	4
NC_045512.2	2978	T	4
NC_045512.2	2979	A	4
NC_045512.2	2980	C	4
NC_045512.2	2981	T	4
NC_045512.2	2982	A	4
NC_045512.2	2983	C	4
NC_045512.2	2984	T	4
NC_045512.2	2985	T	4
NC_045512.2	2986	A	4
NC_045512.2	2987	T	3
NC_045512.2	2988	T	3
NC_045512.2	2989	T	2
NC_045512.2	2990	G	1
NC_045512.2	2991	A	3
NC_045512.2	2992	T	4
NC_045512.2	2993	G	4
NC_045512.2	2994	A	3
NC_045512.2	2995	G	2
NC_045512.2	2996	T	4
NC_045512.2	2997	C	4
NC_045512.2	2998	T	4
NC_045512.2	2999	G	3
NC_045512.2	3000	G	4
NC_045512.2	3001	T	4
NC_045512.2	3002	G	2
NC_045512.2	3003	A	2
NC_045512.2	3004	G	2
NC_045512.2	3005	T	2
NC_045512.2	3006	T	2
NC_045512.2	3007	T	2
NC_045512.2	3008	A	2
NC_045512.2	3009	A	2
NC_045512.2	3010	A	2
NC_045512.2	3011	T	2
NC_045512.2	3012	T	2
NC_045512.2	3013	G	2
NC_045512.2	3014	G	2
NC_045512.2	3015	C	2
NC_045512.2	3016	T	2
NC_045512.2	3017	T	2
NC_045512.2	3018	C	2
NC_045512.2	3019	A	2
NC_045512.2	3020	C	2
NC_045512.2	3021	A	0
NC_045512.2	3022	T	0
NC_045512.2	3023	A	0
NC_045512.2	3024	T	0
NC_045512.2	3025	G	0
NC_045512.2	3026	T	0
NC_045512.2	3027	A	0
NC_045512.2	3028	T	0
NC_045512.2	3029	T	0
NC_045512.2	3030	G	0
NC_045512.2	3031	T	0
NC_045512.2	3032	T	0
NC_045512.2	3033	C	0
NC_045512.2	3034	T	0
NC_045512.2	3035	T	0
NC_045512.2	3036	T	0
NC_045512.2	3037	C	0
NC_045512.2	3038	T	0
NC_045512.2	3039	A	0
NC_045512.2	3040	C	0
NC_045512.2	3041	C	0
NC_045512.2	3042	C	0
NC_045512.2	3043	T	0
NC_045512.2	3044	C	0
NC_045512.2	3045	C	0
NC_045512.2	3046	A	0
NC_045512.2	3047	G	0
NC_045512.2	3048	A	0
NC_045512.2	3049	T	0
NC_045512.2	3050	G	0
NC_045512.2	3051	A	0
NC_045512.2	3052	G	0
NC_045512.2	3053	G	0
NC_045512.2	3054	A	0
NC_045512.2	3055	T	0
NC_045512.2	3056	G	0
NC_045512.2	3057	A	0
NC_045512.2	3058	A	0
NC_045512.2	3059	G	0
NC_045512.2	3060	A	0
NC_045512.2	3061	A	0
NC_045512.2	3062	G	0
NC_045512.2	3063	A	0
NC_045512.2	3064	A	0
NC_045512.2	3065	G	0
NC_045512.2	3066	G	0
NC_045512.2	3067	T	0
NC_045512.2	3068	G	0
NC_045512.2	3069	A	0
NC_045512.2	3070	T	0
NC_045512.2	3071	T	0
NC_045512.2	3072	G	0
NC_045512.2	3073	T	0
NC_045512.2	3074	G	0
NC_045512.2	3075	A	0
NC_045512.2	3076	A	0
NC_045512.2	3077	G	0
NC_045512.2	3078	A	0
NC_045512.2	3079	A	0
NC_045512.2	3080	G	0
NC_045512.2	3081	A	0
NC_045512.2	3082	A	0
NC_045512.2	3083	G	0
NC_045512.2	3084	A	0
NC_045512.2	3085	G	0
NC_045512.2	3086	T	0
NC_045512.2	3087	T	0
NC_045512.2	3088	T	0
NC_045512.2	3089	G	0
NC_045512.2	3090	A	0
NC_045512.2	3091	G	0
NC_045512.2	3092	C	0
NC_045512.2	3093	C	0
NC_045512.2	3094	A	0
NC_045512.2	3095	T	0
NC_045512.2	3096	C	0
NC_045512.2	3097	A	0
NC_045512.2	3098	A	0
NC_045512.2	3099	C	0
NC_045512.2	3100	T	0
NC_045512.2	3101	C	0
NC_045512.2	3102	A	0
NC_045512.2	3103	A	0
NC_045512.2	3104	T	0
NC_045512.2	3105	A	0
NC_045512.2	3106	T	0
NC_045512.2	3107	G	0
NC_045512.2	3108	A	0
NC_045512.2	3109	G	0
NC_045512.2	3110	T	0
NC_045512.2	3111	A	0
NC_045512.2	3112	T	0
NC_045512.2	3113	G	0
NC_045512.2	3114	G	0
NC_045512.2	3115	T	0
NC_045512.2	3116	A	0
NC_045512.2	3117	C	0
NC_045512.2	3118	T	0
NC_045512.2	3119	G	0
NC_045512.2	3120	A	0
NC_045512.2	3121	A	0
NC_045512.2	3122	G	0
NC_045512.2	3123	A	0
NC_045512.2	3124	T	0
NC_045512.2	3125	G	0
NC_045512.2	3126	A	0
NC_045512.2	3127	T	0
NC_045512.2	3128	T	0
NC_045512.2	3129	A	0
NC_045512.2	3130	C	0
NC_045512.2	3131	C	0
NC_045512.2	3132	A	0
NC_045512.2	3133	A	0
NC_045512.2	3134	G	0
NC_045512.2	3135	G	0
NC_045512.2	3136	T	0
NC_045512.2	3137	A	0
NC_045512.2	3138	A	0
NC_045512.2	3139	A	0
NC_045512.2	3140	C	0
NC_045512.2	3141	C	0
NC_045512.2	3142	T	0
NC_045512.2	3143	T	0
NC_045512.2	3144	T	0
NC_045512.2	3145	G	0
NC_045512.2	3146	G	0
NC_045512.2	3147	A	0
NC_045512.2	3148	A	0
NC_045512.2	3149	T	0
NC_045512.2	3150	T	0
NC_045512.2	3151	T	0
NC_045512.2	3152	G	0
NC_045512.2	3153	G	0
NC_045512.2	3154	T	0
NC_045512.2	3155	G	0
NC_045512.2	3156	C	0
NC_045512.2	3157	C	0
NC_045512.2	3158	A	0
NC_045512.2	3159	C	0
NC_045512.2	3160	T	0
NC_045512.2	3161	T	0
NC_045512.2	3162	C	0
NC_045512.2	3163	T	0
NC_045512.2	3164	G	0
NC_045512.2	3165	C	0
NC_045512.2	3166	T	0
NC_045512.2	3167	G	0
NC_045512.2	3168	C	0
NC_045512.2	3169	T	0
NC_045512.2	3170	C	0
NC_045512.2	3171	T	0
NC_045512.2	3172	T	0
NC_045512.2	3173	C	0
NC_045512.2	3174	A	0
NC_045512.2	3175	A	0
NC_045512.2	3176	C	0
NC_045512.2	3177	C	0
NC_045512.2	3178	T	0
NC_045512.2	3179	G	0
NC_045512.2	3180	A	0
NC_045512.2	3181	A	0
NC_045512.2	3182	G	0
NC_045512.2	3183	A	0
NC_045512.2	3184	A	0
NC_045512.2	3185	G	0
NC_045512.2	3186	A	0
NC_045512.2	3187	G	0
NC_045512.2	3188	C	0
NC_045512.2	3189	A	0
NC_045512.2	3190	A	0
NC_045512.2	3191	G	0
NC_045512.2	3192	A	0
NC_045512.2	3193	A	0
NC_045512.2	3194	G	0
NC_045512.2	3195	A	0
NC_045512.2	3196	A	0
NC_045512.2	3197	G	0
NC_045512.2	3198	A	0
NC_045512.2	3199	T	0
NC_045512.2	3200	T	0
NC_045512.2	3201	G	0
NC_045512.2	3202	G	0
NC_045512.2	3203	T	0
NC_045512.2	3204	T	0
NC_045512.2	3205	A	1
NC_045512.2	3206	G	1
NC_045512.2	3207	A	1
NC_045512.2	3208	T	1
NC_045512.2	3209	G	1
NC_045512.2	3210	A	1
NC_045512.2	3211	T	1
NC_045512.2	3212	G	1
NC_045512.2	3213	A	1
NC_045512.2	3214	T	1
NC_045512.2	3215	A	1
NC_045512.2	3216	G	1
NC_045512.2	3217	T	1
NC_045512.2	3218	C	1
NC_045512.2	3219	A	2
NC_045512.2	3220	A	3
NC_045512.2	3221	C	3
NC_045512.2	3222	A	4
NC_045512.2	3223	A	4
NC_045512.2	3224	A	4
NC_045512.2	3225	C	4
NC_045512.2	3226	T	4
NC_045512.2	3227	G	4
NC_045512.2	3228	T	6
NC_045512.2	3229	T	6
NC_045512.2	3230	G	7
NC_045512.2	3231	G	7
NC_045512.2	3232	T	7
NC_045512.2	3233	C	6
NC_045512.2	3234	A	7
NC_045512.2	3235	A	8
NC_045512.2	3236	C	8
NC_045512.2	3237	A	8
NC_045512.2	3238	A	9
NC_045512.2	3239	G	9
NC_045512.2	3240	A	10
NC_045512.2	3241	C	10
NC_045512.2	3242	G	10
NC_045512.2	3243	G	10
NC_045512.2	3244	C	10
NC_045512.2	3245	A	12
NC_045512.2	3246	G	10
NC_045512.2	3247	T	11
NC_045512.2	3248	G	11
NC_045512.2	3249	A	11
NC_045512.2	3250	G	10
NC_045512.2	3251	G	11
NC_045512.2	3252	A	9
NC_045512.2	3253	C	10
NC_045512.2	3254	A	9
NC_045512.2	3255	A	9
NC_045512.2	3256	T	9
NC_045512.2	3257	C	8
NC_045512.2	3258	A	8
NC_045512.2	3259	G	8
NC_045512.2	3260	A	6
NC_045512.2	3261	C	7
NC_045512.2	3262	A	7
NC_045512.2	3263	A	5
NC_045512.2	3264	C	6
NC_045512.2	3265	T	3
NC_045512.2	3266	A	4
NC_045512.2	3267	C	4
NC_045512.2	3268	T	3
NC_045512.2	3269	A	3
NC_045512.2	3270	T	2
NC_045512.2	3271	T	2
NC_045512.2	3272	C	1
NC_045512.2	3273	A	0
NC_045512.2	3274	A	0
NC_045512.2	3275	A	0
NC_045512.2	3276	C	0
NC_045512.2	3277	A	1
NC_045512.2	3278	A	1
NC_045512.2	3279	T	2
NC_045512.2	3280	T	3
NC_045512.2	3281	G	3
NC_045512.2	3282	T	3
NC_045512.2	3283	T	3
NC_045512.2	3284	G	3
NC_045512.2	3285	A	3
NC_045512.2	3286	G	3
NC_045512.2	3287	G	3
NC_045512.2	3288	T	3
NC_045512.2	3289	T	4
NC_045512.2	3290	C	4
NC_045512.2	3291	A	4
NC_045512.2	3292	A	4
NC_045512.2	3293	C	4
NC_045512.2	3294	C	4
NC_045512.2	3295	T	4
NC_045512.2	3296	C	4
NC_045512.2	3297	A	4
NC_045512.2	3298	A	4
NC_045512.2	3299	T	4
NC_045512.2	3300	T	4
NC_045512.2	3301	A	4
NC_045512.2	3302	G	4
NC_045512.2	3303	A	4
NC_045512.2	3304	G	4
NC_045512.2	3305	A	4
NC_045512.2	3306	T	4
NC_045512.2	3307	G	4
NC_045512.2	3308	G	5
NC_045512.2	3309	A	5
NC_045512.2	3310	A	4
NC_045512.2	3311	C	4
NC_045512.2	3312	T	3
NC_045512.2	3313	T	3
NC_045512.2	3314	A	5
NC_045512.2	3315	C	4
NC_045512.2	3316	A	6
NC_045512.2	3317	C	5
NC_045512.2	3318	C	6
NC_045512.2	3319	A	4
NC_045512.2	3320	G	4
NC_045512.2	3321	T	4
NC_045512.2	3322	T	6
NC_045512.2	3323	G	6
NC_045512.2	3324	T	6
NC_045512.2	3325	T	6
NC_045512.2	3326	C	6
NC_045512.2	3327	A	8
NC_045512.2	3328	G	8
NC_045512.2	3329	A	8
NC_045512.2	3330	C	8
NC_045512.2	3331	T	9
NC_045512.2	3332	A	13
NC_045512.2	3333	T	10
NC_045512.2	3334	T	11
NC_045512.2	3335	G	12
NC_045512.2	3336	A	12
NC_045512.2	3337	A	12
NC_045512.2	3338	G	11
NC_045512.2	3339	T	11
NC_045512.2	3340	G	12
NC_045512.2	3341	A	12
NC_045512.2	3342	A	12
NC_045512.2	3343	T	12
NC_045512.2	3344	A	11
NC_045512.2	3345	G	10
NC_045512.2	3346	T	10
NC_045512.2	3347	T	8
NC_045512.2	3348	T	10
NC_045512.2	3349	T	10
NC_045512.2	3350	A	9
NC_045512.2	3351	G	10
NC_045512.2	3352	T	8
NC_045512.2	3353	G	7
NC_045512.2	3354	G	7
NC_045512.2	3355	T	7
NC_045512.2	3356	T	4
NC_045512.2	3357	A	6
NC_045512.2	3358	T	5
NC_045512.2	3359	T	5
NC_045512.2	3360	T	6
NC_045512.2	3361	A	6
NC_045512.2	3362	A	1
NC_045512.2	3363	A	1
NC_045512.2	3364	A	1
NC_045512.2	3365	C	1
NC_045512.2	3366	T	1
NC_045512.2	3367	T	0
NC_045512.2	3368	A	0
NC_045512.2	3369	C	0
NC_045512.2	3370	T	0
NC_045512.2	3371	G	0
NC_045512.2	3372	A	0
NC_045512.2	3373	C	0
NC_045512.2	3374	A	0
NC_045512.2	3375	A	0
NC_045512.2	3376	T	0
NC_045512.2	3377	G	0
NC_045512.2	3378	T	0
NC_045512.2	3379	A	0
NC_045512.2	3380	T	0
NC_045512.2	3381	A	0
NC_045512.2	3382	C	0
NC_045512.2	3383	A	0
NC_045512.2	3384	T	0
NC_045512.2	3385	T	0
NC_045512.2	3386	A	0
NC_045512.2	3387	A	0
NC_045512.2	3388	A	0
NC_045512.2	3389	A	0
NC_045512.2	3390	A	0
NC_045512.2	3391	T	0
NC_045512.2	3392	G	0
NC_045512.2	3393	C	0
NC_045512.2	3394	A	0
NC_045512.2	3395	G	0
NC_045512.2	3396	A	0
NC_045512.2	3397	C	0
NC_045512.2	3398	A	0
NC_045512.2	3399	T	0
NC_045512.2	3400	T	0
NC_045512.2	3401	G	0
NC_045512.2	3402	T	0
NC_045512.2	3403	G	0
NC_045512.2	3404	G	0
NC_045512.2	3405	A	0
NC_045512.2	3406	A	0
NC_045512.2	3407	G	0
NC_045512.2	3408	A	0
NC_045512.2	3409	A	1
NC_045512.2	3410	G	1
NC_045512.2	3411	C	0
NC_045512.2	3412	T	1
NC_045512.2	3413	A	1
NC_045512.2	3414	A	1
NC_045512.2	3415	A	1
NC_045512.2	3416	A	1
NC_045512.2	3417	A	0
NC_045512.2	3418	G	0
NC_045512.2	3419	G	1
NC_045512.2	3420	T	1
NC_045512.2	3421	A	1
NC_045512.2	3422	A	0
NC_045512.2	3423	A	1
NC_045512.2	3424	A	1
NC_045512.2	3425	C	1
NC_045512.2	3426	C	1
NC_045512.2	3427	A	1
NC_045512.2	3428	A	1
NC_045512.2	3429	C	1
NC_045512.2	3430	A	1
NC_045512.2	3431	G	1
NC_045512.2	3432	T	1
NC_045512.2	3433	G	1
NC_045512.2	3434	G	1
NC_045512.2	3435	T	1
NC_045512.2	3436	T	1
NC_045512.2	3437	G	1
NC_045512.2	3438	T	0
NC_045512.2	3439	T	1
NC_045512.2	3440	A	1
NC_045512.2	3441	A	1
NC_045512.2	3442	T	0
NC_045512.2	3443	G	1
NC_045512.2	3444	C	1
NC_045512.2	3445	A	1
NC_045512.2	3446	G	1
NC_045512.2	3447	C	0
NC_045512.2	3448	C	0
NC_045512.2	3449	A	1
NC_045512.2	3450	A	1
NC_045512.2	3451	T	0
NC_045512.2	3452	G	1
NC_045512.2	3453	T	0
NC_045512.2	3454	T	0
NC_045512.2	3455	T	0
NC_045512.2	3456	A	0
NC_045512.2	3457	C	0
NC_045512.2	3458	C	0
NC_045512.2	3459	T	0
NC_045512.2	3460	T	0
NC_045512.2	3461	A	0
NC_045512.2	3462	A	0
NC_045512.2	3463	A	0
NC_045512.2	3464	C	0
NC_045512.2	3465	A	0
NC_045512.2	3466	T	0
NC_045512.2	3467	G	0
NC_045512.2	3468	G	0
NC_045512.2	3469	A	0
NC_045512.2	3470	G	0
NC_045512.2	3471	G	0
NC_045512.2	3472	A	0
NC_045512.2	3473	G	0
NC_045512.2	3474	G	0
NC_045512.2	3475	T	0
NC_045512.2	3476	G	0
NC_045512.2	3477	T	0
NC_045512.2	3478	T	0
NC_045512.2	3479	G	0
NC_045512.2	3480	C	0
NC_045512.2	3481	A	0
NC_045512.2	3482	G	0
NC_045512.2	3483	G	0
NC_045512.2	3484	A	0
NC_045512.2	3485	G	0
NC_045512.2	3486	C	0
NC_045512.2	3487	C	0
NC_045512.2	3488	T	0
NC_045512.2	3489	T	0
NC_045512.2	3490	A	0
NC_045512.2	3491	A	0
NC_045512.2	3492	A	0
NC_045512.2	3493	T	0
NC_045512.2	3494	A	0
NC_045512.2	3495	A	0
NC_045512.2	3496	G	0
NC_045512.2	3497	G	0
NC_045512.2	3498	C	0
NC_045512.2	3499	T	0
NC_045512.2	3500	A	0
NC_045512.2	3501	C	0
NC_045512.2	3502	T	0
NC_045512.2	3503	A	0
NC_045512.2	3504	A	0
NC_045512.2	3505	C	0
NC_045512.2	3506	A	0
NC_045512.2	3507	A	0
NC_045512.2	3508	T	0
NC_045512.2	3509	G	0
NC_045512.2	3510	C	0
NC_045512.2	3511	C	0
NC_045512.2	3512	A	0
NC_045512.2	3513	T	0
NC_045512.2	3514	G	0
NC_045512.2	3515	C	0
NC_045512.2	3516	A	0
NC_045512.2	3517	A	0
NC_045512.2	3518	G	1
NC_045512.2	3519	T	1
NC_045512.2	3520	T	1
NC_045512.2	3521	G	1
NC_045512.2	3522	A	4
NC_045512.2	3523	A	4
NC_045512.2	3524	T	4
NC_045512.2	3525	C	4
NC_045512.2	3526	T	4
NC_045512.2	3527	G	4
NC_045512.2	3528	A	4
NC_045512.2	3529	T	4
NC_045512.2	3530	G	4
NC_045512.2	3531	A	4
NC_045512.2	3532	T	5
NC_045512.2	3533	T	5
NC_045512.2	3534	A	5
NC_045512.2	3535	C	5
NC_045512.2	3536	A	5
NC_045512.2	3537	T	5
NC_045512.2	3538	A	5
NC_045512.2	3539	G	7
NC_045512.2	3540	C	7
NC_045512.2	3541	T	7
NC_045512.2	3542	A	7
NC_045512.2	3543	C	7
NC_045512.2	3544	T	13
NC_045512.2	3545	A	14
NC_045512.2	3546	A	14
NC_045512.2	3547	T	16
NC_045512.2	3548	G	15
NC_045512.2	3549	G	14
NC_045512.2	3550	A	15
NC_045512.2	3551	C	15
NC_045512.2	3552	C	15
NC_045512.2	3553	A	15
NC_045512.2	3554	C	18
NC_045512.2	3555	T	18
NC_045512.2	3556	T	18
NC_045512.2	3557	A	18
NC_045512.2	3558	A	18
NC_045512.2	3559	A	18
NC_045512.2	3560	G	18
NC_045512.2	3561	T	18
NC_045512.2	3562	G	17
NC_045512.2	3563	G	17
NC_045512.2	3564	G	17
NC_045512.2	3565	T	17
NC_045512.2	3566	G	18
NC_045512.2	3567	G	19
NC_045512.2	3568	T	19
NC_045512.2	3569	A	18
NC_045512.2	3570	G	18
NC_045512.2	3571	T	21
NC_045512.2	3572	T	22
NC_045512.2	3573	G	21
NC_045512.2	3574	T	16
NC_045512.2	3575	G	15
NC_045512.2	3576	T	15
NC_045512.2	3577	T	16
NC_045512.2	3578	T	16
NC_045512.2	3579	T	16
NC_045512.2	3580	A	16
NC_045512.2	3581	A	16
NC_045512.2	3582	G	14
NC_045512.2	3583	C	14
NC_045512.2	3584	G	16
NC_045512.2	3585	G	16
NC_045512.2	3586	A	16
NC_045512.2	3587	C	17
NC_045512.2	3588	A	20
NC_045512.2	3589	C	21
NC_045512.2	3590	A	21
NC_045512.2	3591	A	20
NC_045512.2	3592	T	19
NC_045512.2	3593	C	23
NC_045512.2	3594	T	24
NC_045512.2	3595	T	28
NC_045512.2	3596	G	29
NC_045512.2	3597	C	25
NC_045512.2	3598	T	27
NC_045512.2	3599	A	28
NC_045512.2	3600	A	28
NC_045512.2	3601	A	24
NC_045512.2	3602	C	26
NC_045512.2	3603	A	26
NC_045512.2	3604	C	27
NC_045512.2	3605	T	30
NC_045512.2	3606	G	33
NC_045512.2	3607	T	34
NC_045512.2	3608	C	34
NC_045512.2	3609	T	33
NC_045512.2	3610	T	33
NC_045512.2	3611	C	39
NC_045512.2	3612	A	40
NC_045512.2	3613	T	39
NC_045512.2	3614	G	37
NC_045512.2	3615	T	37
NC_045512.2	3616	T	37
NC_045512.2	3617	G	37
NC_045512.2	3618	T	45
NC_045512.2	3619	C	47
NC_045512.2	3620	G	47
NC_045512.2	3621	G	45
NC_045512.2	3622	C	43
NC_045512.2	3623	C	41
NC_045512.2	3624	C	37
NC_045512.2	3625	A	38
NC_045512.2	3626	A	37
NC_045512.2	3627	A	37
NC_045512.2	3628	T	38
NC_045512.2	3629	G	36
NC_045512.2	3630	T	34
NC_045512.2	3631	T	37
NC_045512.2	3632	A	39
NC_045512.2	3633	A	38
NC_045512.2	3634	C	38
NC_045512.2	3635	A	29
NC_045512.2	3636	A	27
NC_045512.2	3637	A	34
NC_045512.2	3638	G	35
NC_045512.2	3639	G	37
NC_045512.2	3640	T	37
NC_045512.2	3641	G	36
NC_045512.2	3642	A	34
NC_045512.2	3643	A	34
NC_045512.2	3644	G	34
NC_045512.2	3645	A	34
NC_045512.2	3646	C	34
NC_045512.2	3647	A	34
NC_045512.2	3648	T	18
NC_045512.2	3649	T	17
NC_045512.2	3650	C	18
NC_045512.2	3651	A	17
NC_045512.2	3652	A	16
NC_045512.2	3653	C	17
NC_045512.2	3654	T	17
NC_045512.2	3655	T	17
NC_045512.2	3656	C	16
NC_045512.2	3657	T	15
NC_045512.2	3658	T	17
NC_045512.2	3659	A	16
NC_045512.2	3660	A	14
NC_045512.2	3661	G	16
NC_045512.2	3662	A	13
NC_045512.2	3663	G	12
NC_045512.2	3664	T	13
NC_045512.2	3665	G	11
NC_045512.2	3666	C	13
NC_045512.2	3667	T	0
NC_045512.2	3668	T	1
NC_045512.2	3669	A	0
NC_045512.2	3670	T	0
NC_045512.2	3671	G	0
NC_045512.2	3672	A	0
NC_045512.2	3673	A	0
NC_045512.2	3674	A	0
NC_045512.2	3675	A	0
NC_045512.2	3676	T	0
NC_045512.2	3677	T	0
NC_045512.2	3678	T	0
NC_045512.2	3679	T	0
NC_045512.2	3680	A	0
NC_045512.2	3681	A	0
NC_045512.2	3682	T	0
NC_045512.2	3683	C	0
NC_045512.2	3684	A	0
NC_045512.2	3685	G	0
NC_045512.2	3686	C	0
NC_045512.2	3687	A	0
NC_045512.2	3688	C	0
NC_045512.2	3689	G	0
NC_045512.2	3690	A	0
NC_045512.2	3691	A	0
NC_045512.2	3692	G	0
NC_045512.2	3693	T	0
NC_045512.2	3694	T	0
NC_045512.2	3695	C	0
NC_045512.2	3696	T	0
NC_045512.2	3697	A	0
NC_045512.2	3698	C	0
NC_045512.2	3699	T	0
NC_045512.2	3700	T	0
NC_045512.2	3701	G	0
NC_045512.2	3702	C	0
NC_045512.2	3703	A	0
NC_045512.2	3704	C	0
NC_045512.2	3705	C	0
NC_045512.2	3706	A	0
NC_045512.2	3707	T	0
NC_045512.2	3708	T	0
NC_045512.2	3709	A	0
NC_045512.2	3710	T	0
NC_045512.2	3711	T	0
NC_045512.2	3712	A	0
NC_045512.2	3713	T	0
NC_045512.2	3714	C	0
NC_045512.2	3715	A	0
NC_045512.2	3716	G	0
NC_045512.2	3717	C	0
NC_045512.2	3718	T	0
NC_045512.2	3719	G	0
NC_045512.2	3720	G	0
NC_045512.2	3721	T	0
NC_045512.2	3722	A	0
NC_045512.2	3723	T	0
NC_045512.2	3724	T	0
NC_045512.2	3725	T	0
NC_045512.2	3726	T	0
NC_045512.2	3727	T	0
NC_045512.2	3728	G	0
NC_045512.2	3729	G	0
NC_045512.2	3730	T	0
NC_045512.2	3731	G	0
NC_045512.2	3732	C	0
NC_045512.2	3733	T	0
NC_045512.2	3734	G	0
NC_045512.2	3735	A	0
NC_045512.2	3736	C	0
NC_045512.2	3737	C	0
NC_045512.2	3738	C	0
NC_045512.2	3739	T	0
NC_045512.2	3740	A	0
NC_045512.2	3741	T	0
NC_045512.2	3742	A	0
NC_045512.2	3743	C	0
NC_045512.2	3744	A	0
NC_045512.2	3745	T	0
NC_045512.2	3746	T	0
NC_045512.2	3747	C	0
NC_045512.2	3748	T	0
NC_045512.2	3749	T	0
NC_045512.2	3750	T	0
NC_045512.2	3751	A	0
NC_045512.2	3752	A	0
NC_045512.2	3753	G	0
NC_045512.2	3754	A	0
NC_045512.2	3755	G	0
NC_045512.2	3756	T	0
NC_045512.2	3757	T	0
NC_045512.2	3758	T	0
NC_045512.2	3759	G	0
NC_045512.2	3760	T	0
NC_045512.2	3761	G	0
NC_045512.2	3762	T	0
NC_045512.2	3763	A	0
NC_045512.2	3764	G	0
NC_045512.2	3765	A	0
NC_045512.2	3766	T	0
NC_045512.2	3767	A	0
NC_045512.2	3768	C	0
NC_045512.2	3769	T	0
NC_045512.2	3770	G	0
NC_045512.2	3771	T	0
NC_045512.2	3772	T	0
NC_045512.2	3773	C	0
NC_045512.2	3774	G	0
NC_045512.2	3775	C	0
NC_045512.2	3776	A	0
NC_045512.2	3777	C	0
NC_045512.2	3778	A	0
NC_045512.2	3779	A	0
NC_045512.2	3780	A	0
NC_045512.2	3781	T	0
NC_045512.2	3782	G	0
NC_045512.2	3783	T	0
NC_045512.2	3784	C	0
NC_045512.2	3785	T	0
NC_045512.2	3786	A	0
NC_045512.2	3787	C	0
NC_045512.2	3788	T	0
NC_045512.2	3789	T	0
NC_045512.2	3790	A	0
NC_045512.2	3791	G	0
NC_045512.2	3792	C	0
NC_045512.2	3793	T	0
NC_045512.2	3794	G	0
NC_045512.2	3795	T	0
NC_045512.2	3796	C	0
NC_045512.2	3797	T	0
NC_045512.2	3798	T	0
NC_045512.2	3799	T	0
NC_045512.2	3800	G	0
NC_045512.2	3801	A	0
NC_045512.2	3802	T	0
NC_045512.2	3803	A	0
NC_045512.2	3804	A	0
NC_045512.2	3805	A	0
NC_045512.2	3806	A	0
NC_045512.2	3807	A	0
NC_045512.2	3808	T	0
NC_045512.2	3809	C	0
NC_045512.2	3810	T	0
NC_045512.2	3811	C	0
NC_045512.2	3812	T	0
NC_045512.2	3813	A	1
NC_045512.2	3814	T	1
NC_045512.2	3815	G	1
NC_045512.2	3816	A	1
NC_045512.2	3817	C	1
NC_045512.2	3818	A	1
NC_045512.2	3819	A	1
NC_045512.2	3820	A	1
NC_045512.2	3821	C	1
NC_045512.2	3822	T	1
NC_045512.2	3823	T	1
NC_045512.2	3824	G	1
NC_045512.2	3825	T	1
NC_045512.2	3826	T	1
NC_045512.2	3827	T	1
NC_045512.2	3828	C	1
NC_045512.2	3829	A	1
NC_045512.2	3830	A	1
NC_045512.2	3831	G	1
NC_045512.2	3832	C	1
NC_045512.2	3833	T	1
NC_045512.2	3834	T	1
NC_045512.2	3835	T	1
NC_045512.2	3836	T	1
NC_045512.2	3837	T	1
NC_045512.2	3838	G	1
NC_045512.2	3839	G	1
NC_045512.2	3840	A	1
NC_045512.2	3841	A	1
NC_045512.2	3842	A	1
NC_045512.2	3843	T	0
NC_045512.2	3844	G	0
NC_045512.2	3845	A	0
NC_045512.2	3846	A	0
NC_045512.2	3847	G	0
NC_045512.2	3848	A	0
NC_045512.2	3849	G	0
NC_045512.2	3850	T	0
NC_045512.2	3851	G	0
NC_045512.2	3852	A	0
NC_045512.2	3853	A	0
NC_045512.2	3854	A	0
NC_045512.2	3855	A	1
NC_045512.2	3856	G	1
NC_045512.2	3857	C	3
NC_045512.2	3858	A	3
NC_045512.2	3859	A	3
NC_045512.2	3860	G	3
NC_045512.2	3861	T	3
NC_045512.2	3862	T	3
NC_045512.2	3863	G	3
NC_045512.2	3864	A	3
NC_045512.2	3865	A	3
NC_045512.2	3866	C	3
NC_045512.2	3867	A	3
NC_045512.2	3868	A	4
NC_045512.2	3869	A	4
NC_045512.2	3870	A	4
NC_045512.2	3871	G	4
NC_045512.2	3872	A	4
NC_045512.2	3873	T	4
NC_045512.2	3874	C	4
NC_045512.2	3875	G	4
NC_045512.2	3876	C	4
NC_045512.2	3877	T	4
NC_045512.2	3878	G	4
NC_045512.2	3879	A	4
NC_045512.2	3880	G	4
NC_045512.2	3881	A	4
NC_045512.2	3882	T	4
NC_045512.2	3883	T	4
NC_045512.2	3884	C	4
NC_045512.2	3885	C	4
NC_045512.2	3886	T	4
NC_045512.2	3887	A	2
NC_045512.2	3888	A	2
NC_045512.2	3889	A	1
NC_045512.2	3890	G	2
NC_045512.2	3891	A	2
NC_045512.2	3892	G	2
NC_045512.2	3893	G	2
NC_045512.2	3894	A	2
NC_045512.2	3895	A	2
NC_045512.2	3896	G	2
NC_045512.2	3897	T	2
NC_045512.2	3898	T	3
NC_045512.2	3899	A	3
NC_045512.2	3900	A	3
NC_045512.2	3901	G	4
NC_045512.2	3902	C	4
NC_045512.2	3903	C	4
NC_045512.2	3904	A	4
NC_045512.2	3905	T	4
NC_045512.2	3906	T	4
NC_045512.2	3907	T	4
NC_045512.2	3908	A	4
NC_045512.2	3909	T	4
NC_045512.2	3910	A	4
NC_045512.2	3911	A	4
NC_045512.2	3912	C	4
NC_045512.2	3913	T	4
NC_045512.2	3914	G	4
NC_045512.2	3915	A	3
NC_045512.2	3916	A	3
NC_045512.2	3917	A	3
NC_045512.2	3918	G	2
NC_045512.2	3919	T	3
NC_045512.2	3920	A	2
NC_045512.2	3921	A	2
NC_045512.2	3922	A	1
NC_045512.2	3923	C	3
NC_045512.2	3924	C	3
NC_045512.2	3925	T	3
NC_045512.2	3926	T	4
NC_045512.2	3927	C	4
NC_045512.2	3928	A	3
NC_045512.2	3929	G	3
NC_045512.2	3930	T	3
NC_045512.2	3931	T	3
NC_045512.2	3932	G	3
NC_045512.2	3933	A	4
NC_045512.2	3934	A	4
NC_045512.2	3935	C	4
NC_045512.2	3936	A	4
NC_045512.2	3937	G	4
NC_045512.2	3938	A	4
NC_045512.2	3939	G	4
NC_045512.2	3940	A	4
NC_045512.2	3941	A	4
NC_045512.2	3942	A	4
NC_045512.2	3943	A	4
NC_045512.2	3944	C	4
NC_045512.2	3945	A	4
NC_045512.2	3946	A	4
NC_045512.2	3947	G	4
NC_045512.2	3948	A	4
NC_045512.2	3949	T	3
NC_045512.2	3950	G	3
NC_045512.2	3951	A	3
NC_045512.2	3952	T	3
NC_045512.2	3953	A	2
NC_045512.2	3954	A	2
NC_045512.2	3955	G	2
NC_045512.2	3956	A	1
NC_045512.2	3957	A	1
NC_045512.2	3958	A	1
NC_045512.2	3959	A	1
NC_045512.2	3960	T	1
NC_045512.2	3961	C	1
NC_045512.2	3962	A	1
NC_045512.2	3963	A	0
NC_045512.2	3964	A	0
NC_045512.2	3965	G	0
NC_045512.2	3966	C	0
NC_045512.2	3967	T	0
NC_045512.2	3968	T	0
NC_045512.2	3969	G	0
NC_045512.2	3970	T	0
NC_045512.2	3971	G	0
NC_045512.2	3972	T	0
NC_045512.2	3973	T	0
NC_045512.2	3974	G	0
NC_045512.2	3975	A	0
NC_045512.2	3976	A	0
NC_045512.2	3977	G	0
NC_045512.2	3978	A	0
NC_045512.2	3979	A	0
NC_045512.2	3980	G	0
NC_045512.2	3981	T	0
NC_045512.2	3982	T	0
NC_045512.2	3983	A	0
NC_045512.2	3984	C	0
NC_045512.2	3985	A	0
NC_045512.2	3986	A	0
NC_045512.2	3987	C	0
NC_045512.2	3988	A	0
NC_045512.2	3989	A	0
NC_045512.2	3990	C	0
NC_045512.2	3991	T	0
NC_045512.2	3992	C	0
NC_045512.2	3993	T	0
NC_045512.2	3994	G	0
NC_045512.2	3995	G	0
NC_045512.2	3996	A	0
NC_045512.2	3997	A	0
NC_045512.2	3998	G	0
NC_045512.2	3999	A	0
NC_045512.2	4000	A	0
NC_045512.2	4001	A	0
NC_045512.2	4002	C	0
NC_045512.2	4003	T	0
NC_045512.2	4004	A	0
NC_045512.2	4005	A	0
NC_045512.2	4006	G	0
NC_045512.2	4007	T	0
NC_045512.2	4008	T	0
NC_045512.2	4009	C	0
NC_045512.2	4010	C	0
NC_045512.2	4011	T	0
NC_045512.2	4012	C	0
NC_045512.2	4013	A	0
NC_045512.2	4014	C	0
NC_045512.2	4015	A	0
NC_045512.2	4016	G	0
NC_045512.2	4017	A	0
NC_045512.2	4018	A	0
NC_045512.2	4019	A	0
NC_045512.2	4020	A	0
NC_045512.2	4021	C	0
NC_045512.2	4022	T	0
NC_045512.2	4023	T	0
NC_045512.2	4024	G	0
NC_045512.2	4025	T	0
NC_045512.2	4026	T	0
NC_045512.2	4027	A	0
NC_045512.2	4028	C	0
NC_045512.2	4029	T	0
NC_045512.2	4030	T	0
NC_045512.2	4031	T	0
NC_045512.2	4032	A	0
NC_045512.2	4033	T	0
NC_045512.2	4034	A	0
NC_045512.2	4035	T	0
NC_045512.2	4036	T	0
NC_045512.2	4037	G	0
NC_045512.2	4038	A	0
NC_045512.2	4039	C	0
NC_045512.2	4040	A	0
NC_045512.2	4041	T	0
NC_045512.2	4042	T	0
NC_045512.2	4043	A	0
NC_045512.2	4044	A	0
NC_045512.2	4045	T	0
NC_045512.2	4046	G	0
NC_045512.2	4047	G	0
NC_045512.2	4048	C	0
NC_045512.2	4049	A	0
NC_045512.2	4050	A	0
NC_045512.2	4051	T	0
NC_045512.2	4052	C	0
NC_045512.2	4053	T	0
NC_045512.2	4054	T	0
NC_045512.2	4055	C	0
NC_045512.2	4056	A	0
NC_045512.2	4057	T	0
NC_045512.2	4058	C	0
NC_045512.2	4059	C	0
NC_045512.2	4060	A	0
NC_045512.2	4061	G	0
NC_045512.2	4062	A	0
NC_045512.2	4063	T	0
NC_045512.2	4064	T	0
NC_045512.2	4065	C	0
NC_045512.2	4066	T	0
NC_045512.2	4067	G	0
NC_045512.2	4068	C	0
NC_045512.2	4069	C	0
NC_045512.2	4070	A	0
NC_045512.2	4071	C	0
NC_045512.2	4072	T	0
NC_045512.2	4073	C	0
NC_045512.2	4074	T	0
NC_045512.2	4075	T	0
NC_045512.2	4076	G	0
NC_045512.2	4077	T	0
NC_045512.2	4078	T	0
NC_045512.2	4079	A	0
NC_045512.2	4080	G	0
NC_045512.2	4081	T	0
NC_045512.2	4082	G	0
NC_045512.2	4083	A	0
NC_045512.2	4084	C	0
NC_045512.2	4085	A	0
NC_045512.2	4086	T	0
NC_045512.2	4087	T	0
NC_045512.2	4088	G	0
NC_045512.2	4089	A	0
NC_045512.2	4090	C	0
NC_045512.2	4091	A	0
NC_045512.2	4092	T	0
NC_045512.2	4093	C	0
NC_045512.2	4094	A	0
NC_045512.2	4095	C	0
NC_045512.2	4096	T	0
NC_045512.2	4097	T	0
NC_045512.2	4098	T	0
NC_045512.2	4099	C	0
NC_045512.2	4100	T	0
NC_045512.2	4101	T	0
NC_045512.2	4102	A	0
NC_045512.2	4103	A	0
NC_045512.2	4104	A	0
NC_045512.2	4105	G	0
NC_045512.2	4106	A	0
NC_045512.2	4107	A	0
NC_045512.2	4108	A	0
NC_045512.2	4109	G	0
NC_045512.2	4110	A	0
NC_045512.2	4111	T	0
NC_045512.2	4112	G	0
NC_045512.2	4113	C	0
NC_045512.2	4114	T	0
NC_045512.2	4115	C	0
NC_045512.2	4116	C	0
NC_045512.2	4117	A	0
NC_045512.2	4118	T	0
NC_045512.2	4119	A	0
NC_045512.2	4120	T	0
NC_045512.2	4121	A	1
NC_045512.2	4122	T	1
NC_045512.2	4123	A	1
NC_045512.2	4124	G	1
NC_045512.2	4125	T	1
NC_045512.2	4126	G	1
NC_045512.2	4127	G	1
NC_045512.2	4128	G	1
NC_045512.2	4129	T	1
NC_045512.2	4130	G	1
NC_045512.2	4131	A	1
NC_045512.2	4132	T	1
NC_045512.2	4133	G	1
NC_045512.2	4134	T	1
NC_045512.2	4135	T	1
NC_045512.2	4136	G	1
NC_045512.2	4137	T	1
NC_045512.2	4138	T	1
NC_045512.2	4139	C	1
NC_045512.2	4140	A	1
NC_045512.2	4141	A	1
NC_045512.2	4142	G	1
NC_045512.2	4143	A	1
NC_045512.2	4144	G	1
NC_045512.2	4145	G	2
NC_045512.2	4146	G	2
NC_045512.2	4147	T	2
NC_045512.2	4148	G	3
NC_045512.2	4149	T	3
NC_045512.2	4150	T	3
NC_045512.2	4151	T	3
NC_045512.2	4152	T	3
NC_045512.2	4153	A	4
NC_045512.2	4154	A	4
NC_045512.2	4155	C	3
NC_045512.2	4156	T	4
NC_045512.2	4157	G	4
NC_045512.2	4158	C	4
NC_045512.2	4159	T	4
NC_045512.2	4160	G	4
NC_045512.2	4161	T	4
NC_045512.2	4162	G	4
NC_045512.2	4163	G	4
NC_045512.2	4164	T	4
NC_045512.2	4165	T	4
NC_045512.2	4166	A	3
NC_045512.2	4167	T	3
NC_045512.2	4168	A	3
NC_045512.2	4169	C	3
NC_045512.2	4170	C	3
NC_045512.2	4171	T	3
NC_045512.2	4172	A	3
NC_045512.2	4173	C	3
NC_045512.2	4174	T	3
NC_045512.2	4175	A	2
NC_045512.2	4176	A	2
NC_045512.2	4177	A	2
NC_045512.2	4178	A	1
NC_045512.2	4179	A	1
NC_045512.2	4180	G	1
NC_045512.2	4181	G	1
NC_045512.2	4182	C	1
NC_045512.2	4183	T	0
NC_045512.2	4184	G	0
NC_045512.2	4185	G	0
NC_045512.2	4186	T	0
NC_045512.2	4187	G	1
NC_045512.2	4188	G	1
NC_045512.2	4189	C	1
NC_045512.2	4190	A	1
NC_045512.2	4191	C	1
NC_045512.2	4192	T	1
NC_045512.2	4193	A	1
NC_045512.2	4194	C	1
NC_045512.2	4195	T	1
NC_045512.2	4196	G	2
NC_045512.2	4197	A	2
NC_045512.2	4198	A	2
NC_045512.2	4199	A	2
NC_045512.2	4200	T	2
NC_045512.2	4201	G	2
NC_045512.2	4202	C	2
NC_045512.2	4203	T	2
NC_045512.2	4204	A	2
NC_045512.2	4205	G	2
NC_045512.2	4206	C	2
NC_045512.2	4207	G	2
NC_045512.2	4208	A	2
NC_045512.2	4209	A	2
NC_045512.2	4210	A	2
NC_045512.2	4211	G	2
NC_045512.2	4212	C	2
NC_045512.2	4213	T	2
NC_045512.2	4214	T	2
NC_045512.2	4215	T	2
NC_045512.2	4216	G	2
NC_045512.2	4217	A	1
NC_045512.2	4218	G	1
NC_045512.2	4219	A	1
NC_045512.2	4220	A	1
NC_045512.2	4221	A	1
NC_045512.2	4222	A	1
NC_045512.2	4223	G	1
NC_045512.2	4224	T	2
NC_045512.2	4225	G	2
NC_045512.2	4226	C	1
NC_045512.2	4227	C	1
NC_045512.2	4228	A	1
NC_045512.2	4229	A	1
NC_045512.2	4230	C	1
NC_045512.2	4231	A	1
NC_045512.2	4232	G	1
NC_045512.2	4233	A	2
NC_045512.2	4234	C	2
NC_045512.2	4235	A	2
NC_045512.2	4236	A	2
NC_045512.2	4237	T	2
NC_045512.2	4238	T	2
NC_045512.2	4239	A	2
NC_045512.2	4240	T	2
NC_045512.2	4241	A	2
NC_045512.2	4242	T	2
NC_045512.2	4243	A	2
NC_045512.2	4244	A	2
NC_045512.2	4245	C	2
NC_045512.2	4246	C	2
NC_045512.2	4247	A	2
NC_045512.2	4248	C	2
NC_045512.2	4249	T	2
NC_045512.2	4250	T	2
NC_045512.2	4251	A	2
NC_045512.2	4252	C	2
NC_045512.2	4253	C	2
NC_045512.2	4254	C	1
NC_045512.2	4255	G	1
NC_045512.2	4256	G	1
NC_045512.2	4257	G	1
NC_045512.2	4258	T	1
NC_045512.2	4259	C	1
NC_045512.2	4260	A	1
NC_045512.2	4261	G	1
NC_045512.2	4262	G	1
NC_045512.2	4263	G	1
NC_045512.2	4264	T	1
NC_045512.2	4265	T	1
NC_045512.2	4266	T	1
NC_045512.2	4267	A	1
NC_045512.2	4268	A	1
NC_045512.2	4269	A	1
NC_045512.2	4270	T	1
NC_045512.2	4271	G	1
NC_045512.2	4272	G	0
NC_045512.2	4273	T	0
NC_045512.2	4274	T	0
NC_045512.2	4275	A	0
NC_045512.2	4276	C	0
NC_045512.2	4277	A	0
NC_045512.2	4278	C	0
NC_045512.2	4279	T	0
NC_045512.2	4280	G	0
NC_045512.2	4281	T	0
NC_045512.2	4282	A	0
NC_045512.2	4283	G	0
NC_045512.2	4284	A	0
NC_045512.2	4285	G	0
NC_045512.2	4286	G	0
NC_045512.2	4287	A	0
NC_045512.2	4288	G	0
NC_045512.2	4289	G	0
NC_045512.2	4290	C	0
NC_045512.2	4291	A	0
NC_045512.2	4292	A	0
NC_045512.2	4293	A	0
NC_045512.2	4294	G	0
NC_045512.2	4295	A	0
NC_045512.2	4296	C	0
NC_045512.2	4297	A	0
NC_045512.2	4298	G	0
NC_045512.2	4299	T	0
NC_045512.2	4300	G	0
NC_045512.2	4301	C	0
NC_045512.2	4302	T	0
NC_045512.2	4303	T	0
NC_045512.2	4304	A	0
NC_045512.2	4305	A	0
NC_045512.2	4306	A	0
NC_045512.2	4307	A	0
NC_045512.2	4308	A	0
NC_045512.2	4309	G	0
NC_045512.2	4310	T	0
NC_045512.2	4311	G	0
NC_045512.2	4312	T	0
NC_045512.2	4313	A	0
NC_045512.2	4314	A	0
NC_045512.2	4315	A	0
NC_045512.2	4316	A	0
NC_045512.2	4317	G	0
NC_045512.2	4318	T	0
NC_045512.2	4319	G	0
NC_045512.2	4320	C	0
NC_045512.2	4321	C	0
NC_045512.2	4322	T	0
NC_045512.2	4323	T	0
NC_045512.2	4324	T	0
NC_045512.2	4325	T	0
NC_045512.2	4326	A	0
NC_045512.2	4327	C	0
NC_045512.2	4328	A	0
NC_045512.2	4329	T	0
NC_045512.2	4330	T	0
NC_045512.2	4331	C	0
NC_045512.2	4332	T	0
NC_045512.2	4333	A	0
NC_045512.2	4334	C	0
NC_045512.2	4335	C	0
NC_045512.2	4336	A	0
NC_045512.2	4337	T	0
NC_045512.2	4338	C	0
NC_045512.2	4339	T	0
NC_045512.2	4340	A	0
NC_045512.2	4341	T	0
NC_045512.2	4342	T	0
NC_045512.2	4343	A	0
NC_045512.2	4344	T	0
NC_045512.2	4345	C	0
NC_045512.2	4346	T	0
NC_045512.2	4347	C	0
NC_045512.2	4348	T	0
NC_045512.2	4349	A	0
NC_045512.2	4350	A	0
NC_045512.2	4351	T	0
NC_045512.2	4352	G	0
NC_045512.2	4353	A	0
NC_045512.2	4354	G	0
NC_045512.2	4355	A	0
NC_045512.2	4356	A	0
NC_045512.2	4357	G	0
NC_045512.2	4358	C	0
NC_045512.2	4359	A	0
NC_045512.2	4360	A	0
NC_045512.2	4361	G	0
NC_045512.2	4362	A	0
NC_045512.2	4363	A	0
NC_045512.2	4364	A	0
NC_045512.2	4365	T	0
NC_045512.2	4366	T	0
NC_045512.2	4367	C	0
NC_045512.2	4368	T	0
NC_045512.2	4369	T	0
NC_045512.2	4370	G	0
NC_045512.2	4371	G	0
NC_045512.2	4372	A	0
NC_045512.2	4373	A	0
NC_045512.2	4374	C	0
NC_045512.2	4375	T	0
NC_045512.2	4376	G	0
NC_045512.2	4377	T	0
NC_045512.2	4378	T	0
NC_045512.2	4379	T	0
NC_045512.2	4380	C	0
NC_045512.2	4381	T	0
NC_045512.2	4382	T	0
NC_045512.2	4383	G	0
NC_045512.2	4384	G	0
NC_045512.2	4385	A	0
NC_045512.2	4386	A	0
NC_045512.2	4387	T	0
NC_045512.2	4388	T	0
NC_045512.2	4389	T	0
NC_045512.2	4390	G	0
NC_045512.2	4391	C	0
NC_045512.2	4392	G	0
NC_045512.2	4393	A	0
NC_045512.2	4394	G	0
NC_045512.2	4395	A	0
NC_045512.2	4396	A	0
NC_045512.2	4397	A	0
NC_045512.2	4398	T	0
NC_045512.2	4399	G	0
NC_045512.2	4400	C	0
NC_045512.2	4401	T	0
NC_045512.2	4402	T	0
NC_045512.2	4403	G	0
NC_045512.2	4404	C	0
NC_045512.2	4405	A	0
NC_045512.2	4406	C	0
NC_045512.2	4407	A	0
NC_045512.2	4408	T	0
NC_045512.2	4409	G	0
NC_045512.2	4410	C	0
NC_045512.2	4411	A	0
NC_045512.2	4412	G	0
NC_045512.2	4413	A	0
NC_045512.2	4414	A	0
NC_045512.2	4415	G	0
NC_045512.2	4416	A	0
NC_045512.2	4417	A	0
NC_045512.2	4418	A	0
NC_045512.2	4419	C	0
NC_045512.2	4420	A	0
NC_045512.2	4421	C	0
NC_045512.2	4422	G	0
NC_045512.2	4423	C	0
NC_045512.2	4424	A	0
NC_045512.2	4425	A	0
NC_045512.2	4426	A	0
NC_045512.2	4427	T	0
NC_045512.2	4428	T	0
NC_045512.2	4429	A	0
NC_045512.2	4430	A	0
NC_045512.2	4431	T	0
NC_045512.2	4432	G	0
NC_045512.2	4433	C	0
NC_045512.2	4434	C	0
NC_045512.2	4435	T	0
NC_045512.2	4436	G	0
NC_045512.2	4437	T	0
NC_045512.2	4438	C	0
NC_045512.2	4439	T	0
NC_045512.2	4440	G	0
NC_045512.2	4441	T	0
NC_045512.2	4442	G	0
NC_045512.2	4443	T	0
NC_045512.2	4444	G	0
NC_045512.2	4445	G	0
NC_045512.2	4446	A	0
NC_045512.2	4447	A	0
NC_045512.2	4448	A	0
NC_045512.2	4449	C	0
NC_045512.2	4450	T	0
NC_045512.2	4451	A	0
NC_045512.2	4452	A	0
NC_045512.2	4453	A	0
NC_045512.2	4454	G	0
NC_045512.2	4455	C	0
NC_045512.2	4456	C	0
NC_045512.2	4457	A	1
NC_045512.2	4458	T	1
NC_045512.2	4459	A	1
NC_045512.2	4460	G	1
NC_045512.2	4461	T	1
NC_045512.2	4462	T	1
NC_045512.2	4463	T	1
NC_045512.2	4464	C	1
NC_045512.2	4465	A	1
NC_045512.2	4466	A	1
NC_045512.2	4467	C	1
NC_045512.2	4468	T	1
NC_045512.2	4469	A	0
NC_045512.2	4470	T	1
NC_045512.2	4471	A	0
NC_045512.2	4472	C	1
NC_045512.2	4473	A	1
NC_045512.2	4474	G	0
NC_045512.2	4475	C	1
NC_045512.2	4476	G	1
NC_045512.2	4477	T	1
NC_045512.2	4478	A	1
NC_045512.2	4479	A	1
NC_045512.2	4480	A	1
NC_045512.2	4481	T	1
NC_045512.2	4482	A	1
NC_045512.2	4483	T	1
NC_045512.2	4484	A	1
NC_045512.2	4485	A	1
NC_045512.2	4486	G	0
NC_045512.2	4487	G	0
NC_045512.2	4488	G	0
NC_045512.2	4489	T	0
NC_045512.2	4490	A	0
NC_045512.2	4491	T	0
NC_045512.2	4492	T	0
NC_045512.2	4493	A	0
NC_045512.2	4494	A	0
NC_045512.2	4495	A	0
NC_045512.2	4496	A	0
NC_045512.2	4497	T	0
NC_045512.2	4498	A	0
NC_045512.2	4499	C	0
NC_045512.2	4500	A	0
NC_045512.2	4501	A	0
NC_045512.2	4502	G	0
NC_045512.2	4503	A	0
NC_045512.2	4504	G	0
NC_045512.2	4505	G	0
NC_045512.2	4506	G	0
NC_045512.2	4507	T	0
NC_045512.2	4508	G	0
NC_045512.2	4509	T	0
NC_045512.2	4510	G	0
NC_045512.2	4511	G	0
NC_045512.2	4512	T	0
NC_045512.2	4513	T	0
NC_045512.2	4514	G	0
NC_045512.2	4515	A	0
NC_045512.2	4516	T	0
NC_045512.2	4517	T	0
NC_045512.2	4518	A	0
NC_045512.2	4519	T	0
NC_045512.2	4520	G	0
NC_045512.2	4521	G	0
NC_045512.2	4522	T	0
NC_045512.2	4523	G	0
NC_045512.2	4524	C	0
NC_045512.2	4525	T	0
NC_045512.2	4526	A	0
NC_045512.2	4527	G	0
NC_045512.2	4528	A	0
NC_045512.2	4529	T	0
NC_045512.2	4530	T	0
NC_045512.2	4531	T	0
NC_045512.2	4532	T	0
NC_045512.2	4533	A	0
NC_045512.2	4534	C	0
NC_045512.2	4535	T	0
NC_045512.2	4536	T	1
NC_045512.2	4537	T	1
NC_045512.2	4538	T	1
NC_045512.2	4539	A	1
NC_045512.2	4540	C	1
NC_045512.2	4541	A	1
NC_045512.2	4542	C	1
NC_045512.2	4543	C	1
NC_045512.2	4544	A	1
NC_045512.2	4545	G	1
NC_045512.2	4546	T	1
NC_045512.2	4547	A	1
NC_045512.2	4548	A	1
NC_045512.2	4549	A	1
NC_045512.2	4550	A	1
NC_045512.2	4551	C	1
NC_045512.2	4552	A	1
NC_045512.2	4553	A	0
NC_045512.2	4554	C	1
NC_045512.2	4555	T	1
NC_045512.2	4556	G	1
NC_045512.2	4557	T	1
NC_045512.2	4558	A	1
NC_045512.2	4559	G	1
NC_045512.2	4560	C	1
NC_045512.2	4561	G	1
NC_045512.2	4562	T	1
NC_045512.2	4563	C	1
NC_045512.2	4564	A	1
NC_045512.2	4565	C	1
NC_045512.2	4566	T	0
NC_045512.2	4567	T	0
NC_045512.2	4568	A	0
NC_045512.2	4569	T	0
NC_045512.2	4570	C	0
NC_045512.2	4571	A	0
NC_045512.2	4572	A	0
NC_045512.2	4573	C	0
NC_045512.2	4574	A	0
NC_045512.2	4575	C	0
NC_045512.2	4576	A	0
NC_045512.2	4577	C	0
NC_045512.2	4578	T	0
NC_045512.2	4579	T	0
NC_045512.2	4580	A	0
NC_045512.2	4581	A	0
NC_045512.2	4582	C	0
NC_045512.2	4583	G	0
NC_045512.2	4584	A	0
NC_045512.2	4585	T	0
NC_045512.2	4586	C	0
NC_045512.2	4587	T	0
NC_045512.2	4588	A	0
NC_045512.2	4589	A	0
NC_045512.2	4590	A	0
NC_045512.2	4591	T	0
NC_045512.2	4592	G	0
NC_045512.2	4593	A	0
NC_045512.2	4594	A	0
NC_045512.2	4595	A	0
NC_045512.2	4596	C	0
NC_045512.2	4597	T	0
NC_045512.2	4598	C	0
NC_045512.2	4599	T	0
NC_045512.2	4600	T	0
NC_045512.2	4601	G	0
NC_045512.2	4602	T	0
NC_045512.2	4603	T	0
NC_045512.2	4604	A	0
NC_045512.2	4605	C	0
NC_045512.2	4606	A	0
NC_045512.2	4607	A	0
NC_045512.2	4608	T	0
NC_045512.2	4609	G	0
NC_045512.2	4610	C	0
NC_045512.2	4611	C	0
NC_045512.2	4612	A	0
NC_045512.2	4613	C	0
NC_045512.2	4614	T	0
NC_045512.2	4615	T	0
NC_045512.2	4616	G	0
NC_045512.2	4617	G	0
NC_045512.2	4618	C	0
NC_045512.2	4619	T	0
NC_045512.2	4620	A	0
NC_045512.2	4621	T	0
NC_045512.2	4622	G	0
NC_045512.2	4623	T	0
NC_045512.2	4624	A	0
NC_045512.2	4625	A	0
NC_045512.2	4626	C	0
NC_045512.2	4627	A	0
NC_045512.2	4628	C	0
NC_045512.2	4629	A	0
NC_045512.2	4630	T	0
NC_045512.2	4631	G	0
NC_045512.2	4632	G	0
NC_045512.2	4633	C	0
NC_045512.2	4634	T	0
NC_045512.2	4635	T	0
NC_045512.2	4636	A	0
NC_045512.2	4637	A	0
NC_045512.2	4638	A	0
NC_045512.2	4639	T	0
NC_045512.2	4640	T	0
NC_045512.2	4641	T	0
NC_045512.2	4642	G	0
NC_045512.2	4643	G	0
NC_045512.2	4644	A	0
NC_045512.2	4645	A	0
NC_045512.2	4646	G	0
NC_045512.2	4647	A	0
NC_045512.2	4648	A	0
NC_045512.2	4649	G	0
NC_045512.2	4650	C	0
NC_045512.2	4651	T	0
NC_045512.2	4652	G	0
NC_045512.2	4653	C	0
NC_045512.2	4654	T	0
NC_045512.2	4655	C	0
NC_045512.2	4656	G	0
NC_045512.2	4657	G	0
NC_045512.2	4658	T	0
NC_045512.2	4659	A	0
NC_045512.2	4660	T	0
NC_045512.2	4661	A	0
NC_045512.2	4662	T	0
NC_045512.2	4663	G	0
NC_045512.2	4664	A	0
NC_045512.2	4665	G	0
NC_045512.2	4666	A	0
NC_045512.2	4667	T	0
NC_045512.2	4668	C	0
NC_045512.2	4669	T	0
NC_045512.2	4670	C	0
NC_045512.2	4671	T	0
NC_045512.2	4672	C	0
NC_045512.2	4673	A	0
NC_045512.2	4674	A	0
NC_045512.2	4675	A	0
NC_045512.2	4676	G	0
NC_045512.2	4677	T	0
NC_045512.2	4678	G	0
NC_045512.2	4679	C	0
NC_045512.2	4680	C	0
NC_045512.2	4681	A	0
NC_045512.2	4682	G	0
NC_045512.2	4683	C	0
NC_045512.2	4684	T	0
NC_045512.2	4685	A	0
NC_045512.2	4686	C	0
NC_045512.2	4687	A	0
NC_045512.2	4688	G	0
NC_045512.2	4689	T	0
NC_045512.2	4690	T	0
NC_045512.2	4691	T	0
NC_045512.2	4692	C	0
NC_045512.2	4693	T	0
NC_045512.2	4694	G	0
NC_045512.2	4695	T	0
NC_045512.2	4696	T	0
NC_045512.2	4697	T	0
NC_045512.2	4698	C	0
NC_045512.2	4699	T	0
NC_045512.2	4700	T	0
NC_045512.2	4701	C	0
NC_045512.2	4702	A	0
NC_045512.2	4703	C	0
NC_045512.2	4704	C	0
NC_045512.2	4705	T	0
NC_045512.2	4706	G	0
NC_045512.2	4707	A	0
NC_045512.2	4708	T	0
NC_045512.2	4709	G	0
NC_045512.2	4710	C	0
NC_045512.2	4711	T	0
NC_045512.2	4712	G	0
NC_045512.2	4713	T	0
NC_045512.2	4714	T	0
NC_045512.2	4715	A	0
NC_045512.2	4716	C	0
NC_045512.2	4717	A	0
NC_045512.2	4718	G	0
NC_045512.2	4719	C	0
NC_045512.2	4720	G	0
NC_045512.2	4721	T	0
NC_045512.2	4722	A	0
NC_045512.2	4723	T	0
NC_045512.2	4724	A	0
NC_045512.2	4725	A	0
NC_045512.2	4726	T	0
NC_045512.2	4727	G	0
NC_045512.2	4728	G	0
NC_045512.2	4729	T	0
NC_045512.2	4730	T	0
NC_045512.2	4731	A	0
NC_045512.2	4732	T	0
NC_045512.2	4733	C	0
NC_045512.2	4734	T	0
NC_045512.2	4735	T	0
NC_045512.2	4736	A	0
NC_045512.2	4737	C	0
NC_045512.2	4738	T	0
NC_045512.2	4739	T	0
NC_045512.2	4740	C	0
NC_045512.2	4741	T	0
NC_045512.2	4742	T	0
NC_045512.2	4743	C	0
NC_045512.2	4744	T	0
NC_045512.2	4745	T	0
NC_045512.2	4746	C	0
NC_045512.2	4747	T	0
NC_045512.2	4748	A	0
NC_045512.2	4749	A	0
NC_045512.2	4750	A	0
NC_045512.2	4751	A	0
NC_045512.2	4752	C	1
NC_045512.2	4753	A	6
NC_045512.2	4754	C	6
NC_045512.2	4755	C	6
NC_045512.2	4756	T	6
NC_045512.2	4757	G	7
NC_045512.2	4758	A	8
NC_045512.2	4759	A	8
NC_045512.2	4760	G	9
NC_045512.2	4761	A	9
NC_045512.2	4762	A	9
NC_045512.2	4763	C	10
NC_045512.2	4764	A	10
NC_045512.2	4765	T	10
NC_045512.2	4766	T	10
NC_045512.2	4767	T	10
NC_045512.2	4768	T	12
NC_045512.2	4769	A	12
NC_045512.2	4770	T	12
NC_045512.2	4771	T	12
NC_045512.2	4772	G	11
NC_045512.2	4773	A	12
NC_045512.2	4774	A	13
NC_045512.2	4775	A	13
NC_045512.2	4776	C	15
NC_045512.2	4777	C	15
NC_045512.2	4778	A	49
NC_045512.2	4779	T	52
NC_045512.2	4780	C	54
NC_045512.2	4781	T	56
NC_045512.2	4782	C	54
NC_045512.2	4783	A	49
NC_045512.2	4784	C	50
NC_045512.2	4785	T	48
NC_045512.2	4786	T	49
NC_045512.2	4787	G	46
NC_045512.2	4788	C	43
NC_045512.2	4789	T	46
NC_045512.2	4790	G	45
NC_045512.2	4791	G	43
NC_045512.2	4792	T	46
NC_045512.2	4793	T	46
NC_045512.2	4794	C	47
NC_045512.2	4795	C	48
NC_045512.2	4796	T	47
NC_045512.2	4797	A	48
NC_045512.2	4798	T	48
NC_045512.2	4799	A	48
NC_045512.2	4800	A	49
NC_045512.2	4801	A	51
NC_045512.2	4802	G	47
NC_045512.2	4803	A	50
NC_045512.2	4804	T	50
NC_045512.2	4805	T	51
NC_045512.2	4806	G	48
NC_045512.2	4807	G	50
NC_045512.2	4808	T	21
NC_045512.2	4809	C	21
NC_045512.2	4810	C	18
NC_045512.2	4811	T	18
NC_045512.2	4812	A	19
NC_045512.2	4813	T	19
NC_045512.2	4814	T	20
NC_045512.2	4815	C	21
NC_045512.2	4816	T	21
NC_045512.2	4817	G	21
NC_045512.2	4818	G	19
NC_045512.2	4819	A	19
NC_045512.2	4820	C	16
NC_045512.2	4821	A	15
NC_045512.2	4822	A	15
NC_045512.2	4823	T	25
NC_045512.2	4824	C	28
NC_045512.2	4825	T	30
NC_045512.2	4826	A	31
NC_045512.2	4827	C	30
NC_045512.2	4828	A	30
NC_045512.2	4829	C	30
NC_045512.2	4830	A	31
NC_045512.2	4831	A	29
NC_045512.2	4832	C	29
NC_045512.2	4833	T	37
NC_045512.2	4834	A	39
NC_045512.2	4835	G	35
NC_045512.2	4836	G	35
NC_045512.2	4837	T	37
NC_045512.2	4838	A	39
NC_045512.2	4839	T	42
NC_045512.2	4840	A	41
NC_045512.2	4841	G	46
NC_045512.2	4842	A	46
NC_045512.2	4843	A	45
NC_045512.2	4844	T	45
NC_045512.2	4845	T	48
NC_045512.2	4846	T	43
NC_045512.2	4847	C	47
NC_045512.2	4848	T	46
NC_045512.2	4849	T	45
NC_045512.2	4850	A	55
NC_045512.2	4851	A	55
NC_045512.2	4852	G	55
NC_045512.2	4853	A	38
NC_045512.2	4854	G	37
NC_045512.2	4855	A	35
NC_045512.2	4856	G	34
NC_045512.2	4857	G	39
NC_045512.2	4858	T	37
NC_045512.2	4859	G	38
NC_045512.2	4860	A	39
NC_045512.2	4861	T	40
NC_045512.2	4862	A	40
NC_045512.2	4863	A	32
NC_045512.2	4864	A	32
NC_045512.2	4865	A	31
NC_045512.2	4866	G	30
NC_045512.2	4867	T	32
NC_045512.2	4868	G	28
NC_045512.2	4869	T	28
NC_045512.2	4870	A	25
NC_045512.2	4871	T	24
NC_045512.2	4872	A	23
NC_045512.2	4873	T	23
NC_045512.2	4874	T	24
NC_045512.2	4875	A	20
NC_045512.2	4876	C	20
NC_045512.2	4877	A	20
NC_045512.2	4878	C	21
NC_045512.2	4879	T	19
NC_045512.2	4880	A	6
NC_045512.2	4881	G	6
NC_045512.2	4882	T	6
NC_045512.2	4883	A	6
NC_045512.2	4884	A	6
NC_045512.2	4885	T	5
NC_045512.2	4886	C	5
NC_045512.2	4887	C	2
NC_045512.2	4888	T	2
NC_045512.2	4889	A	2
NC_045512.2	4890	C	0
NC_045512.2	4891	C	0
NC_045512.2	4892	A	0
NC_045512.2	4893	C	0
NC_045512.2	4894	A	0
NC_045512.2	4895	T	0
NC_045512.2	4896	T	0
NC_045512.2	4897	C	0
NC_045512.2	4898	C	0
NC_045512.2	4899	A	0
NC_045512.2	4900	C	0
NC_045512.2	4901	C	0
NC_045512.2	4902	T	0
NC_045512.2	4903	A	0
NC_045512.2	4904	G	0
NC_045512.2	4905	A	0
NC_045512.2	4906	T	0
NC_045512.2	4907	G	0
NC_045512.2	4908	G	0
NC_045512.2	4909	T	0
NC_045512.2	4910	G	0
NC_045512.2	4911	A	0
NC_045512.2	4912	A	0
NC_045512.2	4913	G	0
NC_045512.2	4914	T	0
NC_045512.2	4915	T	0
NC_045512.2	4916	A	0
NC_045512.2	4917	T	0
NC_045512.2	4918	C	0
NC_045512.2	4919	A	0
NC_045512.2	4920	C	0
NC_045512.2	4921	C	0
NC_045512.2	4922	T	0
NC_045512.2	4923	T	0
NC_045512.2	4924	T	0
NC_045512.2	4925	G	0
NC_045512.2	4926	A	0
NC_045512.2	4927	C	0
NC_045512.2	4928	A	0
NC_045512.2	4929	A	0
NC_045512.2	4930	T	0
NC_045512.2	4931	C	0
NC_045512.2	4932	T	0
NC_045512.2	4933	T	0
NC_045512.2	4934	A	0
NC_045512.2	4935	A	0
NC_045512.2	4936	G	0
NC_045512.2	4937	A	0
NC_045512.2	4938	C	0
NC_045512.2	4939	A	0
NC_045512.2	4940	C	0
NC_045512.2	4941	T	0
NC_045512.2	4942	T	0
NC_045512.2	4943	C	0
NC_045512.2	4944	T	0
NC_045512.2	4945	T	0
NC_045512.2	4946	T	0
NC_045512.2	4947	C	0
NC_045512.2	4948	T	0
NC_045512.2	4949	T	0
NC_045512.2	4950	T	0
NC_045512.2	4951	G	0
NC_045512.2	4952	A	0
NC_045512.2	4953	G	0
NC_045512.2	4954	A	0
NC_045512.2	4955	G	0
NC_045512.2	4956	A	0
NC_045512.2	4957	A	0
NC_045512.2	4958	G	0
NC_045512.2	4959	T	0
NC_045512.2	4960	G	0
NC_045512.2	4961	A	0
NC_045512.2	4962	G	0
NC_045512.2	4963	G	0
NC_045512.2	4964	A	0
NC_045512.2	4965	C	0
NC_045512.2	4966	T	0
NC_045512.2	4967	A	0
NC_045512.2	4968	T	0
NC_045512.2	4969	T	0
NC_045512.2	4970	A	0
NC_045512.2	4971	A	0
NC_045512.2	4972	G	0
NC_045512.2	4973	G	0
NC_045512.2	4974	T	0
NC_045512.2	4975	G	0
NC_045512.2	4976	T	0
NC_045512.2	4977	T	0
NC_045512.2	4978	T	0
NC_045512.2	4979	A	0
NC_045512.2	4980	C	0
NC_045512.2	4981	A	0
NC_045512.2	4982	A	0
NC_045512.2	4983	C	0
NC_045512.2	4984	A	0
NC_045512.2	4985	G	0
NC_045512.2	4986	T	0
NC_045512.2	4987	A	0
NC_045512.2	4988	G	0
NC_045512.2	4989	A	0
NC_045512.2	4990	C	0
NC_045512.2	4991	A	0
NC_045512.2	4992	A	0
NC_045512.2	4993	C	0
NC_045512.2	4994	A	0
NC_045512.2	4995	T	0
NC_045512.2	4996	T	0
NC_045512.2	4997	A	0
NC_045512.2	4998	A	0
NC_045512.2	4999	C	0
NC_045512.2	5000	C	0
NC_045512.2	5001	T	0
NC_045512.2	5002	C	0
NC_045512.2	5003	C	0
NC_045512.2	5004	A	0
NC_045512.2	5005	C	0
NC_045512.2	5006	A	0
NC_045512.2	5007	C	0
NC_045512.2	5008	G	0
NC_045512.2	5009	C	0
NC_045512.2	5010	A	0
NC_045512.2	5011	A	0
NC_045512.2	5012	G	0
NC_045512.2	5013	T	0
NC_045512.2	5014	T	0
NC_045512.2	5015	G	0
NC_045512.2	5016	T	0
NC_045512.2	5017	G	0
NC_045512.2	5018	G	0
NC_045512.2	5019	A	0
NC_045512.2	5020	C	0
NC_045512.2	5021	A	0
NC_045512.2	5022	T	0
NC_045512.2	5023	G	0
NC_045512.2	5024	T	0
NC_045512.2	5025	C	0
NC_045512.2	5026	A	0
NC_045512.2	5027	A	0
NC_045512.2	5028	T	0
NC_045512.2	5029	G	0
NC_045512.2	5030	A	0
NC_045512.2	5031	C	0
NC_045512.2	5032	A	0
NC_045512.2	5033	T	0
NC_045512.2	5034	A	0
NC_045512.2	5035	T	0
NC_045512.2	5036	G	0
NC_045512.2	5037	G	0
NC_045512.2	5038	A	0
NC_045512.2	5039	C	0
NC_045512.2	5040	A	0
NC_045512.2	5041	A	0
NC_045512.2	5042	C	0
NC_045512.2	5043	A	0
NC_045512.2	5044	G	0
NC_045512.2	5045	T	0
NC_045512.2	5046	T	0
NC_045512.2	5047	T	0
NC_045512.2	5048	G	0
NC_045512.2	5049	G	0
NC_045512.2	5050	T	1
NC_045512.2	5051	C	2
NC_045512.2	5052	C	3
NC_045512.2	5053	A	3
NC_045512.2	5054	A	3
NC_045512.2	5055	C	3
NC_045512.2	5056	T	3
NC_045512.2	5057	T	3
NC_045512.2	5058	A	3
NC_045512.2	5059	T	3
NC_045512.2	5060	T	4
NC_045512.2	5061	T	4
NC_045512.2	5062	G	4
NC_045512.2	5063	G	4
NC_045512.2	5064	A	4
NC_045512.2	5065	T	4
NC_045512.2	5066	G	4
NC_045512.2	5067	G	4
NC_045512.2	5068	A	4
NC_045512.2	5069	G	4
NC_045512.2	5070	C	4
NC_045512.2	5071	T	4
NC_045512.2	5072	G	4
NC_045512.2	5073	A	4
NC_045512.2	5074	T	3
NC_045512.2	5075	G	4
NC_045512.2	5076	T	4
NC_045512.2	5077	T	3
NC_045512.2	5078	A	4
NC_045512.2	5079	C	7
NC_045512.2	5080	T	6
NC_045512.2	5081	A	5
NC_045512.2	5082	A	4
NC_045512.2	5083	A	5
NC_045512.2	5084	A	5
NC_045512.2	5085	T	5
NC_045512.2	5086	A	11
NC_045512.2	5087	A	11
NC_045512.2	5088	A	13
NC_045512.2	5089	A	12
NC_045512.2	5090	C	12
NC_045512.2	5091	C	11
NC_045512.2	5092	T	12
NC_045512.2	5093	C	12
NC_045512.2	5094	A	12
NC_045512.2	5095	T	12
NC_045512.2	5096	A	12
NC_045512.2	5097	A	12
NC_045512.2	5098	T	12
NC_045512.2	5099	T	11
NC_045512.2	5100	C	12
NC_045512.2	5101	A	13
NC_045512.2	5102	C	13
NC_045512.2	5103	A	16
NC_045512.2	5104	T	16
NC_045512.2	5105	G	16
NC_045512.2	5106	A	16
NC_045512.2	5107	A	16
NC_045512.2	5108	G	16
NC_045512.2	5109	G	14
NC_045512.2	5110	T	14
NC_045512.2	5111	A	14
NC_045512.2	5112	A	14
NC_045512.2	5113	A	14
NC_045512.2	5114	A	14
NC_045512.2	5115	C	11
NC_045512.2	5116	A	9
NC_045512.2	5117	T	9
NC_045512.2	5118	T	8
NC_045512.2	5119	T	8
NC_045512.2	5120	T	8
NC_045512.2	5121	A	8
NC_045512.2	5122	T	8
NC_045512.2	5123	G	8
NC_045512.2	5124	T	9
NC_045512.2	5125	T	8
NC_045512.2	5126	T	10
NC_045512.2	5127	T	11
NC_045512.2	5128	A	12
NC_045512.2	5129	C	12
NC_045512.2	5130	C	12
NC_045512.2	5131	T	10
NC_045512.2	5132	A	10
NC_045512.2	5133	A	7
NC_045512.2	5134	T	10
NC_045512.2	5135	G	10
NC_045512.2	5136	A	10
NC_045512.2	5137	T	11
NC_045512.2	5138	G	10
NC_045512.2	5139	A	10
NC_045512.2	5140	C	11
NC_045512.2	5141	A	12
NC_045512.2	5142	C	12
NC_045512.2	5143	T	12
NC_045512.2	5144	C	10
NC_045512.2	5145	T	10
NC_045512.2	5146	A	8
NC_045512.2	5147	C	12
NC_045512.2	5148	G	12
NC_045512.2	5149	T	12
NC_045512.2	5150	G	13
NC_045512.2	5151	T	13
NC_045512.2	5152	T	14
NC_045512.2	5153	G	14
NC_045512.2	5154	A	13
NC_045512.2	5155	G	12
NC_045512.2	5156	G	12
NC_045512.2	5157	C	11
NC_045512.2	5158	T	11
NC_045512.2	5159	T	11
NC_045512.2	5160	T	12
NC_045512.2	5161	T	12
NC_045512.2	5162	G	10
NC_045512.2	5163	A	11
NC_045512.2	5164	G	7
NC_045512.2	5165	T	6
NC_045512.2	5166	A	7
NC_045512.2	5167	C	6
NC_045512.2	5168	T	9
NC_045512.2	5169	A	9
NC_045512.2	5170	C	7
NC_045512.2	5171	C	9
NC_045512.2	5172	A	10
NC_045512.2	5173	C	9
NC_045512.2	5174	A	12
NC_045512.2	5175	C	12
NC_045512.2	5176	A	9
NC_045512.2	5177	A	11
NC_045512.2	5178	C	10
NC_045512.2	5179	T	7
NC_045512.2	5180	G	8
NC_045512.2	5181	A	8
NC_045512.2	5182	T	8
NC_045512.2	5183	C	5
NC_045512.2	5184	C	7
NC_045512.2	5185	T	7
NC_045512.2	5186	A	9
NC_045512.2	5187	G	9
NC_045512.2	5188	T	7
NC_045512.2	5189	T	7
NC_045512.2	5190	T	7
NC_045512.2	5191	T	8
NC_045512.2	5192	C	7
NC_045512.2	5193	T	6
NC_045512.2	5194	G	6
NC_045512.2	5195	G	6
NC_045512.2	5196	G	6
NC_045512.2	5197	T	6
NC_045512.2	5198	A	5
NC_045512.2	5199	G	4
NC_045512.2	5200	G	4
NC_045512.2	5201	T	4
NC_045512.2	5202	A	2
NC_045512.2	5203	C	2
NC_045512.2	5204	A	0
NC_045512.2	5205	T	0
NC_045512.2	5206	G	0
NC_045512.2	5207	T	0
NC_045512.2	5208	C	0
NC_045512.2	5209	A	0
NC_045512.2	5210	G	0
NC_045512.2	5211	C	0
NC_045512.2	5212	A	0
NC_045512.2	5213	T	0
NC_045512.2	5214	T	0
NC_045512.2	5215	A	0
NC_045512.2	5216	A	0
NC_045512.2	5217	A	0
NC_045512.2	5218	T	0
NC_045512.2	5219	C	0
NC_045512.2	5220	A	0
NC_045512.2	5221	C	0
NC_045512.2	5222	A	0
NC_045512.2	5223	C	0
NC_045512.2	5224	T	0
NC_045512.2	5225	A	0
NC_045512.2	5226	A	0
NC_045512.2	5227	A	0
NC_045512.2	5228	A	0
NC_045512.2	5229	A	0
NC_045512.2	5230	G	0
NC_045512.2	5231	T	0
NC_045512.2	5232	G	0
NC_045512.2	5233	G	0
NC_045512.2	5234	A	0
NC_045512.2	5235	A	0
NC_045512.2	5236	A	0
NC_045512.2	5237	T	0
NC_045512.2	5238	A	0
NC_045512.2	5239	C	0
NC_045512.2	5240	C	0
NC_045512.2	5241	C	0
NC_045512.2	5242	A	0
NC_045512.2	5243	C	0
NC_045512.2	5244	A	0
NC_045512.2	5245	A	0
NC_045512.2	5246	G	0
NC_045512.2	5247	T	0
NC_045512.2	5248	T	0
NC_045512.2	5249	A	0
NC_045512.2	5250	A	0
NC_045512.2	5251	T	0
NC_045512.2	5252	G	0
NC_045512.2	5253	G	0
NC_045512.2	5254	T	0
NC_045512.2	5255	T	0
NC_045512.2	5256	T	0
NC_045512.2	5257	A	0
NC_045512.2	5258	A	0
NC_045512.2	5259	C	0
NC_045512.2	5260	T	0
NC_045512.2	5261	T	0
NC_045512.2	5262	C	0
NC_045512.2	5263	T	0
NC_045512.2	5264	A	0
NC_045512.2	5265	T	0
NC_045512.2	5266	T	0
NC_045512.2	5267	A	0
NC_045512.2	5268	A	0
NC_045512.2	5269	A	0
NC_045512.2	5270	T	0
NC_045512.2	5271	G	0
NC_045512.2	5272	G	0
NC_045512.2	5273	G	0
NC_045512.2	5274	C	0
NC_045512.2	5275	A	0
NC_045512.2	5276	G	0
NC_045512.2	5277	A	0
NC_045512.2	5278	T	0
NC_045512.2	5279	A	0
NC_045512.2	5280	A	0
NC_045512.2	5281	C	0
NC_045512.2	5282	A	0
NC_045512.2	5283	A	0
NC_045512.2	5284	C	0
NC_045512.2	5285	T	0
NC_045512.2	5286	G	0
NC_045512.2	5287	T	0
NC_045512.2	5288	T	0
NC_045512.2	5289	A	0
NC_045512.2	5290	T	0
NC_045512.2	5291	C	0
NC_045512.2	5292	T	0
NC_045512.2	5293	T	0
NC_045512.2	5294	G	0
NC_045512.2	5295	C	0
NC_045512.2	5296	C	0
NC_045512.2	5297	A	0
NC_045512.2	5298	C	0
NC_045512.2	5299	T	0
NC_045512.2	5300	G	0
NC_045512.2	5301	C	0
NC_045512.2	5302	A	0
NC_045512.2	5303	T	0
NC_045512.2	5304	T	0
NC_045512.2	5305	G	0
NC_045512.2	5306	T	0
NC_045512.2	5307	T	0
NC_045512.2	5308	A	0
NC_045512.2	5309	A	0
NC_045512.2	5310	C	0
NC_045512.2	5311	A	0
NC_045512.2	5312	C	0
NC_045512.2	5313	T	0
NC_045512.2	5314	C	0
NC_045512.2	5315	C	0
NC_045512.2	5316	A	0
NC_045512.2	5317	A	0
NC_045512.2	5318	C	0
NC_045512.2	5319	A	0
NC_045512.2	5320	A	0
NC_045512.2	5321	A	0
NC_045512.2	5322	T	0
NC_045512.2	5323	A	0
NC_045512.2	5324	G	0
NC_045512.2	5325	A	0
NC_045512.2	5326	G	0
NC_045512.2	5327	T	0
NC_045512.2	5328	T	0
NC_045512.2	5329	G	0
NC_045512.2	5330	A	0
NC_045512.2	5331	A	0
NC_045512.2	5332	G	0
NC_045512.2	5333	T	0
NC_045512.2	5334	T	0
NC_045512.2	5335	T	0
NC_045512.2	5336	A	0
NC_045512.2	5337	A	0
NC_045512.2	5338	T	0
NC_045512.2	5339	C	0
NC_045512.2	5340	C	0
NC_045512.2	5341	A	0
NC_045512.2	5342	C	0
NC_045512.2	5343	C	0
NC_045512.2	5344	T	0
NC_045512.2	5345	G	0
NC_045512.2	5346	C	0
NC_045512.2	5347	T	0
NC_045512.2	5348	C	0
NC_045512.2	5349	T	0
NC_045512.2	5350	A	0
NC_045512.2	5351	C	0
NC_045512.2	5352	A	0
NC_045512.2	5353	A	0
NC_045512.2	5354	G	0
NC_045512.2	5355	A	0
NC_045512.2	5356	T	0
NC_045512.2	5357	G	0
NC_045512.2	5358	C	0
NC_045512.2	5359	T	2
NC_045512.2	5360	T	4
NC_045512.2	5361	A	4
NC_045512.2	5362	T	4
NC_045512.2	5363	T	4
NC_045512.2	5364	A	4
NC_045512.2	5365	C	4
NC_045512.2	5366	A	10
NC_045512.2	5367	G	8
NC_045512.2	5368	A	8
NC_045512.2	5369	G	8
NC_045512.2	5370	C	9
NC_045512.2	5371	A	10
NC_045512.2	5372	A	11
NC_045512.2	5373	G	10
NC_045512.2	5374	G	14
NC_045512.2	5375	G	13
NC_045512.2	5376	C	14
NC_045512.2	5377	T	13
NC_045512.2	5378	G	15
NC_045512.2	5379	G	15
NC_045512.2	5380	T	16
NC_045512.2	5381	G	18
NC_045512.2	5382	A	18
NC_045512.2	5383	A	20
NC_045512.2	5384	G	23
NC_045512.2	5385	C	23
NC_045512.2	5386	T	22
NC_045512.2	5387	G	23
NC_045512.2	5388	C	23
NC_045512.2	5389	T	21
NC_045512.2	5390	A	17
NC_045512.2	5391	A	17
NC_045512.2	5392	C	19
NC_045512.2	5393	T	18
NC_045512.2	5394	T	18
NC_045512.2	5395	T	18
NC_045512.2	5396	T	13
NC_045512.2	5397	G	17
NC_045512.2	5398	T	17
NC_045512.2	5399	G	19
NC_045512.2	5400	C	20
NC_045512.2	5401	A	19
NC_045512.2	5402	C	19
NC_045512.2	5403	T	20
NC_045512.2	5404	T	16
NC_045512.2	5405	A	15
NC_045512.2	5406	T	20
NC_045512.2	5407	C	20
NC_045512.2	5408	T	19
NC_045512.2	5409	T	18
NC_045512.2	5410	A	18
NC_045512.2	5411	G	18
NC_045512.2	5412	C	16
NC_045512.2	5413	C	14
NC_045512.2	5414	T	16
NC_045512.2	5415	A	17
NC_045512.2	5416	C	19
NC_045512.2	5417	T	18
NC_045512.2	5418	G	19
NC_045512.2	5419	T	20
NC_045512.2	5420	A	19
NC_045512.2	5421	A	18
NC_045512.2	5422	T	20
NC_045512.2	5423	A	20
NC_045512.2	5424	A	20
NC_045512.2	5425	G	22
NC_045512.2	5426	A	24
NC_045512.2	5427	C	21
NC_045512.2	5428	A	21
NC_045512.2	5429	G	20
NC_045512.2	5430	T	21
NC_045512.2	5431	A	21
NC_045512.2	5432	G	22
NC_045512.2	5433	G	22
NC_045512.2	5434	T	20
NC_045512.2	5435	G	21
NC_045512.2	5436	A	14
NC_045512.2	5437	G	15
NC_045512.2	5438	T	16
NC_045512.2	5439	T	14
NC_045512.2	5440	A	16
NC_045512.2	5441	G	15
NC_045512.2	5442	G	15
NC_045512.2	5443	T	15
NC_045512.2	5444	G	13
NC_045512.2	5445	A	13
NC_045512.2	5446	T	13
NC_045512.2	5447	G	14
NC_045512.2	5448	T	14
NC_045512.2	5449	T	14
NC_045512.2	5450	A	13
NC_045512.2	5451	G	13
NC_045512.2	5452	A	14
NC_045512.2	5453	G	13
NC_045512.2	5454	A	14
NC_045512.2	5455	A	7
NC_045512.2	5456	A	8
NC_045512.2	5457	C	9
NC_045512.2	5458	A	8
NC_045512.2	5459	A	8
NC_045512.2	5460	T	8
NC_045512.2	5461	G	7
NC_045512.2	5462	A	7
NC_045512.2	5463	G	6
NC_045512.2	5464	T	6
NC_045512.2	5465	T	5
NC_045512.2	5466	A	8
NC_045512.2	5467	C	8
NC_045512.2	5468	T	9
NC_045512.2	5469	T	10
NC_045512.2	5470	G	9
NC_045512.2	5471	T	9
NC_045512.2	5472	T	11
NC_045512.2	5473	T	11
NC_045512.2	5474	C	11
NC_045512.2	5475	A	11
NC_045512.2	5476	A	11
NC_045512.2	5477	C	8
NC_045512.2	5478	A	9
NC_045512.2	5479	T	15
NC_045512.2	5480	G	16
NC_045512.2	5481	C	15
NC_045512.2	5482	C	15
NC_045512.2	5483	A	14
NC_045512.2	5484	A	18
NC_045512.2	5485	T	18
NC_045512.2	5486	T	18
NC_045512.2	5487	T	17
NC_045512.2	5488	A	16
NC_045512.2	5489	G	17
NC_045512.2	5490	A	15
NC_045512.2	5491	T	16
NC_045512.2	5492	T	15
NC_045512.2	5493	C	16
NC_045512.2	5494	T	15
NC_045512.2	5495	T	16
NC_045512.2	5496	G	16
NC_045512.2	5497	C	16
NC_045512.2	5498	A	15
NC_045512.2	5499	A	16
NC_045512.2	5500	A	15
NC_045512.2	5501	A	16
NC_045512.2	5502	G	16
NC_045512.2	5503	A	15
NC_045512.2	5504	G	14
NC_045512.2	5505	T	15
NC_045512.2	5506	C	13
NC_045512.2	5507	T	15
NC_045512.2	5508	T	13
NC_045512.2	5509	G	6
NC_045512.2	5510	A	6
NC_045512.2	5511	A	5
NC_045512.2	5512	C	5
NC_045512.2	5513	G	5
NC_045512.2	5514	T	2
NC_045512.2	5515	G	2
NC_045512.2	5516	G	2
NC_045512.2	5517	T	2
NC_045512.2	5518	G	2
NC_045512.2	5519	T	2
NC_045512.2	5520	G	2
NC_045512.2	5521	T	2
NC_045512.2	5522	A	2
NC_045512.2	5523	A	2
NC_045512.2	5524	A	2
NC_045512.2	5525	A	2
NC_045512.2	5526	C	2
NC_045512.2	5527	T	2
NC_045512.2	5528	T	2
NC_045512.2	5529	G	2
NC_045512.2	5530	T	2
NC_045512.2	5531	G	2
NC_045512.2	5532	G	0
NC_045512.2	5533	A	0
NC_045512.2	5534	C	0
NC_045512.2	5535	A	0
NC_045512.2	5536	A	0
NC_045512.2	5537	C	0
NC_045512.2	5538	A	0
NC_045512.2	5539	G	0
NC_045512.2	5540	C	0
NC_045512.2	5541	A	0
NC_045512.2	5542	G	0
NC_045512.2	5543	A	0
NC_045512.2	5544	C	0
NC_045512.2	5545	A	0
NC_045512.2	5546	A	0
NC_045512.2	5547	C	0
NC_045512.2	5548	C	0
NC_045512.2	5549	C	0
NC_045512.2	5550	T	0
NC_045512.2	5551	T	0
NC_045512.2	5552	A	0
NC_045512.2	5553	A	0
NC_045512.2	5554	G	0
NC_045512.2	5555	G	0
NC_045512.2	5556	G	0
NC_045512.2	5557	T	0
NC_045512.2	5558	G	0
NC_045512.2	5559	T	0
NC_045512.2	5560	A	0
NC_045512.2	5561	G	0
NC_045512.2	5562	A	0
NC_045512.2	5563	A	0
NC_045512.2	5564	G	0
NC_045512.2	5565	C	0
NC_045512.2	5566	T	0
NC_045512.2	5567	G	0
NC_045512.2	5568	T	0
NC_045512.2	5569	T	0
NC_045512.2	5570	A	0
NC_045512.2	5571	T	0
NC_045512.2	5572	G	0
NC_045512.2	5573	T	0
NC_045512.2	5574	A	0
NC_045512.2	5575	C	0
NC_045512.2	5576	A	0
NC_045512.2	5577	T	0
NC_045512.2	5578	G	0
NC_045512.2	5579	G	0
NC_045512.2	5580	G	0
NC_045512.2	5581	C	0
NC_045512.2	5582	A	0
NC_045512.2	5583	C	0
NC_045512.2	5584	A	0
NC_045512.2	5585	C	0
NC_045512.2	5586	T	0
NC_045512.2	5587	T	0
NC_045512.2	5588	T	0
NC_045512.2	5589	C	0
NC_045512.2	5590	T	0
NC_045512.2	5591	T	0
NC_045512.2	5592	A	0
NC_045512.2	5593	T	0
NC_045512.2	5594	G	0
NC_045512.2	5595	A	0
NC_045512.2	5596	A	0
NC_045512.2	5597	C	0
NC_045512.2	5598	A	0
NC_045512.2	5599	A	0
NC_045512.2	5600	T	0
NC_045512.2	5601	T	0
NC_045512.2	5602	T	0
NC_045512.2	5603	A	0
NC_045512.2	5604	A	0
NC_045512.2	5605	G	0
NC_045512.2	5606	A	0
NC_045512.2	5607	A	0
NC_045512.2	5608	A	0
NC_045512.2	5609	G	0
NC_045512.2	5610	G	0
NC_045512.2	5611	T	0
NC_045512.2	5612	G	0
NC_045512.2	5613	T	0
NC_045512.2	5614	T	0
NC_045512.2	5615	C	0
NC_045512.2	5616	A	0
NC_045512.2	5617	G	0
NC_045512.2	5618	A	0
NC_045512.2	5619	T	0
NC_045512.2	5620	A	0
NC_045512.2	5621	C	0
NC_045512.2	5622	C	0
NC_045512.2	5623	T	0
NC_045512.2	5624	T	0
NC_045512.2	5625	G	0
NC_045512.2	5626	T	0
NC_045512.2	5627	A	0
NC_045512.2	5628	C	0
NC_045512.2	5629	G	0
NC_045512.2	5630	T	0
NC_045512.2	5631	G	0
NC_045512.2	5632	T	0
NC_045512.2	5633	G	0
NC_045512.2	5634	G	0
NC_045512.2	5635	T	0
NC_045512.2	5636	A	0
NC_045512.2	5637	A	0
NC_045512.2	5638	A	0
NC_045512.2	5639	C	0
NC_045512.2	5640	A	0
NC_045512.2	5641	A	0
NC_045512.2	5642	G	0
NC_045512.2	5643	C	0
NC_045512.2	5644	T	0
NC_045512.2	5645	A	0
NC_045512.2	5646	C	0
NC_045512.2	5647	A	0
NC_045512.2	5648	A	0
NC_045512.2	5649	A	0
NC_045512.2	5650	A	0
NC_045512.2	5651	T	0
NC_045512.2	5652	A	0
NC_045512.2	5653	T	0
NC_045512.2	5654	C	0
NC_045512.2	5655	T	0
NC_045512.2	5656	A	0
NC_045512.2	5657	G	0
NC_045512.2	5658	T	0
NC_045512.2	5659	A	0
NC_045512.2	5660	C	0
NC_045512.2	5661	A	0
NC_045512.2	5662	A	0
NC_045512.2	5663	C	0
NC_045512.2	5664	A	0
NC_045512.2	5665	G	0
NC_045512.2	5666	G	0
NC_045512.2	5667	A	0
NC_045512.2	5668	G	0
NC_045512.2	5669	T	0
NC_045512.2	5670	C	0
NC_045512.2	5671	A	0
NC_045512.2	5672	C	0
NC_045512.2	5673	C	0
NC_045512.2	5674	T	0
NC_045512.2	5675	T	0
NC_045512.2	5676	T	0
NC_045512.2	5677	T	0
NC_045512.2	5678	G	0
NC_045512.2	5679	T	0
NC_045512.2	5680	T	0
NC_045512.2	5681	A	0
NC_045512.2	5682	T	0
NC_045512.2	5683	G	0
NC_045512.2	5684	A	0
NC_045512.2	5685	T	0
NC_045512.2	5686	G	0
NC_045512.2	5687	T	0
NC_045512.2	5688	C	3
NC_045512.2	5689	A	2
NC_045512.2	5690	G	4
NC_045512.2	5691	C	10
NC_045512.2	5692	A	10
NC_045512.2	5693	C	18
NC_045512.2	5694	C	18
NC_045512.2	5695	A	18
NC_045512.2	5696	C	18
NC_045512.2	5697	C	17
NC_045512.2	5698	T	17
NC_045512.2	5699	G	18
NC_045512.2	5700	C	18
NC_045512.2	5701	T	17
NC_045512.2	5702	C	18
NC_045512.2	5703	A	18
NC_045512.2	5704	G	17
NC_045512.2	5705	T	18
NC_045512.2	5706	A	19
NC_045512.2	5707	T	19
NC_045512.2	5708	G	19
NC_045512.2	5709	A	19
NC_045512.2	5710	A	20
NC_045512.2	5711	C	20
NC_045512.2	5712	T	20
NC_045512.2	5713	T	19
NC_045512.2	5714	A	20
NC_045512.2	5715	A	20
NC_045512.2	5716	G	20
NC_045512.2	5717	C	20
NC_045512.2	5718	A	19
NC_045512.2	5719	T	20
NC_045512.2	5720	G	23
NC_045512.2	5721	G	18
NC_045512.2	5722	T	19
NC_045512.2	5723	A	10
NC_045512.2	5724	C	11
NC_045512.2	5725	A	10
NC_045512.2	5726	T	11
NC_045512.2	5727	T	10
NC_045512.2	5728	T	9
NC_045512.2	5729	A	8
NC_045512.2	5730	C	11
NC_045512.2	5731	T	11
NC_045512.2	5732	T	10
NC_045512.2	5733	G	13
NC_045512.2	5734	T	13
NC_045512.2	5735	G	13
NC_045512.2	5736	C	12
NC_045512.2	5737	T	13
NC_045512.2	5738	A	13
NC_045512.2	5739	G	13
NC_045512.2	5740	T	12
NC_045512.2	5741	G	12
NC_045512.2	5742	A	16
NC_045512.2	5743	G	13
NC_045512.2	5744	T	20
NC_045512.2	5745	A	20
NC_045512.2	5746	C	19
NC_045512.2	5747	A	19
NC_045512.2	5748	C	19
NC_045512.2	5749	T	18
NC_045512.2	5750	G	16
NC_045512.2	5751	G	16
NC_045512.2	5752	T	19
NC_045512.2	5753	A	18
NC_045512.2	5754	A	18
NC_045512.2	5755	T	19
NC_045512.2	5756	T	19
NC_045512.2	5757	A	20
NC_045512.2	5758	C	20
NC_045512.2	5759	C	20
NC_045512.2	5760	A	18
NC_045512.2	5761	G	16
NC_045512.2	5762	T	17
NC_045512.2	5763	G	17
NC_045512.2	5764	T	19
NC_045512.2	5765	G	23
NC_045512.2	5766	G	25
NC_045512.2	5767	T	26
NC_045512.2	5768	C	27
NC_045512.2	5769	A	27
NC_045512.2	5770	C	27
NC_045512.2	5771	T	26
NC_045512.2	5772	A	23
NC_045512.2	5773	T	26
NC_045512.2	5774	A	23
NC_045512.2	5775	A	24
NC_045512.2	5776	A	24
NC_045512.2	5777	C	23
NC_045512.2	5778	A	24
NC_045512.2	5779	T	24
NC_045512.2	5780	A	26
NC_045512.2	5781	T	24
NC_045512.2	5782	A	25
NC_045512.2	5783	A	25
NC_045512.2	5784	C	27
NC_045512.2	5785	T	26
NC_045512.2	5786	T	26
NC_045512.2	5787	C	25
NC_045512.2	5788	T	27
NC_045512.2	5789	A	27
NC_045512.2	5790	A	28
NC_045512.2	5791	A	28
NC_045512.2	5792	G	29
NC_045512.2	5793	A	28
NC_045512.2	5794	A	30
NC_045512.2	5795	A	25
NC_045512.2	5796	C	24
NC_045512.2	5797	T	24
NC_045512.2	5798	T	25
NC_045512.2	5799	T	25
NC_045512.2	5800	G	26
NC_045512.2	5801	T	28
NC_045512.2	5802	A	27
NC_045512.2	5803	T	26
NC_045512.2	5804	T	28
NC_045512.2	5805	G	26
NC_045512.2	5806	C	28
NC_045512.2	5807	A	27
NC_045512.2	5808	T	27
NC_045512.2	5809	A	27
NC_045512.2	5810	G	19
NC_045512.2	5811	A	17
NC_045512.2	5812	C	18
NC_045512.2	5813	G	17
NC_045512.2	5814	G	15
NC_045512.2	5815	T	15
NC_045512.2	5816	G	15
NC_045512.2	5817	C	15
NC_045512.2	5818	T	15
NC_045512.2	5819	T	12
NC_045512.2	5820	T	10
NC_045512.2	5821	A	10
NC_045512.2	5822	C	10
NC_045512.2	5823	T	10
NC_045512.2	5824	T	6
NC_045512.2	5825	A	6
NC_045512.2	5826	C	6
NC_045512.2	5827	A	6
NC_045512.2	5828	A	6
NC_045512.2	5829	A	6
NC_045512.2	5830	G	3
NC_045512.2	5831	T	0
NC_045512.2	5832	C	0
NC_045512.2	5833	C	0
NC_045512.2	5834	T	0
NC_045512.2	5835	C	0
NC_045512.2	5836	A	0
NC_045512.2	5837	G	0
NC_045512.2	5838	A	0
NC_045512.2	5839	A	0
NC_045512.2	5840	T	0
NC_045512.2	5841	A	0
NC_045512.2	5842	C	0
NC_045512.2	5843	A	0
NC_045512.2	5844	A	0
NC_045512.2	5845	A	0
NC_045512.2	5846	G	0
NC_045512.2	5847	G	0
NC_045512.2	5848	T	0
NC_045512.2	5849	C	0
NC_045512.2	5850	C	0
NC_045512.2	5851	T	0
NC_045512.2	5852	A	0
NC_045512.2	5853	T	0
NC_045512.2	5854	T	0
NC_045512.2	5855	A	0
NC_045512.2	5856	C	0
NC_045512.2	5857	G	0
NC_045512.2	5858	G	0
NC_045512.2	5859	A	0
NC_045512.2	5860	T	0
NC_045512.2	5861	G	0
NC_045512.2	5862	T	0
NC_045512.2	5863	T	0
NC_045512.2	5864	T	0
NC_045512.2	5865	T	0
NC_045512.2	5866	C	0
NC_045512.2	5867	T	0
NC_045512.2	5868	A	0
NC_045512.2	5869	C	0
NC_045512.2	5870	A	0
NC_045512.2	5871	A	0
NC_045512.2	5872	A	0
NC_045512.2	5873	G	0
NC_045512.2	5874	A	0
NC_045512.2	5875	A	0
NC_045512.2	5876	A	0
NC_045512.2	5877	A	0
NC_045512.2	5878	C	0
NC_045512.2	5879	A	0
NC_045512.2	5880	G	0
NC_045512.2	5881	T	0
NC_045512.2	5882	T	0
NC_045512.2	5883	A	0
NC_045512.2	5884	C	0
NC_045512.2	5885	A	0
NC_045512.2	5886	C	0
NC_045512.2	5887	A	0
NC_045512.2	5888	A	0
NC_045512.2	5889	C	0
NC_045512.2	5890	A	0
NC_045512.2	5891	A	0
NC_045512.2	5892	C	0
NC_045512.2	5893	C	0
NC_045512.2	5894	A	0
NC_045512.2	5895	T	0
NC_045512.2	5896	A	0
NC_045512.2	5897	A	0
NC_045512.2	5898	A	0
NC_045512.2	5899	A	0
NC_045512.2	5900	C	0
NC_045512.2	5901	C	0
NC_045512.2	5902	A	0
NC_045512.2	5903	G	0
NC_045512.2	5904	T	0
NC_045512.2	5905	T	0
NC_045512.2	5906	A	0
NC_045512.2	5907	C	0
NC_045512.2	5908	T	0
NC_045512.2	5909	T	0
NC_045512.2	5910	A	0
NC_045512.2	5911	T	0
NC_045512.2	5912	A	0
NC_045512.2	5913	A	0
NC_045512.2	5914	A	0
NC_045512.2	5915	T	0
NC_045512.2	5916	T	0
NC_045512.2	5917	G	0
NC_045512.2	5918	G	0
NC_045512.2	5919	A	0
NC_045512.2	5920	T	0
NC_045512.2	5921	G	0
NC_045512.2	5922	G	0
NC_045512.2	5923	T	0
NC_045512.2	5924	G	0
NC_045512.2	5925	T	0
NC_045512.2	5926	T	0
NC_045512.2	5927	G	0
NC_045512.2	5928	T	0
NC_045512.2	5929	T	0
NC_045512.2	5930	T	0
NC_045512.2	5931	G	0
NC_045512.2	5932	T	0
NC_045512.2	5933	A	0
NC_045512.2	5934	C	0
NC_045512.2	5935	A	0
NC_045512.2	5936	G	0
NC_045512.2	5937	A	0
NC_045512.2	5938	A	0
NC_045512.2	5939	A	0
NC_045512.2	5940	T	0
NC_045512.2	5941	T	0
NC_045512.2	5942	G	0
NC_045512.2	5943	A	0
NC_045512.2	5944	C	0
NC_045512.2	5945	C	0
NC_045512.2	5946	C	0
NC_045512.2	5947	T	0
NC_045512.2	5948	A	0
NC_045512.2	5949	A	0
NC_045512.2	5950	G	0
NC_045512.2	5951	T	0
NC_045512.2	5952	T	0
NC_045512.2	5953	G	0
NC_045512.2	5954	G	0
NC_045512.2	5955	A	0
NC_045512.2	5956	C	0
NC_045512.2	5957	A	0
NC_045512.2	5958	A	0
NC_045512.2	5959	T	0
NC_045512.2	5960	T	0
NC_045512.2	5961	A	0
NC_045512.2	5962	T	0
NC_045512.2	5963	T	0
NC_045512.2	5964	A	0
NC_045512.2	5965	T	0
NC_045512.2	5966	A	0
NC_045512.2	5967	A	0
NC_045512.2	5968	G	0
NC_045512.2	5969	A	0
NC_045512.2	5970	A	0
NC_045512.2	5971	A	0
NC_045512.2	5972	G	0
NC_045512.2	5973	A	0
NC_045512.2	5974	C	0
NC_045512.2	5975	A	0
NC_045512.2	5976	A	0
NC_045512.2	5977	T	0
NC_045512.2	5978	T	0
NC_045512.2	5979	C	0
NC_045512.2	5980	T	0
NC_045512.2	5981	T	0
NC_045512.2	5982	A	0
NC_045512.2	5983	T	0
NC_045512.2	5984	T	0
NC_045512.2	5985	T	0
NC_045512.2	5986	C	0
NC_045512.2	5987	A	0
NC_045512.2	5988	C	0
NC_045512.2	5989	A	0
NC_045512.2	5990	G	0
NC_045512.2	5991	A	0
NC_045512.2	5992	G	0
NC_045512.2	5993	C	0
NC_045512.2	5994	A	0
NC_045512.2	5995	A	0
NC_045512.2	5996	C	0
NC_045512.2	5997	C	0
NC_045512.2	5998	A	0
NC_045512.2	5999	A	0
NC_045512.2	6000	T	0
NC_045512.2	6001	T	1
NC_045512.2	6002	G	1
NC_045512.2	6003	A	1
NC_045512.2	6004	T	1
NC_045512.2	6005	C	1
NC_045512.2	6006	T	1
NC_045512.2	6007	T	2
NC_045512.2	6008	G	2
NC_045512.2	6009	T	2
NC_045512.2	6010	A	3
NC_045512.2	6011	C	3
NC_045512.2	6012	C	3
NC_045512.2	6013	A	3
NC_045512.2	6014	A	3
NC_045512.2	6015	A	3
NC_045512.2	6016	C	3
NC_045512.2	6017	C	3
NC_045512.2	6018	A	3
NC_045512.2	6019	A	3
NC_045512.2	6020	C	3
NC_045512.2	6021	C	3
NC_045512.2	6022	A	4
NC_045512.2	6023	T	4
NC_045512.2	6024	A	4
NC_045512.2	6025	T	4
NC_045512.2	6026	C	4
NC_045512.2	6027	C	4
NC_045512.2	6028	A	6
NC_045512.2	6029	A	6
NC_045512.2	6030	A	6
NC_045512.2	6031	C	5
NC_045512.2	6032	G	5
NC_045512.2	6033	C	5
NC_045512.2	6034	A	5
NC_045512.2	6035	A	5
NC_045512.2	6036	G	5
NC_045512.2	6037	C	4
NC_045512.2	6038	T	7
NC_045512.2	6039	T	7
NC_045512.2	6040	C	6
NC_045512.2	6041	G	6
NC_045512.2	6042	A	6
NC_045512.2	6043	T	7
NC_045512.2	6044	A	7
NC_045512.2	6045	A	7
NC_045512.2	6046	T	7
NC_045512.2	6047	T	10
NC_045512.2	6048	T	10
NC_045512.2	6049	T	10
NC_045512.2	6050	A	10
NC_045512.2	6051	A	10
NC_045512.2	6052	G	9
NC_045512.2	6053	T	9
NC_045512.2	6054	T	9
NC_045512.2	6055	T	9
NC_045512.2	6056	G	9
NC_045512.2	6057	T	11
NC_045512.2	6058	A	11
NC_045512.2	6059	T	11
NC_045512.2	6060	G	12
NC_045512.2	6061	T	12
NC_045512.2	6062	G	12
NC_045512.2	6063	A	11
NC_045512.2	6064	T	13
NC_045512.2	6065	A	13
NC_045512.2	6066	A	12
NC_045512.2	6067	T	13
NC_045512.2	6068	A	11
NC_045512.2	6069	T	13
NC_045512.2	6070	C	13
NC_045512.2	6071	A	14
NC_045512.2	6072	A	13
NC_045512.2	6073	A	12
NC_045512.2	6074	T	12
NC_045512.2	6075	T	12
NC_045512.2	6076	T	12
NC_045512.2	6077	G	9
NC_045512.2	6078	C	9
NC_045512.2	6079	T	11
NC_045512.2	6080	G	11
NC_045512.2	6081	A	11
NC_045512.2	6082	T	11
NC_045512.2	6083	G	11
NC_045512.2	6084	A	11
NC_045512.2	6085	T	11
NC_045512.2	6086	T	13
NC_045512.2	6087	T	13
NC_045512.2	6088	A	13
NC_045512.2	6089	A	13
NC_045512.2	6090	A	12
NC_045512.2	6091	C	12
NC_045512.2	6092	C	12
NC_045512.2	6093	A	12
NC_045512.2	6094	G	13
NC_045512.2	6095	T	13
NC_045512.2	6096	T	13
NC_045512.2	6097	A	13
NC_045512.2	6098	A	12
NC_045512.2	6099	C	11
NC_045512.2	6100	T	14
NC_045512.2	6101	G	14
NC_045512.2	6102	G	15
NC_045512.2	6103	T	14
NC_045512.2	6104	T	14
NC_045512.2	6105	A	15
NC_045512.2	6106	T	16
NC_045512.2	6107	A	16
NC_045512.2	6108	A	16
NC_045512.2	6109	G	15
NC_045512.2	6110	A	16
NC_045512.2	6111	A	16
NC_045512.2	6112	A	13
NC_045512.2	6113	C	14
NC_045512.2	6114	C	14
NC_045512.2	6115	T	14
NC_045512.2	6116	G	10
NC_045512.2	6117	C	7
NC_045512.2	6118	T	9
NC_045512.2	6119	T	9
NC_045512.2	6120	C	8
NC_045512.2	6121	A	9
NC_045512.2	6122	A	7
NC_045512.2	6123	G	8
NC_045512.2	6124	A	6
NC_045512.2	6125	G	7
NC_045512.2	6126	A	4
NC_045512.2	6127	G	6
NC_045512.2	6128	C	5
NC_045512.2	6129	T	6
NC_045512.2	6130	T	4
NC_045512.2	6131	A	4
NC_045512.2	6132	A	2
NC_045512.2	6133	A	2
NC_045512.2	6134	G	2
NC_045512.2	6135	T	2
NC_045512.2	6136	T	2
NC_045512.2	6137	A	2
NC_045512.2	6138	C	2
NC_045512.2	6139	A	2
NC_045512.2	6140	T	2
NC_045512.2	6141	T	2
NC_045512.2	6142	T	1
NC_045512.2	6143	T	1
NC_045512.2	6144	T	1
NC_045512.2	6145	C	0
NC_045512.2	6146	C	0
NC_045512.2	6147	C	0
NC_045512.2	6148	T	0
NC_045512.2	6149	G	0
NC_045512.2	6150	A	0
NC_045512.2	6151	C	0
NC_045512.2	6152	T	0
NC_045512.2	6153	T	0
NC_045512.2	6154	A	0
NC_045512.2	6155	A	0
NC_045512.2	6156	A	0
NC_045512.2	6157	T	0
NC_045512.2	6158	G	0
NC_045512.2	6159	G	0
NC_045512.2	6160	T	0
NC_045512.2	6161	G	0
NC_045512.2	6162	A	0
NC_045512.2	6163	T	0
NC_045512.2	6164	G	0
NC_045512.2	6165	T	0
NC_045512.2	6166	G	0
NC_045512.2	6167	G	0
NC_045512.2	6168	T	0
NC_045512.2	6169	G	0
NC_045512.2	6170	G	0
NC_045512.2	6171	C	0
NC_045512.2	6172	T	0
NC_045512.2	6173	A	0
NC_045512.2	6174	T	0
NC_045512.2	6175	T	0
NC_045512.2	6176	G	0
NC_045512.2	6177	A	0
NC_045512.2	6178	T	0
NC_045512.2	6179	T	0
NC_045512.2	6180	A	0
NC_045512.2	6181	T	0
NC_045512.2	6182	A	0
NC_045512.2	6183	A	0
NC_045512.2	6184	A	0
NC_045512.2	6185	C	0
NC_045512.2	6186	A	0
NC_045512.2	6187	C	0
NC_045512.2	6188	T	0
NC_045512.2	6189	A	0
NC_045512.2	6190	C	0
NC_045512.2	6191	A	0
NC_045512.2	6192	C	0
NC_045512.2	6193	A	0
NC_045512.2	6194	C	0
NC_045512.2	6195	C	0
NC_045512.2	6196	C	0
NC_045512.2	6197	T	0
NC_045512.2	6198	C	0
NC_045512.2	6199	T	0
NC_045512.2	6200	T	0
NC_045512.2	6201	T	0
NC_045512.2	6202	T	0
NC_045512.2	6203	A	0
NC_045512.2	6204	A	0
NC_045512.2	6205	G	0
NC_045512.2	6206	A	0
NC_045512.2	6207	A	0
NC_045512.2	6208	A	0
NC_045512.2	6209	G	0
NC_045512.2	6210	G	0
NC_045512.2	6211	A	0
NC_045512.2	6212	G	0
NC_045512.2	6213	C	0
NC_045512.2	6214	T	0
NC_045512.2	6215	A	0
NC_045512.2	6216	A	0
NC_045512.2	6217	A	0
NC_045512.2	6218	T	0
NC_045512.2	6219	T	0
NC_045512.2	6220	G	0
NC_045512.2	6221	T	0
NC_045512.2	6222	T	0
NC_045512.2	6223	A	0
NC_045512.2	6224	C	0
NC_045512.2	6225	A	0
NC_045512.2	6226	T	0
NC_045512.2	6227	A	0
NC_045512.2	6228	A	0
NC_045512.2	6229	A	0
NC_045512.2	6230	C	0
NC_045512.2	6231	C	0
NC_045512.2	6232	T	0
NC_045512.2	6233	A	0
NC_045512.2	6234	T	0
NC_045512.2	6235	T	0
NC_045512.2	6236	G	0
NC_045512.2	6237	T	0
NC_045512.2	6238	T	0
NC_045512.2	6239	T	0
NC_045512.2	6240	G	0
NC_045512.2	6241	G	0
NC_045512.2	6242	C	0
NC_045512.2	6243	A	0
NC_045512.2	6244	T	0
NC_045512.2	6245	G	0
NC_045512.2	6246	T	0
NC_045512.2	6247	T	0
NC_045512.2	6248	A	0
NC_045512.2	6249	A	0
NC_045512.2	6250	C	0
NC_045512.2	6251	A	0
NC_045512.2	6252	A	0
NC_045512.2	6253	T	0
NC_045512.2	6254	G	0
NC_045512.2	6255	C	0
NC_045512.2	6256	A	0
NC_045512.2	6257	A	0
NC_045512.2	6258	C	0
NC_045512.2	6259	T	0
NC_045512.2	6260	A	0
NC_045512.2	6261	A	0
NC_045512.2	6262	T	0
NC_045512.2	6263	A	0
NC_045512.2	6264	A	0
NC_045512.2	6265	A	0
NC_045512.2	6266	G	0
NC_045512.2	6267	C	0
NC_045512.2	6268	C	0
NC_045512.2	6269	A	0
NC_045512.2	6270	C	0
NC_045512.2	6271	G	0
NC_045512.2	6272	T	0
NC_045512.2	6273	A	0
NC_045512.2	6274	T	0
NC_045512.2	6275	A	0
NC_045512.2	6276	A	0
NC_045512.2	6277	A	0
NC_045512.2	6278	C	0
NC_045512.2	6279	C	0
NC_045512.2	6280	A	0
NC_045512.2	6281	A	0
NC_045512.2	6282	A	0
NC_045512.2	6283	T	0
NC_045512.2	6284	A	0
NC_045512.2	6285	C	0
NC_045512.2	6286	C	0
NC_045512.2	6287	T	0
NC_045512.2	6288	G	0
NC_045512.2	6289	G	0
NC_045512.2	6290	T	0
NC_045512.2	6291	G	0
NC_045512.2	6292	T	0
NC_045512.2	6293	A	0
NC_045512.2	6294	T	0
NC_045512.2	6295	A	0
NC_045512.2	6296	C	0
NC_045512.2	6297	G	0
NC_045512.2	6298	T	0
NC_045512.2	6299	T	0
NC_045512.2	6300	G	0
NC_045512.2	6301	T	0
NC_045512.2	6302	C	0
NC_045512.2	6303	T	0
NC_045512.2	6304	T	0
NC_045512.2	6305	T	0
NC_045512.2	6306	G	0
NC_045512.2	6307	G	0
NC_045512.2	6308	A	0
NC_045512.2	6309	G	0
NC_045512.2	6310	C	0
NC_045512.2	6311	A	0
NC_045512.2	6312	C	0
NC_045512.2	6313	A	0
NC_045512.2	6314	A	0
NC_045512.2	6315	A	0
NC_045512.2	6316	A	0
NC_045512.2	6317	C	0
NC_045512.2	6318	C	0
NC_045512.2	6319	A	0
NC_045512.2	6320	G	0
NC_045512.2	6321	T	0
NC_045512.2	6322	T	0
NC_045512.2	6323	G	0
NC_045512.2	6324	A	0
NC_045512.2	6325	A	0
NC_045512.2	6326	A	0
NC_045512.2	6327	C	0
NC_045512.2	6328	A	0
NC_045512.2	6329	T	0
NC_045512.2	6330	C	0
NC_045512.2	6331	A	0
NC_045512.2	6332	A	0
NC_045512.2	6333	A	0
NC_045512.2	6334	T	0
NC_045512.2	6335	T	0
NC_045512.2	6336	C	0
NC_045512.2	6337	G	0
NC_045512.2	6338	T	0
NC_045512.2	6339	T	0
NC_045512.2	6340	T	0
NC_045512.2	6341	G	0
NC_045512.2	6342	A	0
NC_045512.2	6343	T	0
NC_045512.2	6344	G	0
NC_045512.2	6345	T	0
NC_045512.2	6346	A	0
NC_045512.2	6347	C	0
NC_045512.2	6348	T	0
NC_045512.2	6349	G	0
NC_045512.2	6350	A	0
NC_045512.2	6351	A	0
NC_045512.2	6352	G	0
NC_045512.2	6353	T	0
NC_045512.2	6354	C	0
NC_045512.2	6355	A	0
NC_045512.2	6356	G	0
NC_045512.2	6357	A	0
NC_045512.2	6358	G	0
NC_045512.2	6359	G	0
NC_045512.2	6360	A	0
NC_045512.2	6361	C	0
NC_045512.2	6362	G	0
NC_045512.2	6363	C	0
NC_045512.2	6364	G	0
NC_045512.2	6365	C	0
NC_045512.2	6366	A	0
NC_045512.2	6367	G	0
NC_045512.2	6368	G	0
NC_045512.2	6369	G	0
NC_045512.2	6370	A	0
NC_045512.2	6371	A	0
NC_045512.2	6372	T	0
NC_045512.2	6373	G	0
NC_045512.2	6374	G	0
NC_045512.2	6375	A	0
NC_045512.2	6376	T	0
NC_045512.2	6377	A	0
NC_045512.2	6378	A	0
NC_045512.2	6379	T	0
NC_045512.2	6380	C	0
NC_045512.2	6381	T	0
NC_045512.2	6382	T	0
NC_045512.2	6383	G	0
NC_045512.2	6384	C	0
NC_045512.2	6385	C	0
NC_045512.2	6386	T	0
NC_045512.2	6387	G	0
NC_045512.2	6388	C	0
NC_045512.2	6389	G	0
NC_045512.2	6390	A	0
NC_045512.2	6391	A	0
NC_045512.2	6392	G	0
NC_045512.2	6393	A	0
NC_045512.2	6394	T	0
NC_045512.2	6395	C	0
NC_045512.2	6396	T	0
NC_045512.2	6397	A	0
NC_045512.2	6398	A	0
NC_045512.2	6399	A	0
NC_045512.2	6400	A	0
NC_045512.2	6401	C	0
NC_045512.2	6402	C	0
NC_045512.2	6403	A	0
NC_045512.2	6404	G	0
NC_045512.2	6405	T	0
NC_045512.2	6406	C	0
NC_045512.2	6407	T	0
NC_045512.2	6408	C	0
NC_045512.2	6409	T	0
NC_045512.2	6410	G	0
NC_045512.2	6411	A	0
NC_045512.2	6412	A	0
NC_045512.2	6413	G	0
NC_045512.2	6414	A	0
NC_045512.2	6415	A	0
NC_045512.2	6416	G	0
NC_045512.2	6417	T	0
NC_045512.2	6418	A	0
NC_045512.2	6419	G	0
NC_045512.2	6420	T	0
NC_045512.2	6421	G	0
NC_045512.2	6422	G	0
NC_045512.2	6423	A	0
NC_045512.2	6424	A	0
NC_045512.2	6425	A	0
NC_045512.2	6426	A	0
NC_045512.2	6427	T	0
NC_045512.2	6428	C	0
NC_045512.2	6429	C	0
NC_045512.2	6430	T	0
NC_045512.2	6431	A	0
NC_045512.2	6432	C	0
NC_045512.2	6433	C	0
NC_045512.2	6434	A	0
NC_045512.2	6435	T	0
NC_045512.2	6436	A	0
NC_045512.2	6437	C	0
NC_045512.2	6438	A	0
NC_045512.2	6439	G	0
NC_045512.2	6440	A	0
NC_045512.2	6441	A	0
NC_045512.2	6442	A	0
NC_045512.2	6443	G	0
NC_045512.2	6444	A	0
NC_045512.2	6445	C	0
NC_045512.2	6446	G	0
NC_045512.2	6447	T	0
NC_045512.2	6448	T	0
NC_045512.2	6449	C	0
NC_045512.2	6450	T	0
NC_045512.2	6451	T	0
NC_045512.2	6452	G	0
NC_045512.2	6453	A	0
NC_045512.2	6454	G	0
NC_045512.2	6455	T	0
NC_045512.2	6456	G	0
NC_045512.2	6457	T	0
NC_045512.2	6458	A	0
NC_045512.2	6459	A	0
NC_045512.2	6460	T	0
NC_045512.2	6461	G	0
NC_045512.2	6462	T	0
NC_045512.2	6463	G	0
NC_045512.2	6464	A	0
NC_045512.2	6465	A	0
NC_045512.2	6466	A	0
NC_045512.2	6467	A	0
NC_045512.2	6468	C	0
NC_045512.2	6469	T	0
NC_045512.2	6470	A	0
NC_045512.2	6471	C	0
NC_045512.2	6472	C	0
NC_045512.2	6473	G	0
NC_045512.2	6474	A	0
NC_045512.2	6475	A	0
NC_045512.2	6476	G	0
NC_045512.2	6477	T	0
NC_045512.2	6478	T	0
NC_045512.2	6479	G	0
NC_045512.2	6480	T	0
NC_045512.2	6481	A	0
NC_045512.2	6482	G	0
NC_045512.2	6483	G	0
NC_045512.2	6484	A	0
NC_045512.2	6485	G	0
NC_045512.2	6486	A	0
NC_045512.2	6487	C	0
NC_045512.2	6488	A	0
NC_045512.2	6489	T	0
NC_045512.2	6490	T	0
NC_045512.2	6491	A	0
NC_045512.2	6492	T	0
NC_045512.2	6493	A	0
NC_045512.2	6494	C	0
NC_045512.2	6495	T	0
NC_045512.2	6496	T	0
NC_045512.2	6497	A	0
NC_045512.2	6498	A	0
NC_045512.2	6499	A	0
NC_045512.2	6500	C	0
NC_045512.2	6501	C	0
NC_045512.2	6502	A	0
NC_045512.2	6503	G	0
NC_045512.2	6504	C	0
NC_045512.2	6505	A	0
NC_045512.2	6506	A	0
NC_045512.2	6507	A	0
NC_045512.2	6508	T	0
NC_045512.2	6509	A	0
NC_045512.2	6510	A	0
NC_045512.2	6511	T	0
NC_045512.2	6512	A	0
NC_045512.2	6513	G	0
NC_045512.2	6514	T	0
NC_045512.2	6515	T	0
NC_045512.2	6516	T	0
NC_045512.2	6517	A	0
NC_045512.2	6518	A	0
NC_045512.2	6519	A	0
NC_045512.2	6520	A	0
NC_045512.2	6521	A	0
NC_045512.2	6522	T	0
NC_045512.2	6523	T	0
NC_045512.2	6524	A	0
NC_045512.2	6525	C	0
NC_045512.2	6526	A	0
NC_045512.2	6527	G	0
NC_045512.2	6528	A	0
NC_045512.2	6529	A	0
NC_045512.2	6530	G	0
NC_045512.2	6531	A	0
NC_045512.2	6532	G	0
NC_045512.2	6533	G	0
NC_045512.2	6534	T	0
NC_045512.2	6535	T	0
NC_045512.2	6536	G	0
NC_045512.2	6537	G	0
NC_045512.2	6538	C	0
NC_045512.2	6539	C	0
NC_045512.2	6540	A	0
NC_045512.2	6541	C	0
NC_045512.2	6542	A	0
NC_045512.2	6543	C	0
NC_045512.2	6544	A	0
NC_045512.2	6545	G	0
NC_045512.2	6546	A	0
NC_045512.2	6547	T	0
NC_045512.2	6548	C	0
NC_045512.2	6549	T	0
NC_045512.2	6550	A	0
NC_045512.2	6551	A	0
NC_045512.2	6552	T	0
NC_045512.2	6553	G	0
NC_045512.2	6554	G	0
NC_045512.2	6555	C	0
NC_045512.2	6556	T	0
NC_045512.2	6557	G	0
NC_045512.2	6558	C	0
NC_045512.2	6559	T	0
NC_045512.2	6560	T	0
NC_045512.2	6561	A	0
NC_045512.2	6562	T	0
NC_045512.2	6563	G	0
NC_045512.2	6564	T	0
NC_045512.2	6565	A	0
NC_045512.2	6566	G	0
NC_045512.2	6567	A	0
NC_045512.2	6568	C	0
NC_045512.2	6569	A	0
NC_045512.2	6570	A	0
NC_045512.2	6571	T	0
NC_045512.2	6572	T	0
NC_045512.2	6573	C	0
NC_045512.2	6574	T	0
NC_045512.2	6575	A	0
NC_045512.2	6576	G	0
NC_045512.2	6577	T	0
NC_045512.2	6578	C	0
NC_045512.2	6579	T	0
NC_045512.2	6580	T	0
NC_045512.2	6581	A	0
NC_045512.2	6582	C	0
NC_045512.2	6583	T	0
NC_045512.2	6584	A	0
NC_045512.2	6585	T	0
NC_045512.2	6586	T	0
NC_045512.2	6587	A	0
NC_045512.2	6588	A	0
NC_045512.2	6589	G	0
NC_045512.2	6590	A	0
NC_045512.2	6591	A	0
NC_045512.2	6592	A	0
NC_045512.2	6593	C	0
NC_045512.2	6594	C	0
NC_045512.2	6595	T	0
NC_045512.2	6596	A	0
NC_045512.2	6597	A	0
NC_045512.2	6598	T	0
NC_045512.2	6599	G	0
NC_045512.2	6600	A	0
NC_045512.2	6601	A	0
NC_045512.2	6602	T	0
NC_045512.2	6603	T	0
NC_045512.2	6604	A	0
NC_045512.2	6605	T	0
NC_045512.2	6606	C	0
NC_045512.2	6607	T	0
NC_045512.2	6608	A	0
NC_045512.2	6609	G	0
NC_045512.2	6610	A	0
NC_045512.2	6611	G	0
NC_045512.2	6612	T	0
NC_045512.2	6613	A	0
NC_045512.2	6614	T	0
NC_045512.2	6615	T	0
NC_045512.2	6616	A	0
NC_045512.2	6617	G	0
NC_045512.2	6618	G	0
NC_045512.2	6619	T	0
NC_045512.2	6620	T	0
NC_045512.2	6621	T	0
NC_045512.2	6622	G	0
NC_045512.2	6623	A	0
NC_045512.2	6624	A	0
NC_045512.2	6625	A	0
NC_045512.2	6626	A	0
NC_045512.2	6627	C	0
NC_045512.2	6628	C	0
NC_045512.2	6629	C	0
NC_045512.2	6630	T	0
NC_045512.2	6631	T	0
NC_045512.2	6632	G	0
NC_045512.2	6633	C	0
NC_045512.2	6634	T	0
NC_045512.2	6635	A	0
NC_045512.2	6636	C	0
NC_045512.2	6637	T	0
NC_045512.2	6638	C	0
NC_045512.2	6639	A	0
NC_045512.2	6640	T	0
NC_045512.2	6641	G	0
NC_045512.2	6642	G	0
NC_045512.2	6643	T	0
NC_045512.2	6644	T	0
NC_045512.2	6645	T	0
NC_045512.2	6646	A	0
NC_045512.2	6647	G	0
NC_045512.2	6648	C	0
NC_045512.2	6649	T	0
NC_045512.2	6650	G	0
NC_045512.2	6651	C	0
NC_045512.2	6652	T	0
NC_045512.2	6653	G	0
NC_045512.2	6654	T	0
NC_045512.2	6655	T	0
NC_045512.2	6656	A	0
NC_045512.2	6657	A	0
NC_045512.2	6658	T	0
NC_045512.2	6659	A	0
NC_045512.2	6660	G	0
NC_045512.2	6661	T	0
NC_045512.2	6662	G	0
NC_045512.2	6663	T	0
NC_045512.2	6664	C	0
NC_045512.2	6665	C	0
NC_045512.2	6666	C	0
NC_045512.2	6667	T	0
NC_045512.2	6668	T	0
NC_045512.2	6669	G	0
NC_045512.2	6670	G	0
NC_045512.2	6671	G	0
NC_045512.2	6672	A	0
NC_045512.2	6673	T	0
NC_045512.2	6674	A	0
NC_045512.2	6675	C	0
NC_045512.2	6676	T	0
NC_045512.2	6677	A	0
NC_045512.2	6678	T	0
NC_045512.2	6679	A	0
NC_045512.2	6680	G	0
NC_045512.2	6681	C	0
NC_045512.2	6682	T	0
NC_045512.2	6683	A	0
NC_045512.2	6684	A	0
NC_045512.2	6685	T	0
NC_045512.2	6686	T	0
NC_045512.2	6687	A	0
NC_045512.2	6688	T	0
NC_045512.2	6689	G	0
NC_045512.2	6690	C	0
NC_045512.2	6691	T	0
NC_045512.2	6692	A	0
NC_045512.2	6693	A	0
NC_045512.2	6694	G	0
NC_045512.2	6695	C	0
NC_045512.2	6696	C	0
NC_045512.2	6697	T	0
NC_045512.2	6698	T	0
NC_045512.2	6699	T	0
NC_045512.2	6700	T	0
NC_045512.2	6701	C	0
NC_045512.2	6702	T	0
NC_045512.2	6703	T	0
NC_045512.2	6704	A	0
NC_045512.2	6705	A	0
NC_045512.2	6706	C	0
NC_045512.2	6707	A	0
NC_045512.2	6708	A	0
NC_045512.2	6709	A	0
NC_045512.2	6710	G	0
NC_045512.2	6711	T	0
NC_045512.2	6712	T	0
NC_045512.2	6713	G	0
NC_045512.2	6714	T	0
NC_045512.2	6715	T	0
NC_045512.2	6716	A	0
NC_045512.2	6717	G	0
NC_045512.2	6718	T	0
NC_045512.2	6719	A	0
NC_045512.2	6720	C	0
NC_045512.2	6721	A	0
NC_045512.2	6722	A	0
NC_045512.2	6723	C	0
NC_045512.2	6724	T	0
NC_045512.2	6725	A	0
NC_045512.2	6726	C	0
NC_045512.2	6727	T	0
NC_045512.2	6728	A	0
NC_045512.2	6729	A	0
NC_045512.2	6730	C	0
NC_045512.2	6731	A	0
NC_045512.2	6732	T	0
NC_045512.2	6733	A	0
NC_045512.2	6734	G	0
NC_045512.2	6735	T	0
NC_045512.2	6736	T	0
NC_045512.2	6737	A	0
NC_045512.2	6738	C	0
NC_045512.2	6739	A	0
NC_045512.2	6740	C	0
NC_045512.2	6741	G	0
NC_045512.2	6742	G	0
NC_045512.2	6743	T	0
NC_045512.2	6744	G	0
NC_045512.2	6745	T	0
NC_045512.2	6746	T	0
NC_045512.2	6747	T	0
NC_045512.2	6748	A	0
NC_045512.2	6749	A	0
NC_045512.2	6750	A	0
NC_045512.2	6751	C	0
NC_045512.2	6752	C	0
NC_045512.2	6753	G	0
NC_045512.2	6754	T	0
NC_045512.2	6755	G	0
NC_045512.2	6756	T	0
NC_045512.2	6757	T	0
NC_045512.2	6758	T	0
NC_045512.2	6759	G	0
NC_045512.2	6760	T	0
NC_045512.2	6761	A	0
NC_045512.2	6762	C	0
NC_045512.2	6763	T	0
NC_045512.2	6764	A	0
NC_045512.2	6765	A	0
NC_045512.2	6766	T	0
NC_045512.2	6767	T	0
NC_045512.2	6768	A	0
NC_045512.2	6769	T	0
NC_045512.2	6770	A	0
NC_045512.2	6771	T	0
NC_045512.2	6772	G	0
NC_045512.2	6773	C	0
NC_045512.2	6774	C	0
NC_045512.2	6775	T	0
NC_045512.2	6776	T	0
NC_045512.2	6777	A	0
NC_045512.2	6778	T	0
NC_045512.2	6779	T	0
NC_045512.2	6780	T	0
NC_045512.2	6781	C	0
NC_045512.2	6782	T	0
NC_045512.2	6783	T	0
NC_045512.2	6784	T	0
NC_045512.2	6785	A	0
NC_045512.2	6786	C	0
NC_045512.2	6787	T	0
NC_045512.2	6788	T	0
NC_045512.2	6789	T	0
NC_045512.2	6790	A	0
NC_045512.2	6791	T	0
NC_045512.2	6792	T	0
NC_045512.2	6793	G	0
NC_045512.2	6794	C	0
NC_045512.2	6795	T	0
NC_045512.2	6796	A	0
NC_045512.2	6797	C	0
NC_045512.2	6798	A	0
NC_045512.2	6799	A	0
NC_045512.2	6800	T	0
NC_045512.2	6801	T	0
NC_045512.2	6802	G	0
NC_045512.2	6803	T	0
NC_045512.2	6804	G	0
NC_045512.2	6805	T	0
NC_045512.2	6806	A	0
NC_045512.2	6807	C	0
NC_045512.2	6808	T	0
NC_045512.2	6809	T	0
NC_045512.2	6810	T	0
NC_045512.2	6811	T	0
NC_045512.2	6812	A	0
NC_045512.2	6813	C	0
NC_045512.2	6814	T	0
NC_045512.2	6815	A	0
NC_045512.2	6816	G	0
NC_045512.2	6817	A	0
NC_045512.2	6818	A	0
NC_045512.2	6819	G	0
NC_045512.2	6820	T	0
NC_045512.2	6821	A	0
NC_045512.2	6822	C	0
NC_045512.2	6823	A	0
NC_045512.2	6824	A	0
NC_045512.2	6825	A	0
NC_045512.2	6826	T	0
NC_045512.2	6827	T	0
NC_045512.2	6828	C	0
NC_045512.2	6829	T	0
NC_045512.2	6830	A	0
NC_045512.2	6831	G	0
NC_045512.2	6832	A	0
NC_045512.2	6833	A	0
NC_045512.2	6834	T	0
NC_045512.2	6835	T	0
NC_045512.2	6836	A	0
NC_045512.2	6837	A	0
NC_045512.2	6838	A	0
NC_045512.2	6839	G	0
NC_045512.2	6840	C	0
NC_045512.2	6841	A	0
NC_045512.2	6842	T	0
NC_045512.2	6843	C	0
NC_045512.2	6844	T	0
NC_045512.2	6845	A	0
NC_045512.2	6846	T	0
NC_045512.2	6847	G	0
NC_045512.2	6848	C	0
NC_045512.2	6849	C	0
NC_045512.2	6850	G	0
NC_045512.2	6851	A	0
NC_045512.2	6852	C	0
NC_045512.2	6853	T	0
NC_045512.2	6854	A	0
NC_045512.2	6855	C	0
NC_045512.2	6856	T	0
NC_045512.2	6857	A	0
NC_045512.2	6858	T	0
NC_045512.2	6859	A	0
NC_045512.2	6860	G	0
NC_045512.2	6861	C	0
NC_045512.2	6862	A	0
NC_045512.2	6863	A	0
NC_045512.2	6864	A	0
NC_045512.2	6865	G	0
NC_045512.2	6866	A	0
NC_045512.2	6867	A	0
NC_045512.2	6868	T	0
NC_045512.2	6869	A	0
NC_045512.2	6870	C	1
NC_045512.2	6871	T	1
NC_045512.2	6872	G	1
NC_045512.2	6873	T	1
NC_045512.2	6874	T	1
NC_045512.2	6875	A	1
NC_045512.2	6876	A	1
NC_045512.2	6877	G	1
NC_045512.2	6878	A	1
NC_045512.2	6879	G	1
NC_045512.2	6880	T	1
NC_045512.2	6881	G	1
NC_045512.2	6882	T	1
NC_045512.2	6883	C	1
NC_045512.2	6884	G	1
NC_045512.2	6885	G	1
NC_045512.2	6886	T	3
NC_045512.2	6887	A	3
NC_045512.2	6888	A	3
NC_045512.2	6889	A	3
NC_045512.2	6890	T	3
NC_045512.2	6891	T	3
NC_045512.2	6892	T	3
NC_045512.2	6893	T	4
NC_045512.2	6894	G	5
NC_045512.2	6895	T	5
NC_045512.2	6896	C	5
NC_045512.2	6897	T	5
NC_045512.2	6898	A	5
NC_045512.2	6899	G	4
NC_045512.2	6900	A	4
NC_045512.2	6901	G	4
NC_045512.2	6902	G	4
NC_045512.2	6903	C	4
NC_045512.2	6904	T	4
NC_045512.2	6905	T	4
NC_045512.2	6906	C	4
NC_045512.2	6907	A	5
NC_045512.2	6908	T	5
NC_045512.2	6909	T	5
NC_045512.2	6910	T	5
NC_045512.2	6911	A	5
NC_045512.2	6912	A	5
NC_045512.2	6913	T	5
NC_045512.2	6914	T	5
NC_045512.2	6915	A	7
NC_045512.2	6916	T	6
NC_045512.2	6917	T	6
NC_045512.2	6918	T	6
NC_045512.2	6919	G	6
NC_045512.2	6920	A	7
NC_045512.2	6921	A	7
NC_045512.2	6922	G	7
NC_045512.2	6923	T	6
NC_045512.2	6924	C	6
NC_045512.2	6925	A	5
NC_045512.2	6926	C	5
NC_045512.2	6927	C	6
NC_045512.2	6928	T	6
NC_045512.2	6929	A	6
NC_045512.2	6930	A	6
NC_045512.2	6931	T	6
NC_045512.2	6932	T	6
NC_045512.2	6933	T	6
NC_045512.2	6934	T	6
NC_045512.2	6935	T	6
NC_045512.2	6936	C	5
NC_045512.2	6937	T	5
NC_045512.2	6938	A	5
NC_045512.2	6939	A	5
NC_045512.2	6940	A	3
NC_045512.2	6941	C	4
NC_045512.2	6942	T	4
NC_045512.2	6943	G	4
NC_045512.2	6944	A	4
NC_045512.2	6945	T	3
NC_045512.2	6946	A	3
NC_045512.2	6947	A	3
NC_045512.2	6948	A	3
NC_045512.2	6949	T	3
NC_045512.2	6950	A	2
NC_045512.2	6951	T	2
NC_045512.2	6952	T	2
NC_045512.2	6953	A	2
NC_045512.2	6954	T	2
NC_045512.2	6955	A	2
NC_045512.2	6956	A	2
NC_045512.2	6957	T	2
NC_045512.2	6958	T	1
NC_045512.2	6959	T	1
NC_045512.2	6960	G	1
NC_045512.2	6961	G	1
NC_045512.2	6962	T	1
NC_045512.2	6963	T	1
NC_045512.2	6964	T	1
NC_045512.2	6965	T	1
NC_045512.2	6966	T	1
NC_045512.2	6967	A	1
NC_045512.2	6968	C	1
NC_045512.2	6969	T	1
NC_045512.2	6970	A	1
NC_045512.2	6971	T	0
NC_045512.2	6972	T	0
NC_045512.2	6973	A	0
NC_045512.2	6974	A	2
NC_045512.2	6975	G	2
NC_045512.2	6976	T	2
NC_045512.2	6977	G	2
NC_045512.2	6978	T	2
NC_045512.2	6979	T	2
NC_045512.2	6980	T	2
NC_045512.2	6981	G	2
NC_045512.2	6982	C	2
NC_045512.2	6983	C	2
NC_045512.2	6984	T	2
NC_045512.2	6985	A	2
NC_045512.2	6986	G	3
NC_045512.2	6987	G	3
NC_045512.2	6988	T	3
NC_045512.2	6989	T	3
NC_045512.2	6990	C	3
NC_045512.2	6991	T	3
NC_045512.2	6992	T	3
NC_045512.2	6993	T	3
NC_045512.2	6994	A	3
NC_045512.2	6995	A	3
NC_045512.2	6996	T	3
NC_045512.2	6997	C	3
NC_045512.2	6998	T	3
NC_045512.2	6999	A	3
NC_045512.2	7000	C	3
NC_045512.2	7001	T	3
NC_045512.2	7002	C	3
NC_045512.2	7003	A	3
NC_045512.2	7004	A	1
NC_045512.2	7005	C	1
NC_045512.2	7006	C	1
NC_045512.2	7007	G	1
NC_045512.2	7008	C	1
NC_045512.2	7009	T	1
NC_045512.2	7010	G	1
NC_045512.2	7011	C	1
NC_045512.2	7012	T	1
NC_045512.2	7013	T	1
NC_045512.2	7014	T	1
NC_045512.2	7015	A	1
NC_045512.2	7016	G	1
NC_045512.2	7017	G	1
NC_045512.2	7018	T	1
NC_045512.2	7019	G	0
NC_045512.2	7020	T	0
NC_045512.2	7021	T	0
NC_045512.2	7022	T	0
NC_045512.2	7023	T	0
NC_045512.2	7024	A	0
NC_045512.2	7025	A	0
NC_045512.2	7026	T	0
NC_045512.2	7027	G	0
NC_045512.2	7028	T	0
NC_045512.2	7029	C	0
NC_045512.2	7030	T	0
NC_045512.2	7031	A	0
NC_045512.2	7032	A	0
NC_045512.2	7033	T	0
NC_045512.2	7034	T	0
NC_045512.2	7035	T	0
NC_045512.2	7036	A	0
NC_045512.2	7037	G	0
NC_045512.2	7038	G	0
NC_045512.2	7039	C	0
NC_045512.2	7040	A	0
NC_045512.2	7041	T	0
NC_045512.2	7042	G	0
NC_045512.2	7043	C	0
NC_045512.2	7044	C	0
NC_045512.2	7045	T	0
NC_045512.2	7046	T	0
NC_045512.2	7047	C	0
NC_045512.2	7048	T	0
NC_045512.2	7049	T	0
NC_045512.2	7050	A	0
NC_045512.2	7051	C	0
NC_045512.2	7052	T	0
NC_045512.2	7053	G	0
NC_045512.2	7054	T	0
NC_045512.2	7055	A	0
NC_045512.2	7056	C	0
NC_045512.2	7057	T	0
NC_045512.2	7058	G	0
NC_045512.2	7059	G	0
NC_045512.2	7060	T	0
NC_045512.2	7061	T	0
NC_045512.2	7062	A	0
NC_045512.2	7063	C	0
NC_045512.2	7064	A	0
NC_045512.2	7065	G	0
NC_045512.2	7066	A	0
NC_045512.2	7067	G	0
NC_045512.2	7068	A	0
NC_045512.2	7069	A	0
NC_045512.2	7070	G	0
NC_045512.2	7071	G	0
NC_045512.2	7072	C	0
NC_045512.2	7073	T	0
NC_045512.2	7074	A	0
NC_045512.2	7075	T	0
NC_045512.2	7076	T	0
NC_045512.2	7077	T	0
NC_045512.2	7078	G	0
NC_045512.2	7079	A	0
NC_045512.2	7080	A	0
NC_045512.2	7081	C	0
NC_045512.2	7082	T	0
NC_045512.2	7083	C	0
NC_045512.2	7084	T	0
NC_045512.2	7085	A	0
NC_045512.2	7086	C	0
NC_045512.2	7087	T	0
NC_045512.2	7088	A	0
NC_045512.2	7089	A	0
NC_045512.2	7090	T	0
NC_045512.2	7091	G	0
NC_045512.2	7092	T	0
NC_045512.2	7093	C	0
NC_045512.2	7094	A	0
NC_045512.2	7095	C	0
NC_045512.2	7096	T	0
NC_045512.2	7097	A	0
NC_045512.2	7098	T	0
NC_045512.2	7099	T	0
NC_045512.2	7100	G	0
NC_045512.2	7101	C	0
NC_045512.2	7102	A	0
NC_045512.2	7103	A	0
NC_045512.2	7104	C	0
NC_045512.2	7105	C	0
NC_045512.2	7106	T	0
NC_045512.2	7107	A	0
NC_045512.2	7108	C	0
NC_045512.2	7109	T	0
NC_045512.2	7110	G	0
NC_045512.2	7111	T	0
NC_045512.2	7112	A	0
NC_045512.2	7113	C	0
NC_045512.2	7114	T	0
NC_045512.2	7115	G	0
NC_045512.2	7116	G	0
NC_045512.2	7117	T	0
NC_045512.2	7118	T	0
NC_045512.2	7119	C	0
NC_045512.2	7120	T	0
NC_045512.2	7121	A	0
NC_045512.2	7122	T	0
NC_045512.2	7123	A	0
NC_045512.2	7124	C	0
NC_045512.2	7125	C	0
NC_045512.2	7126	T	0
NC_045512.2	7127	T	0
NC_045512.2	7128	G	0
NC_045512.2	7129	T	0
NC_045512.2	7130	A	0
NC_045512.2	7131	G	0
NC_045512.2	7132	T	0
NC_045512.2	7133	G	0
NC_045512.2	7134	T	0
NC_045512.2	7135	T	0
NC_045512.2	7136	T	0
NC_045512.2	7137	G	0
NC_045512.2	7138	T	0
NC_045512.2	7139	C	0
NC_045512.2	7140	T	0
NC_045512.2	7141	T	0
NC_045512.2	7142	A	0
NC_045512.2	7143	G	0
NC_045512.2	7144	T	0
NC_045512.2	7145	G	0
NC_045512.2	7146	G	0
NC_045512.2	7147	T	0
NC_045512.2	7148	T	0
NC_045512.2	7149	T	0
NC_045512.2	7150	A	0
NC_045512.2	7151	G	0
NC_045512.2	7152	A	0
NC_045512.2	7153	T	0
NC_045512.2	7154	T	0
NC_045512.2	7155	C	0
NC_045512.2	7156	T	0
NC_045512.2	7157	T	0
NC_045512.2	7158	T	0
NC_045512.2	7159	A	0
NC_045512.2	7160	G	0
NC_045512.2	7161	A	0
NC_045512.2	7162	C	0
NC_045512.2	7163	A	0
NC_045512.2	7164	C	0
NC_045512.2	7165	C	0
NC_045512.2	7166	T	0
NC_045512.2	7167	A	0
NC_045512.2	7168	T	0
NC_045512.2	7169	C	0
NC_045512.2	7170	C	0
NC_045512.2	7171	T	0
NC_045512.2	7172	T	0
NC_045512.2	7173	C	0
NC_045512.2	7174	T	0
NC_045512.2	7175	T	0
NC_045512.2	7176	T	0
NC_045512.2	7177	A	0
NC_045512.2	7178	G	0
NC_045512.2	7179	A	0
NC_045512.2	7180	A	0
NC_045512.2	7181	A	0
NC_045512.2	7182	C	0
NC_045512.2	7183	T	0
NC_045512.2	7184	A	0
NC_045512.2	7185	T	0
NC_045512.2	7186	A	1
NC_045512.2	7187	C	1
NC_045512.2	7188	A	1
NC_045512.2	7189	A	1
NC_045512.2	7190	A	2
NC_045512.2	7191	T	4
NC_045512.2	7192	T	4
NC_045512.2	7193	A	5
NC_045512.2	7194	C	5
NC_045512.2	7195	C	5
NC_045512.2	7196	A	5
NC_045512.2	7197	T	5
NC_045512.2	7198	T	5
NC_045512.2	7199	T	5
NC_045512.2	7200	C	5
NC_045512.2	7201	A	5
NC_045512.2	7202	T	5
NC_045512.2	7203	C	5
NC_045512.2	7204	T	7
NC_045512.2	7205	T	7
NC_045512.2	7206	T	7
NC_045512.2	7207	T	7
NC_045512.2	7208	A	7
NC_045512.2	7209	A	7
NC_045512.2	7210	A	5
NC_045512.2	7211	T	7
NC_045512.2	7212	G	6
NC_045512.2	7213	G	6
NC_045512.2	7214	G	6
NC_045512.2	7215	A	6
NC_045512.2	7216	T	6
NC_045512.2	7217	T	6
NC_045512.2	7218	T	6
NC_045512.2	7219	A	5
NC_045512.2	7220	A	5
NC_045512.2	7221	C	3
NC_045512.2	7222	T	3
NC_045512.2	7223	G	2
NC_045512.2	7224	C	2
NC_045512.2	7225	T	2
NC_045512.2	7226	T	6
NC_045512.2	7227	T	7
NC_045512.2	7228	T	7
NC_045512.2	7229	G	6
NC_045512.2	7230	G	6
NC_045512.2	7231	C	9
NC_045512.2	7232	T	9
NC_045512.2	7233	T	9
NC_045512.2	7234	A	7
NC_045512.2	7235	G	7
NC_045512.2	7236	T	8
NC_045512.2	7237	T	11
NC_045512.2	7238	G	12
NC_045512.2	7239	C	12
NC_045512.2	7240	A	10
NC_045512.2	7241	G	12
NC_045512.2	7242	A	9
NC_045512.2	7243	G	11
NC_045512.2	7244	T	13
NC_045512.2	7245	G	14
NC_045512.2	7246	G	14
NC_045512.2	7247	T	14
NC_045512.2	7248	T	14
NC_045512.2	7249	T	14
NC_045512.2	7250	T	14
NC_045512.2	7251	T	14
NC_045512.2	7252	G	14
NC_045512.2	7253	G	13
NC_045512.2	7254	C	13
NC_045512.2	7255	A	13
NC_045512.2	7256	T	11
NC_045512.2	7257	A	11
NC_045512.2	7258	T	11
NC_045512.2	7259	A	11
NC_045512.2	7260	T	10
NC_045512.2	7261	T	8
NC_045512.2	7262	C	10
NC_045512.2	7263	T	9
NC_045512.2	7264	T	10
NC_045512.2	7265	T	10
NC_045512.2	7266	T	9
NC_045512.2	7267	C	5
NC_045512.2	7268	A	5
NC_045512.2	7269	C	4
NC_045512.2	7270	T	5
NC_045512.2	7271	A	3
NC_045512.2	7272	G	4
NC_045512.2	7273	G	6
NC_045512.2	7274	T	5
NC_045512.2	7275	T	3
NC_045512.2	7276	T	4
NC_045512.2	7277	T	4
NC_045512.2	7278	T	5
NC_045512.2	7279	C	4
NC_045512.2	7280	T	5
NC_045512.2	7281	A	4
NC_045512.2	7282	T	4
NC_045512.2	7283	G	4
NC_045512.2	7284	T	4
NC_045512.2	7285	A	4
NC_045512.2	7286	C	4
NC_045512.2	7287	T	4
NC_045512.2	7288	T	4
NC_045512.2	7289	G	4
NC_045512.2	7290	G	7
NC_045512.2	7291	A	7
NC_045512.2	7292	T	6
NC_045512.2	7293	T	7
NC_045512.2	7294	G	7
NC_045512.2	7295	G	6
NC_045512.2	7296	C	7
NC_045512.2	7297	T	6
NC_045512.2	7298	G	6
NC_045512.2	7299	C	7
NC_045512.2	7300	A	6
NC_045512.2	7301	A	6
NC_045512.2	7302	T	6
NC_045512.2	7303	C	5
NC_045512.2	7304	A	5
NC_045512.2	7305	T	7
NC_045512.2	7306	G	6
NC_045512.2	7307	C	11
NC_045512.2	7308	A	11
NC_045512.2	7309	A	14
NC_045512.2	7310	T	16
NC_045512.2	7311	T	16
NC_045512.2	7312	G	16
NC_045512.2	7313	T	16
NC_045512.2	7314	T	16
NC_045512.2	7315	T	16
NC_045512.2	7316	T	16
NC_045512.2	7317	T	16
NC_045512.2	7318	C	16
NC_045512.2	7319	A	16
NC_045512.2	7320	G	13
NC_045512.2	7321	C	13
NC_045512.2	7322	T	13
NC_045512.2	7323	A	13
NC_045512.2	7324	T	13
NC_045512.2	7325	T	13
NC_045512.2	7326	T	13
NC_045512.2	7327	T	13
NC_045512.2	7328	G	11
NC_045512.2	7329	C	11
NC_045512.2	7330	A	12
NC_045512.2	7331	G	12
NC_045512.2	7332	T	12
NC_045512.2	7333	A	11
NC_045512.2	7334	C	12
NC_045512.2	7335	A	10
NC_045512.2	7336	T	10
NC_045512.2	7337	T	5
NC_045512.2	7338	T	5
NC_045512.2	7339	T	3
NC_045512.2	7340	A	0
NC_045512.2	7341	T	0
NC_045512.2	7342	T	0
NC_045512.2	7343	A	0
NC_045512.2	7344	G	0
NC_045512.2	7345	T	0
NC_045512.2	7346	A	0
NC_045512.2	7347	A	0
NC_045512.2	7348	T	0
NC_045512.2	7349	T	0
NC_045512.2	7350	C	0
NC_045512.2	7351	T	0
NC_045512.2	7352	T	0
NC_045512.2	7353	G	0
NC_045512.2	7354	G	0
NC_045512.2	7355	C	0
NC_045512.2	7356	T	0
NC_045512.2	7357	T	0
NC_045512.2	7358	A	0
NC_045512.2	7359	T	0
NC_045512.2	7360	G	0
NC_045512.2	7361	T	0
NC_045512.2	7362	G	0
NC_045512.2	7363	G	0
NC_045512.2	7364	T	0
NC_045512.2	7365	T	0
NC_045512.2	7366	A	0
NC_045512.2	7367	A	0
NC_045512.2	7368	T	0
NC_045512.2	7369	A	0
NC_045512.2	7370	A	0
NC_045512.2	7371	T	0
NC_045512.2	7372	T	0
NC_045512.2	7373	A	0
NC_045512.2	7374	A	0
NC_045512.2	7375	T	0
NC_045512.2	7376	C	0
NC_045512.2	7377	T	0
NC_045512.2	7378	T	0
NC_045512.2	7379	G	0
NC_045512.2	7380	T	0
NC_045512.2	7381	A	0
NC_045512.2	7382	C	0
NC_045512.2	7383	A	0
NC_045512.2	7384	A	0
NC_045512.2	7385	A	0
NC_045512.2	7386	T	0
NC_045512.2	7387	G	0
NC_045512.2	7388	G	0
NC_045512.2	7389	C	0
NC_045512.2	7390	C	0
NC_045512.2	7391	C	0
NC_045512.2	7392	C	0
NC_045512.2	7393	G	0
NC_045512.2	7394	A	0
NC_045512.2	7395	T	0
NC_045512.2	7396	T	0
NC_045512.2	7397	T	0
NC_045512.2	7398	C	0
NC_045512.2	7399	A	0
NC_045512.2	7400	G	0
NC_045512.2	7401	C	0
NC_045512.2	7402	T	0
NC_045512.2	7403	A	0
NC_045512.2	7404	T	0
NC_045512.2	7405	G	0
NC_045512.2	7406	G	0
NC_045512.2	7407	T	0
NC_045512.2	7408	T	0
NC_045512.2	7409	A	0
NC_045512.2	7410	G	0
NC_045512.2	7411	A	0
NC_045512.2	7412	A	0
NC_045512.2	7413	T	0
NC_045512.2	7414	G	0
NC_045512.2	7415	T	0
NC_045512.2	7416	A	0
NC_045512.2	7417	C	0
NC_045512.2	7418	A	0
NC_045512.2	7419	T	0
NC_045512.2	7420	C	0
NC_045512.2	7421	T	0
NC_045512.2	7422	T	0
NC_045512.2	7423	C	0
NC_045512.2	7424	T	0
NC_045512.2	7425	T	0
NC_045512.2	7426	T	0
NC_045512.2	7427	G	0
NC_045512.2	7428	C	0
NC_045512.2	7429	A	0
NC_045512.2	7430	T	0
NC_045512.2	7431	C	0
NC_045512.2	7432	A	0
NC_045512.2	7433	T	0
NC_045512.2	7434	T	0
NC_045512.2	7435	T	0
NC_045512.2	7436	T	0
NC_045512.2	7437	A	0
NC_045512.2	7438	T	0
NC_045512.2	7439	T	0
NC_045512.2	7440	A	0
NC_045512.2	7441	T	0
NC_045512.2	7442	G	0
NC_045512.2	7443	T	0
NC_045512.2	7444	A	0
NC_045512.2	7445	T	0
NC_045512.2	7446	G	0
NC_045512.2	7447	G	0
NC_045512.2	7448	A	0
NC_045512.2	7449	A	0
NC_045512.2	7450	A	0
NC_045512.2	7451	A	0
NC_045512.2	7452	G	0
NC_045512.2	7453	T	0
NC_045512.2	7454	T	0
NC_045512.2	7455	A	0
NC_045512.2	7456	T	0
NC_045512.2	7457	G	0
NC_045512.2	7458	T	0
NC_045512.2	7459	G	0
NC_045512.2	7460	C	0
NC_045512.2	7461	A	0
NC_045512.2	7462	T	0
NC_045512.2	7463	G	0
NC_045512.2	7464	T	0
NC_045512.2	7465	T	0
NC_045512.2	7466	G	0
NC_045512.2	7467	T	0
NC_045512.2	7468	A	0
NC_045512.2	7469	G	0
NC_045512.2	7470	A	0
NC_045512.2	7471	C	0
NC_045512.2	7472	G	0
NC_045512.2	7473	G	0
NC_045512.2	7474	T	0
NC_045512.2	7475	T	0
NC_045512.2	7476	G	0
NC_045512.2	7477	T	0
NC_045512.2	7478	A	0
NC_045512.2	7479	A	0
NC_045512.2	7480	T	0
NC_045512.2	7481	T	0
NC_045512.2	7482	C	0
NC_045512.2	7483	A	0
NC_045512.2	7484	T	0
NC_045512.2	7485	C	0
NC_045512.2	7486	A	0
NC_045512.2	7487	A	0
NC_045512.2	7488	C	0
NC_045512.2	7489	T	0
NC_045512.2	7490	T	0
NC_045512.2	7491	G	0
NC_045512.2	7492	T	0
NC_045512.2	7493	A	0
NC_045512.2	7494	T	0
NC_045512.2	7495	G	0
NC_045512.2	7496	A	0
NC_045512.2	7497	T	0
NC_045512.2	7498	G	0
NC_045512.2	7499	T	0
NC_045512.2	7500	G	0
NC_045512.2	7501	T	0
NC_045512.2	7502	T	0
NC_045512.2	7503	A	0
NC_045512.2	7504	C	0
NC_045512.2	7505	A	0
NC_045512.2	7506	A	0
NC_045512.2	7507	A	0
NC_045512.2	7508	C	0
NC_045512.2	7509	G	0
NC_045512.2	7510	T	0
NC_045512.2	7511	A	0
NC_045512.2	7512	A	0
NC_045512.2	7513	T	0
NC_045512.2	7514	A	3
NC_045512.2	7515	G	4
NC_045512.2	7516	A	4
NC_045512.2	7517	G	4
NC_045512.2	7518	C	4
NC_045512.2	7519	A	5
NC_045512.2	7520	A	5
NC_045512.2	7521	C	8
NC_045512.2	7522	A	8
NC_045512.2	7523	A	8
NC_045512.2	7524	G	8
NC_045512.2	7525	A	11
NC_045512.2	7526	G	13
NC_045512.2	7527	T	13
NC_045512.2	7528	C	15
NC_045512.2	7529	G	15
NC_045512.2	7530	A	14
NC_045512.2	7531	A	15
NC_045512.2	7532	T	14
NC_045512.2	7533	G	16
NC_045512.2	7534	T	15
NC_045512.2	7535	A	18
NC_045512.2	7536	C	18
NC_045512.2	7537	A	18
NC_045512.2	7538	A	21
NC_045512.2	7539	C	20
NC_045512.2	7540	T	21
NC_045512.2	7541	A	21
NC_045512.2	7542	T	20
NC_045512.2	7543	T	21
NC_045512.2	7544	G	16
NC_045512.2	7545	T	17
NC_045512.2	7546	T	18
NC_045512.2	7547	A	18
NC_045512.2	7548	A	18
NC_045512.2	7549	T	17
NC_045512.2	7550	G	17
NC_045512.2	7551	G	16
NC_045512.2	7552	T	15
NC_045512.2	7553	G	18
NC_045512.2	7554	T	19
NC_045512.2	7555	T	17
NC_045512.2	7556	A	13
NC_045512.2	7557	G	14
NC_045512.2	7558	A	14
NC_045512.2	7559	A	14
NC_045512.2	7560	G	15
NC_045512.2	7561	G	15
NC_045512.2	7562	T	14
NC_045512.2	7563	C	15
NC_045512.2	7564	C	14
NC_045512.2	7565	T	15
NC_045512.2	7566	T	15
NC_045512.2	7567	T	14
NC_045512.2	7568	T	15
NC_045512.2	7569	A	14
NC_045512.2	7570	T	15
NC_045512.2	7571	G	17
NC_045512.2	7572	T	17
NC_045512.2	7573	C	21
NC_045512.2	7574	T	21
NC_045512.2	7575	A	22
NC_045512.2	7576	T	20
NC_045512.2	7577	G	19
NC_045512.2	7578	C	20
NC_045512.2	7579	T	22
NC_045512.2	7580	A	22
NC_045512.2	7581	A	15
NC_045512.2	7582	T	17
NC_045512.2	7583	G	13
NC_045512.2	7584	G	16
NC_045512.2	7585	A	16
NC_045512.2	7586	G	17
NC_045512.2	7587	G	16
NC_045512.2	7588	T	18
NC_045512.2	7589	A	17
NC_045512.2	7590	A	17
NC_045512.2	7591	A	18
NC_045512.2	7592	G	18
NC_045512.2	7593	G	16
NC_045512.2	7594	C	16
NC_045512.2	7595	T	16
NC_045512.2	7596	T	16
NC_045512.2	7597	T	16
NC_045512.2	7598	T	15
NC_045512.2	7599	G	15
NC_045512.2	7600	C	15
NC_045512.2	7601	A	18
NC_045512.2	7602	A	16
NC_045512.2	7603	A	18
NC_045512.2	7604	C	19
NC_045512.2	7605	T	17
NC_045512.2	7606	A	20
NC_045512.2	7607	C	20
NC_045512.2	7608	A	20
NC_045512.2	7609	C	21
NC_045512.2	7610	A	21
NC_045512.2	7611	A	26
NC_045512.2	7612	T	21
NC_045512.2	7613	T	22
NC_045512.2	7614	G	27
NC_045512.2	7615	G	26
NC_045512.2	7616	A	27
NC_045512.2	7617	A	27
NC_045512.2	7618	T	27
NC_045512.2	7619	T	27
NC_045512.2	7620	G	27
NC_045512.2	7621	T	26
NC_045512.2	7622	G	26
NC_045512.2	7623	T	23
NC_045512.2	7624	T	24
NC_045512.2	7625	A	24
NC_045512.2	7626	A	25
NC_045512.2	7627	T	24
NC_045512.2	7628	T	25
NC_045512.2	7629	G	23
NC_045512.2	7630	T	23
NC_045512.2	7631	G	14
NC_045512.2	7632	A	15
NC_045512.2	7633	T	15
NC_045512.2	7634	A	13
NC_045512.2	7635	C	14
NC_045512.2	7636	A	13
NC_045512.2	7637	T	14
NC_045512.2	7638	T	14
NC_045512.2	7639	C	11
NC_045512.2	7640	T	11
NC_045512.2	7641	G	7
NC_045512.2	7642	T	7
NC_045512.2	7643	G	6
NC_045512.2	7644	C	1
NC_045512.2	7645	T	1
NC_045512.2	7646	G	1
NC_045512.2	7647	G	1
NC_045512.2	7648	T	1
NC_045512.2	7649	A	0
NC_045512.2	7650	G	0
NC_045512.2	7651	T	0
NC_045512.2	7652	A	0
NC_045512.2	7653	C	0
NC_045512.2	7654	A	0
NC_045512.2	7655	T	0
NC_045512.2	7656	T	0
NC_045512.2	7657	T	0
NC_045512.2	7658	A	0
NC_045512.2	7659	T	0
NC_045512.2	7660	T	0
NC_045512.2	7661	A	0
NC_045512.2	7662	G	0
NC_045512.2	7663	T	0
NC_045512.2	7664	G	0
NC_045512.2	7665	A	0
NC_045512.2	7666	T	0
NC_045512.2	7667	G	0
NC_045512.2	7668	A	0
NC_045512.2	7669	A	0
NC_045512.2	7670	G	0
NC_045512.2	7671	T	0
NC_045512.2	7672	T	0
NC_045512.2	7673	G	0
NC_045512.2	7674	C	0
NC_045512.2	7675	G	0
NC_045512.2	7676	A	0
NC_045512.2	7677	G	0
NC_045512.2	7678	A	0
NC_045512.2	7679	G	0
NC_045512.2	7680	A	0
NC_045512.2	7681	C	0
NC_045512.2	7682	T	0
NC_045512.2	7683	T	0
NC_045512.2	7684	G	0
NC_045512.2	7685	T	0
NC_045512.2	7686	C	0
NC_045512.2	7687	A	0
NC_045512.2	7688	C	0
NC_045512.2	7689	T	0
NC_045512.2	7690	A	0
NC_045512.2	7691	C	0
NC_045512.2	7692	A	0
NC_045512.2	7693	G	0
NC_045512.2	7694	T	0
NC_045512.2	7695	T	0
NC_045512.2	7696	T	0
NC_045512.2	7697	A	0
NC_045512.2	7698	A	0
NC_045512.2	7699	A	0
NC_045512.2	7700	A	0
NC_045512.2	7701	G	0
NC_045512.2	7702	A	0
NC_045512.2	7703	C	0
NC_045512.2	7704	C	0
NC_045512.2	7705	A	0
NC_045512.2	7706	A	0
NC_045512.2	7707	T	0
NC_045512.2	7708	A	0
NC_045512.2	7709	A	0
NC_045512.2	7710	A	0
NC_045512.2	7711	T	0
NC_045512.2	7712	C	0
NC_045512.2	7713	C	0
NC_045512.2	7714	T	0
NC_045512.2	7715	A	0
NC_045512.2	7716	C	0
NC_045512.2	7717	T	0
NC_045512.2	7718	G	0
NC_045512.2	7719	A	0
NC_045512.2	7720	C	0
NC_045512.2	7721	C	0
NC_045512.2	7722	A	0
NC_045512.2	7723	G	0
NC_045512.2	7724	T	0
NC_045512.2	7725	C	0
NC_045512.2	7726	T	0
NC_045512.2	7727	T	0
NC_045512.2	7728	C	0
NC_045512.2	7729	T	0
NC_045512.2	7730	T	0
NC_045512.2	7731	A	0
NC_045512.2	7732	C	0
NC_045512.2	7733	A	0
NC_045512.2	7734	T	0
NC_045512.2	7735	C	0
NC_045512.2	7736	G	0
NC_045512.2	7737	T	0
NC_045512.2	7738	T	0
NC_045512.2	7739	G	0
NC_045512.2	7740	A	0
NC_045512.2	7741	T	0
NC_045512.2	7742	A	0
NC_045512.2	7743	G	0
NC_045512.2	7744	T	0
NC_045512.2	7745	G	0
NC_045512.2	7746	T	0
NC_045512.2	7747	T	0
NC_045512.2	7748	A	0
NC_045512.2	7749	C	0
NC_045512.2	7750	A	0
NC_045512.2	7751	G	0
NC_045512.2	7752	T	0
NC_045512.2	7753	G	0
NC_045512.2	7754	A	0
NC_045512.2	7755	A	0
NC_045512.2	7756	G	0
NC_045512.2	7757	A	0
NC_045512.2	7758	A	0
NC_045512.2	7759	T	0
NC_045512.2	7760	G	0
NC_045512.2	7761	G	0
NC_045512.2	7762	T	0
NC_045512.2	7763	T	0
NC_045512.2	7764	C	0
NC_045512.2	7765	C	0
NC_045512.2	7766	A	0
NC_045512.2	7767	T	0
NC_045512.2	7768	C	0
NC_045512.2	7769	C	0
NC_045512.2	7770	A	0
NC_045512.2	7771	T	0
NC_045512.2	7772	C	0
NC_045512.2	7773	T	0
NC_045512.2	7774	T	0
NC_045512.2	7775	T	0
NC_045512.2	7776	A	0
NC_045512.2	7777	C	0
NC_045512.2	7778	T	0
NC_045512.2	7779	T	0
NC_045512.2	7780	T	0
NC_045512.2	7781	G	0
NC_045512.2	7782	A	0
NC_045512.2	7783	T	0
NC_045512.2	7784	A	0
NC_045512.2	7785	A	0
NC_045512.2	7786	A	0
NC_045512.2	7787	G	0
NC_045512.2	7788	C	0
NC_045512.2	7789	T	0
NC_045512.2	7790	G	0
NC_045512.2	7791	G	0
NC_045512.2	7792	T	0
NC_045512.2	7793	C	0
NC_045512.2	7794	A	0
NC_045512.2	7795	A	0
NC_045512.2	7796	A	0
NC_045512.2	7797	A	0
NC_045512.2	7798	G	0
NC_045512.2	7799	A	0
NC_045512.2	7800	C	0
NC_045512.2	7801	T	0
NC_045512.2	7802	T	0
NC_045512.2	7803	A	0
NC_045512.2	7804	T	9
NC_045512.2	7805	G	8
NC_045512.2	7806	A	8
NC_045512.2	7807	A	8
NC_045512.2	7808	A	9
NC_045512.2	7809	G	9
NC_045512.2	7810	A	9
NC_045512.2	7811	C	10
NC_045512.2	7812	A	11
NC_045512.2	7813	T	11
NC_045512.2	7814	T	15
NC_045512.2	7815	C	17
NC_045512.2	7816	T	16
NC_045512.2	7817	C	16
NC_045512.2	7818	T	16
NC_045512.2	7819	C	17
NC_045512.2	7820	T	16
NC_045512.2	7821	C	17
NC_045512.2	7822	T	16
NC_045512.2	7823	C	17
NC_045512.2	7824	A	18
NC_045512.2	7825	T	21
NC_045512.2	7826	T	21
NC_045512.2	7827	T	21
NC_045512.2	7828	T	21
NC_045512.2	7829	G	22
NC_045512.2	7830	T	22
NC_045512.2	7831	T	23
NC_045512.2	7832	A	22
NC_045512.2	7833	A	21
NC_045512.2	7834	C	22
NC_045512.2	7835	T	23
NC_045512.2	7836	T	24
NC_045512.2	7837	A	24
NC_045512.2	7838	G	22
NC_045512.2	7839	A	26
NC_045512.2	7840	C	24
NC_045512.2	7841	A	24
NC_045512.2	7842	A	23
NC_045512.2	7843	C	24
NC_045512.2	7844	C	22
NC_045512.2	7845	T	23
NC_045512.2	7846	G	23
NC_045512.2	7847	A	23
NC_045512.2	7848	G	21
NC_045512.2	7849	A	21
NC_045512.2	7850	G	22
NC_045512.2	7851	C	22
NC_045512.2	7852	T	22
NC_045512.2	7853	A	23
NC_045512.2	7854	A	22
NC_045512.2	7855	T	15
NC_045512.2	7856	A	15
NC_045512.2	7857	A	15
NC_045512.2	7858	C	15
NC_045512.2	7859	A	15
NC_045512.2	7860	C	15
NC_045512.2	7861	T	14
NC_045512.2	7862	A	15
NC_045512.2	7863	A	15
NC_045512.2	7864	A	14
NC_045512.2	7865	G	15
NC_045512.2	7866	G	15
NC_045512.2	7867	T	15
NC_045512.2	7868	T	15
NC_045512.2	7869	C	14
NC_045512.2	7870	A	13
NC_045512.2	7871	T	13
NC_045512.2	7872	T	14
NC_045512.2	7873	G	14
NC_045512.2	7874	C	11
NC_045512.2	7875	C	11
NC_045512.2	7876	T	11
NC_045512.2	7877	A	11
NC_045512.2	7878	T	12
NC_045512.2	7879	T	11
NC_045512.2	7880	A	11
NC_045512.2	7881	A	11
NC_045512.2	7882	T	12
NC_045512.2	7883	G	12
NC_045512.2	7884	T	12
NC_045512.2	7885	T	15
NC_045512.2	7886	A	15
NC_045512.2	7887	T	15
NC_045512.2	7888	A	15
NC_045512.2	7889	G	14
NC_045512.2	7890	T	14
NC_045512.2	7891	T	14
NC_045512.2	7892	T	13
NC_045512.2	7893	T	13
NC_045512.2	7894	T	10
NC_045512.2	7895	G	9
NC_045512.2	7896	A	10
NC_045512.2	7897	T	10
NC_045512.2	7898	G	11
NC_045512.2	7899	G	11
NC_045512.2	7900	T	11
NC_045512.2	7901	A	12
NC_045512.2	7902	A	10
NC_045512.2	7903	A	11
NC_045512.2	7904	T	10
NC_045512.2	7905	C	12
NC_045512.2	7906	A	14
NC_045512.2	7907	A	13
NC_045512.2	7908	A	12
NC_045512.2	7909	A	13
NC_045512.2	7910	T	13
NC_045512.2	7911	G	13
NC_045512.2	7912	T	13
NC_045512.2	7913	G	12
NC_045512.2	7914	A	12
NC_045512.2	7915	A	9
NC_045512.2	7916	G	8
NC_045512.2	7917	A	9
NC_045512.2	7918	A	8
NC_045512.2	7919	T	9
NC_045512.2	7920	C	9
NC_045512.2	7921	A	9
NC_045512.2	7922	T	8
NC_045512.2	7923	C	6
NC_045512.2	7924	T	10
NC_045512.2	7925	G	11
NC_045512.2	7926	C	12
NC_045512.2	7927	A	12
NC_045512.2	7928	A	12
NC_045512.2	7929	A	9
NC_045512.2	7930	A	12
NC_045512.2	7931	T	9
NC_045512.2	7932	C	10
NC_045512.2	7933	A	9
NC_045512.2	7934	G	11
NC_045512.2	7935	C	7
NC_045512.2	7936	G	6
NC_045512.2	7937	T	6
NC_045512.2	7938	C	6
NC_045512.2	7939	T	7
NC_045512.2	7940	G	5
NC_045512.2	7941	T	6
NC_045512.2	7942	T	6
NC_045512.2	7943	T	6
NC_045512.2	7944	A	6
NC_045512.2	7945	C	7
NC_045512.2	7946	T	6
NC_045512.2	7947	A	7
NC_045512.2	7948	C	7
NC_045512.2	7949	A	7
NC_045512.2	7950	G	6
NC_045512.2	7951	T	7
NC_045512.2	7952	C	6
NC_045512.2	7953	A	5
NC_045512.2	7954	G	3
NC_045512.2	7955	C	2
NC_045512.2	7956	T	2
NC_045512.2	7957	T	2
NC_045512.2	7958	A	1
NC_045512.2	7959	T	0
NC_045512.2	7960	G	1
NC_045512.2	7961	T	1
NC_045512.2	7962	G	0
NC_045512.2	7963	T	0
NC_045512.2	7964	C	0
NC_045512.2	7965	A	0
NC_045512.2	7966	A	0
NC_045512.2	7967	C	0
NC_045512.2	7968	C	0
NC_045512.2	7969	T	0
NC_045512.2	7970	A	0
NC_045512.2	7971	T	0
NC_045512.2	7972	A	0
NC_045512.2	7973	C	0
NC_045512.2	7974	T	0
NC_045512.2	7975	G	0
NC_045512.2	7976	T	0
NC_045512.2	7977	T	0
NC_045512.2	7978	A	0
NC_045512.2	7979	C	0
NC_045512.2	7980	T	0
NC_045512.2	7981	A	0
NC_045512.2	7982	G	0
NC_045512.2	7983	A	0
NC_045512.2	7984	T	0
NC_045512.2	7985	C	0
NC_045512.2	7986	A	0
NC_045512.2	7987	G	0
NC_045512.2	7988	G	0
NC_045512.2	7989	C	0
NC_045512.2	7990	A	0
NC_045512.2	7991	T	0
NC_045512.2	7992	T	0
NC_045512.2	7993	A	0
NC_045512.2	7994	G	0
NC_045512.2	7995	T	0
NC_045512.2	7996	G	0
NC_045512.2	7997	T	0
NC_045512.2	7998	C	0
NC_045512.2	7999	T	0
NC_045512.2	8000	G	0
NC_045512.2	8001	A	0
NC_045512.2	8002	T	0
NC_045512.2	8003	G	0
NC_045512.2	8004	T	0
NC_045512.2	8005	T	0
NC_045512.2	8006	G	0
NC_045512.2	8007	G	0
NC_045512.2	8008	T	0
NC_045512.2	8009	G	0
NC_045512.2	8010	A	0
NC_045512.2	8011	T	0
NC_045512.2	8012	A	0
NC_045512.2	8013	G	0
NC_045512.2	8014	T	0
NC_045512.2	8015	G	0
NC_045512.2	8016	C	0
NC_045512.2	8017	G	0
NC_045512.2	8018	G	0
NC_045512.2	8019	A	0
NC_045512.2	8020	A	0
NC_045512.2	8021	G	0
NC_045512.2	8022	T	0
NC_045512.2	8023	T	0
NC_045512.2	8024	G	0
NC_045512.2	8025	C	0
NC_045512.2	8026	A	0
NC_045512.2	8027	G	0
NC_045512.2	8028	T	0
NC_045512.2	8029	T	0
NC_045512.2	8030	A	0
NC_045512.2	8031	A	0
NC_045512.2	8032	A	0
NC_045512.2	8033	A	0
NC_045512.2	8034	T	0
NC_045512.2	8035	G	0
NC_045512.2	8036	T	0
NC_045512.2	8037	T	0
NC_045512.2	8038	T	0
NC_045512.2	8039	G	0
NC_045512.2	8040	A	0
NC_045512.2	8041	T	0
NC_045512.2	8042	G	0
NC_045512.2	8043	C	0
NC_045512.2	8044	T	0
NC_045512.2	8045	T	0
NC_045512.2	8046	A	0
NC_045512.2	8047	C	0
NC_045512.2	8048	G	0
NC_045512.2	8049	T	0
NC_045512.2	8050	T	0
NC_045512.2	8051	A	0
NC_045512.2	8052	A	0
NC_045512.2	8053	T	0
NC_045512.2	8054	A	0
NC_045512.2	8055	C	0
NC_045512.2	8056	G	0
NC_045512.2	8057	T	0
NC_045512.2	8058	T	0
NC_045512.2	8059	T	0
NC_045512.2	8060	T	0
NC_045512.2	8061	C	0
NC_045512.2	8062	A	0
NC_045512.2	8063	T	0
NC_045512.2	8064	C	0
NC_045512.2	8065	A	0
NC_045512.2	8066	A	0
NC_045512.2	8067	C	0
NC_045512.2	8068	T	0
NC_045512.2	8069	T	0
NC_045512.2	8070	T	0
NC_045512.2	8071	T	0
NC_045512.2	8072	A	0
NC_045512.2	8073	A	0
NC_045512.2	8074	C	0
NC_045512.2	8075	G	0
NC_045512.2	8076	T	0
NC_045512.2	8077	A	0
NC_045512.2	8078	C	0
NC_045512.2	8079	C	0
NC_045512.2	8080	A	0
NC_045512.2	8081	A	0
NC_045512.2	8082	T	0
NC_045512.2	8083	G	0
NC_045512.2	8084	G	0
NC_045512.2	8085	A	0
NC_045512.2	8086	A	0
NC_045512.2	8087	A	0
NC_045512.2	8088	A	0
NC_045512.2	8089	A	0
NC_045512.2	8090	C	0
NC_045512.2	8091	T	0
NC_045512.2	8092	C	0
NC_045512.2	8093	A	0
NC_045512.2	8094	A	0
NC_045512.2	8095	A	0
NC_045512.2	8096	A	0
NC_045512.2	8097	C	0
NC_045512.2	8098	A	0
NC_045512.2	8099	C	0
NC_045512.2	8100	T	0
NC_045512.2	8101	A	0
NC_045512.2	8102	G	0
NC_045512.2	8103	T	0
NC_045512.2	8104	T	0
NC_045512.2	8105	G	0
NC_045512.2	8106	C	0
NC_045512.2	8107	A	0
NC_045512.2	8108	A	0
NC_045512.2	8109	C	0
NC_045512.2	8110	T	0
NC_045512.2	8111	G	0
NC_045512.2	8112	C	0
NC_045512.2	8113	A	0
NC_045512.2	8114	G	0
NC_045512.2	8115	A	0
NC_045512.2	8116	A	0
NC_045512.2	8117	G	0
NC_045512.2	8118	C	0
NC_045512.2	8119	T	0
NC_045512.2	8120	G	0
NC_045512.2	8121	A	0
NC_045512.2	8122	A	0
NC_045512.2	8123	C	0
NC_045512.2	8124	T	0
NC_045512.2	8125	T	0
NC_045512.2	8126	G	0
NC_045512.2	8127	C	2
NC_045512.2	8128	A	2
NC_045512.2	8129	A	2
NC_045512.2	8130	A	2
NC_045512.2	8131	G	2
NC_045512.2	8132	A	2
NC_045512.2	8133	A	2
NC_045512.2	8134	T	2
NC_045512.2	8135	G	2
NC_045512.2	8136	T	2
NC_045512.2	8137	G	1
NC_045512.2	8138	T	2
NC_045512.2	8139	C	2
NC_045512.2	8140	C	2
NC_045512.2	8141	T	2
NC_045512.2	8142	T	2
NC_045512.2	8143	A	2
NC_045512.2	8144	G	2
NC_045512.2	8145	A	2
NC_045512.2	8146	C	2
NC_045512.2	8147	A	2
NC_045512.2	8148	A	3
NC_045512.2	8149	T	3
NC_045512.2	8150	G	3
NC_045512.2	8151	T	3
NC_045512.2	8152	C	3
NC_045512.2	8153	T	3
NC_045512.2	8154	T	3
NC_045512.2	8155	A	3
NC_045512.2	8156	T	3
NC_045512.2	8157	C	1
NC_045512.2	8158	T	1
NC_045512.2	8159	A	1
NC_045512.2	8160	C	1
NC_045512.2	8161	T	1
NC_045512.2	8162	T	1
NC_045512.2	8163	T	1
NC_045512.2	8164	T	1
NC_045512.2	8165	A	1
NC_045512.2	8166	T	1
NC_045512.2	8167	T	1
NC_045512.2	8168	T	1
NC_045512.2	8169	C	1
NC_045512.2	8170	A	1
NC_045512.2	8171	G	1
NC_045512.2	8172	C	1
NC_045512.2	8173	A	1
NC_045512.2	8174	G	1
NC_045512.2	8175	C	1
NC_045512.2	8176	T	1
NC_045512.2	8177	C	1
NC_045512.2	8178	G	1
NC_045512.2	8179	G	1
NC_045512.2	8180	C	1
NC_045512.2	8181	A	1
NC_045512.2	8182	A	1
NC_045512.2	8183	G	1
NC_045512.2	8184	G	1
NC_045512.2	8185	G	1
NC_045512.2	8186	T	1
NC_045512.2	8187	T	1
NC_045512.2	8188	T	1
NC_045512.2	8189	G	1
NC_045512.2	8190	T	1
NC_045512.2	8191	T	1
NC_045512.2	8192	G	1
NC_045512.2	8193	A	1
NC_045512.2	8194	T	1
NC_045512.2	8195	T	2
NC_045512.2	8196	C	2
NC_045512.2	8197	A	2
NC_045512.2	8198	G	2
NC_045512.2	8199	A	3
NC_045512.2	8200	T	3
NC_045512.2	8201	G	3
NC_045512.2	8202	T	3
NC_045512.2	8203	A	3
NC_045512.2	8204	G	3
NC_045512.2	8205	A	3
NC_045512.2	8206	A	3
NC_045512.2	8207	A	2
NC_045512.2	8208	C	2
NC_045512.2	8209	T	2
NC_045512.2	8210	A	2
NC_045512.2	8211	A	2
NC_045512.2	8212	A	2
NC_045512.2	8213	G	2
NC_045512.2	8214	A	3
NC_045512.2	8215	T	3
NC_045512.2	8216	G	3
NC_045512.2	8217	T	3
NC_045512.2	8218	T	3
NC_045512.2	8219	G	3
NC_045512.2	8220	T	3
NC_045512.2	8221	T	3
NC_045512.2	8222	G	3
NC_045512.2	8223	A	3
NC_045512.2	8224	A	3
NC_045512.2	8225	T	3
NC_045512.2	8226	G	3
NC_045512.2	8227	T	3
NC_045512.2	8228	C	3
NC_045512.2	8229	T	2
NC_045512.2	8230	T	2
NC_045512.2	8231	A	2
NC_045512.2	8232	A	2
NC_045512.2	8233	A	2
NC_045512.2	8234	T	1
NC_045512.2	8235	T	1
NC_045512.2	8236	G	1
NC_045512.2	8237	T	1
NC_045512.2	8238	C	1
NC_045512.2	8239	A	1
NC_045512.2	8240	C	1
NC_045512.2	8241	A	1
NC_045512.2	8242	T	1
NC_045512.2	8243	C	1
NC_045512.2	8244	A	0
NC_045512.2	8245	A	0
NC_045512.2	8246	T	0
NC_045512.2	8247	C	0
NC_045512.2	8248	T	0
NC_045512.2	8249	G	0
NC_045512.2	8250	A	0
NC_045512.2	8251	C	0
NC_045512.2	8252	A	0
NC_045512.2	8253	T	0
NC_045512.2	8254	A	0
NC_045512.2	8255	G	0
NC_045512.2	8256	A	0
NC_045512.2	8257	A	0
NC_045512.2	8258	G	0
NC_045512.2	8259	T	0
NC_045512.2	8260	T	0
NC_045512.2	8261	A	0
NC_045512.2	8262	C	0
NC_045512.2	8263	T	0
NC_045512.2	8264	G	0
NC_045512.2	8265	G	0
NC_045512.2	8266	C	0
NC_045512.2	8267	G	0
NC_045512.2	8268	A	0
NC_045512.2	8269	T	0
NC_045512.2	8270	A	0
NC_045512.2	8271	G	0
NC_045512.2	8272	T	0
NC_045512.2	8273	T	0
NC_045512.2	8274	G	0
NC_045512.2	8275	T	0
NC_045512.2	8276	A	0
NC_045512.2	8277	A	0
NC_045512.2	8278	T	0
NC_045512.2	8279	A	0
NC_045512.2	8280	A	0
NC_045512.2	8281	C	0
NC_045512.2	8282	T	0
NC_045512.2	8283	A	0
NC_045512.2	8284	T	0
NC_045512.2	8285	A	0
NC_045512.2	8286	T	0
NC_045512.2	8287	G	0
NC_045512.2	8288	C	0
NC_045512.2	8289	T	0
NC_045512.2	8290	C	0
NC_045512.2	8291	A	0
NC_045512.2	8292	C	0
NC_045512.2	8293	C	0
NC_045512.2	8294	T	0
NC_045512.2	8295	A	0
NC_045512.2	8296	T	0
NC_045512.2	8297	A	0
NC_045512.2	8298	A	0
NC_045512.2	8299	C	0
NC_045512.2	8300	A	0
NC_045512.2	8301	A	0
NC_045512.2	8302	A	0
NC_045512.2	8303	G	0
NC_045512.2	8304	T	0
NC_045512.2	8305	T	0
NC_045512.2	8306	G	0
NC_045512.2	8307	A	0
NC_045512.2	8308	A	0
NC_045512.2	8309	A	0
NC_045512.2	8310	A	0
NC_045512.2	8311	C	0
NC_045512.2	8312	A	0
NC_045512.2	8313	T	0
NC_045512.2	8314	G	0
NC_045512.2	8315	A	0
NC_045512.2	8316	C	0
NC_045512.2	8317	A	0
NC_045512.2	8318	C	0
NC_045512.2	8319	C	0
NC_045512.2	8320	C	0
NC_045512.2	8321	C	0
NC_045512.2	8322	G	0
NC_045512.2	8323	T	0
NC_045512.2	8324	G	0
NC_045512.2	8325	A	0
NC_045512.2	8326	C	0
NC_045512.2	8327	C	0
NC_045512.2	8328	T	0
NC_045512.2	8329	T	0
NC_045512.2	8330	G	0
NC_045512.2	8331	G	0
NC_045512.2	8332	T	0
NC_045512.2	8333	G	0
NC_045512.2	8334	C	0
NC_045512.2	8335	T	0
NC_045512.2	8336	T	0
NC_045512.2	8337	G	0
NC_045512.2	8338	T	0
NC_045512.2	8339	A	0
NC_045512.2	8340	T	0
NC_045512.2	8341	T	0
NC_045512.2	8342	G	0
NC_045512.2	8343	A	0
NC_045512.2	8344	C	0
NC_045512.2	8345	T	0
NC_045512.2	8346	G	0
NC_045512.2	8347	T	0
NC_045512.2	8348	A	0
NC_045512.2	8349	G	0
NC_045512.2	8350	T	0
NC_045512.2	8351	G	0
NC_045512.2	8352	C	0
NC_045512.2	8353	G	0
NC_045512.2	8354	C	0
NC_045512.2	8355	G	0
NC_045512.2	8356	T	0
NC_045512.2	8357	C	0
NC_045512.2	8358	A	0
NC_045512.2	8359	T	0
NC_045512.2	8360	A	0
NC_045512.2	8361	T	0
NC_045512.2	8362	T	0
NC_045512.2	8363	A	0
NC_045512.2	8364	A	0
NC_045512.2	8365	T	0
NC_045512.2	8366	G	0
NC_045512.2	8367	C	0
NC_045512.2	8368	G	0
NC_045512.2	8369	C	0
NC_045512.2	8370	A	0
NC_045512.2	8371	G	0
NC_045512.2	8372	G	0
NC_045512.2	8373	T	0
NC_045512.2	8374	A	0
NC_045512.2	8375	G	0
NC_045512.2	8376	C	0
NC_045512.2	8377	A	0
NC_045512.2	8378	A	0
NC_045512.2	8379	A	0
NC_045512.2	8380	A	0
NC_045512.2	8381	A	0
NC_045512.2	8382	G	0
NC_045512.2	8383	T	0
NC_045512.2	8384	C	0
NC_045512.2	8385	A	0
NC_045512.2	8386	C	0
NC_045512.2	8387	A	0
NC_045512.2	8388	A	0
NC_045512.2	8389	C	0
NC_045512.2	8390	A	0
NC_045512.2	8391	T	0
NC_045512.2	8392	T	0
NC_045512.2	8393	G	0
NC_045512.2	8394	C	0
NC_045512.2	8395	T	0
NC_045512.2	8396	T	0
NC_045512.2	8397	T	0
NC_045512.2	8398	G	0
NC_045512.2	8399	A	0
NC_045512.2	8400	T	0
NC_045512.2	8401	A	0
NC_045512.2	8402	T	0
NC_045512.2	8403	G	0
NC_045512.2	8404	G	0
NC_045512.2	8405	A	0
NC_045512.2	8406	A	0
NC_045512.2	8407	C	0
NC_045512.2	8408	G	0
NC_045512.2	8409	T	0
NC_045512.2	8410	T	0
NC_045512.2	8411	A	0
NC_045512.2	8412	A	0
NC_045512.2	8413	A	0
NC_045512.2	8414	G	0
NC_045512.2	8415	A	0
NC_045512.2	8416	T	0
NC_045512.2	8417	T	0
NC_045512.2	8418	T	0
NC_045512.2	8419	C	0
NC_045512.2	8420	A	0
NC_045512.2	8421	T	0
NC_045512.2	8422	G	0
NC_045512.2	8423	T	0
NC_045512.2	8424	C	0
NC_045512.2	8425	A	0
NC_045512.2	8426	T	0
NC_045512.2	8427	T	0
NC_045512.2	8428	G	0
NC_045512.2	8429	T	0
NC_045512.2	8430	C	0
NC_045512.2	8431	T	12
NC_045512.2	8432	G	15
NC_045512.2	8433	A	17
NC_045512.2	8434	A	19
NC_045512.2	8435	C	20
NC_045512.2	8436	A	21
NC_045512.2	8437	A	20
NC_045512.2	8438	C	22
NC_045512.2	8439	T	46
NC_045512.2	8440	A	54
NC_045512.2	8441	C	58
NC_045512.2	8442	G	55
NC_045512.2	8443	A	56
NC_045512.2	8444	A	59
NC_045512.2	8445	A	58
NC_045512.2	8446	A	74
NC_045512.2	8447	C	79
NC_045512.2	8448	A	79
NC_045512.2	8449	A	79
NC_045512.2	8450	A	80
NC_045512.2	8451	T	80
NC_045512.2	8452	A	86
NC_045512.2	8453	C	85
NC_045512.2	8454	G	83
NC_045512.2	8455	T	89
NC_045512.2	8456	A	85
NC_045512.2	8457	G	89
NC_045512.2	8458	T	98
NC_045512.2	8459	G	101
NC_045512.2	8460	C	97
NC_045512.2	8461	T	90
NC_045512.2	8462	G	98
NC_045512.2	8463	C	96
NC_045512.2	8464	T	105
NC_045512.2	8465	A	111
NC_045512.2	8466	A	110
NC_045512.2	8467	A	118
NC_045512.2	8468	A	118
NC_045512.2	8469	A	97
NC_045512.2	8470	G	90
NC_045512.2	8471	A	87
NC_045512.2	8472	A	87
NC_045512.2	8473	T	86
NC_045512.2	8474	A	83
NC_045512.2	8475	A	86
NC_045512.2	8476	C	73
NC_045512.2	8477	T	74
NC_045512.2	8478	T	75
NC_045512.2	8479	A	85
NC_045512.2	8480	C	83
NC_045512.2	8481	C	85
NC_045512.2	8482	T	78
NC_045512.2	8483	T	78
NC_045512.2	8484	T	77
NC_045512.2	8485	T	75
NC_045512.2	8486	A	79
NC_045512.2	8487	A	72
NC_045512.2	8488	G	63
NC_045512.2	8489	T	62
NC_045512.2	8490	T	69
NC_045512.2	8491	G	68
NC_045512.2	8492	A	61
NC_045512.2	8493	C	55
NC_045512.2	8494	A	48
NC_045512.2	8495	T	51
NC_045512.2	8496	G	53
NC_045512.2	8497	T	44
NC_045512.2	8498	G	44
NC_045512.2	8499	C	46
NC_045512.2	8500	A	58
NC_045512.2	8501	A	61
NC_045512.2	8502	C	61
NC_045512.2	8503	T	65
NC_045512.2	8504	A	63
NC_045512.2	8505	C	64
NC_045512.2	8506	T	62
NC_045512.2	8507	A	62
NC_045512.2	8508	G	56
NC_045512.2	8509	A	58
NC_045512.2	8510	C	77
NC_045512.2	8511	A	76
NC_045512.2	8512	A	78
NC_045512.2	8513	G	80
NC_045512.2	8514	T	81
NC_045512.2	8515	T	81
NC_045512.2	8516	G	80
NC_045512.2	8517	T	80
NC_045512.2	8518	T	89
NC_045512.2	8519	A	98
NC_045512.2	8520	A	92
NC_045512.2	8521	T	97
NC_045512.2	8522	G	93
NC_045512.2	8523	T	93
NC_045512.2	8524	T	95
NC_045512.2	8525	G	78
NC_045512.2	8526	T	83
NC_045512.2	8527	A	83
NC_045512.2	8528	A	85
NC_045512.2	8529	C	86
NC_045512.2	8530	A	72
NC_045512.2	8531	A	71
NC_045512.2	8532	C	70
NC_045512.2	8533	A	72
NC_045512.2	8534	A	70
NC_045512.2	8535	A	70
NC_045512.2	8536	G	68
NC_045512.2	8537	A	69
NC_045512.2	8538	T	69
NC_045512.2	8539	A	63
NC_045512.2	8540	G	45
NC_045512.2	8541	C	47
NC_045512.2	8542	A	49
NC_045512.2	8543	C	55
NC_045512.2	8544	T	54
NC_045512.2	8545	T	56
NC_045512.2	8546	A	55
NC_045512.2	8547	A	81
NC_045512.2	8548	G	76
NC_045512.2	8549	G	70
NC_045512.2	8550	G	71
NC_045512.2	8551	T	69
NC_045512.2	8552	G	87
NC_045512.2	8553	G	95
NC_045512.2	8554	T	109
NC_045512.2	8555	A	108
NC_045512.2	8556	A	106
NC_045512.2	8557	A	126
NC_045512.2	8558	A	125
NC_045512.2	8559	T	122
NC_045512.2	8560	T	122
NC_045512.2	8561	G	122
NC_045512.2	8562	T	122
NC_045512.2	8563	T	117
NC_045512.2	8564	A	123
NC_045512.2	8565	A	119
NC_045512.2	8566	T	120
NC_045512.2	8567	A	121
NC_045512.2	8568	A	118
NC_045512.2	8569	T	114
NC_045512.2	8570	T	115
NC_045512.2	8571	G	116
NC_045512.2	8572	G	113
NC_045512.2	8573	T	112
NC_045512.2	8574	T	113
NC_045512.2	8575	G	109
NC_045512.2	8576	A	106
NC_045512.2	8577	A	68
NC_045512.2	8578	G	70
NC_045512.2	8579	C	68
NC_045512.2	8580	A	69
NC_045512.2	8581	G	67
NC_045512.2	8582	T	48
NC_045512.2	8583	T	41
NC_045512.2	8584	A	24
NC_045512.2	8585	A	24
NC_045512.2	8586	T	21
NC_045512.2	8587	T	2
NC_045512.2	8588	A	1
NC_045512.2	8589	A	1
NC_045512.2	8590	A	1
NC_045512.2	8591	G	1
NC_045512.2	8592	T	1
NC_045512.2	8593	T	1
NC_045512.2	8594	A	1
NC_045512.2	8595	C	1
NC_045512.2	8596	A	0
NC_045512.2	8597	C	1
NC_045512.2	8598	T	1
NC_045512.2	8599	T	1
NC_045512.2	8600	G	1
NC_045512.2	8601	T	1
NC_045512.2	8602	G	0
NC_045512.2	8603	T	0
NC_045512.2	8604	T	0
NC_045512.2	8605	C	0
NC_045512.2	8606	C	0
NC_045512.2	8607	T	0
NC_045512.2	8608	T	0
NC_045512.2	8609	T	0
NC_045512.2	8610	T	0
NC_045512.2	8611	T	0
NC_045512.2	8612	G	0
NC_045512.2	8613	T	0
NC_045512.2	8614	T	0
NC_045512.2	8615	G	0
NC_045512.2	8616	C	0
NC_045512.2	8617	T	0
NC_045512.2	8618	G	0
NC_045512.2	8619	C	0
NC_045512.2	8620	T	0
NC_045512.2	8621	A	0
NC_045512.2	8622	T	0
NC_045512.2	8623	T	0
NC_045512.2	8624	T	0
NC_045512.2	8625	T	0
NC_045512.2	8626	C	0
NC_045512.2	8627	T	0
NC_045512.2	8628	A	0
NC_045512.2	8629	T	0
NC_045512.2	8630	T	0
NC_045512.2	8631	T	0
NC_045512.2	8632	A	0
NC_045512.2	8633	A	0
NC_045512.2	8634	T	0
NC_045512.2	8635	A	0
NC_045512.2	8636	A	0
NC_045512.2	8637	C	0
NC_045512.2	8638	A	0
NC_045512.2	8639	C	0
NC_045512.2	8640	C	0
NC_045512.2	8641	T	0
NC_045512.2	8642	G	0
NC_045512.2	8643	T	0
NC_045512.2	8644	T	0
NC_045512.2	8645	C	0
NC_045512.2	8646	A	0
NC_045512.2	8647	T	0
NC_045512.2	8648	G	0
NC_045512.2	8649	T	0
NC_045512.2	8650	C	0
NC_045512.2	8651	A	0
NC_045512.2	8652	T	0
NC_045512.2	8653	G	0
NC_045512.2	8654	T	0
NC_045512.2	8655	C	0
NC_045512.2	8656	T	0
NC_045512.2	8657	A	0
NC_045512.2	8658	A	0
NC_045512.2	8659	A	0
NC_045512.2	8660	C	0
NC_045512.2	8661	A	0
NC_045512.2	8662	T	0
NC_045512.2	8663	A	0
NC_045512.2	8664	C	0
NC_045512.2	8665	T	0
NC_045512.2	8666	G	0
NC_045512.2	8667	A	0
NC_045512.2	8668	C	0
NC_045512.2	8669	T	0
NC_045512.2	8670	T	0
NC_045512.2	8671	T	0
NC_045512.2	8672	T	0
NC_045512.2	8673	C	0
NC_045512.2	8674	A	0
NC_045512.2	8675	A	0
NC_045512.2	8676	G	0
NC_045512.2	8677	T	0
NC_045512.2	8678	G	0
NC_045512.2	8679	A	0
NC_045512.2	8680	A	0
NC_045512.2	8681	A	0
NC_045512.2	8682	T	0
NC_045512.2	8683	C	0
NC_045512.2	8684	A	0
NC_045512.2	8685	T	0
NC_045512.2	8686	A	0
NC_045512.2	8687	G	0
NC_045512.2	8688	G	0
NC_045512.2	8689	A	0
NC_045512.2	8690	T	0
NC_045512.2	8691	A	0
NC_045512.2	8692	C	0
NC_045512.2	8693	A	0
NC_045512.2	8694	A	0
NC_045512.2	8695	G	0
NC_045512.2	8696	G	0
NC_045512.2	8697	C	0
NC_045512.2	8698	T	0
NC_045512.2	8699	A	0
NC_045512.2	8700	T	0
NC_045512.2	8701	T	0
NC_045512.2	8702	G	0
NC_045512.2	8703	A	0
NC_045512.2	8704	T	0
NC_045512.2	8705	G	0
NC_045512.2	8706	G	0
NC_045512.2	8707	T	0
NC_045512.2	8708	G	0
NC_045512.2	8709	G	0
NC_045512.2	8710	T	0
NC_045512.2	8711	G	0
NC_045512.2	8712	T	0
NC_045512.2	8713	C	0
NC_045512.2	8714	A	0
NC_045512.2	8715	C	0
NC_045512.2	8716	T	0
NC_045512.2	8717	C	0
NC_045512.2	8718	G	0
NC_045512.2	8719	T	0
NC_045512.2	8720	G	0
NC_045512.2	8721	A	0
NC_045512.2	8722	C	0
NC_045512.2	8723	A	0
NC_045512.2	8724	T	0
NC_045512.2	8725	A	0
NC_045512.2	8726	G	0
NC_045512.2	8727	C	0
NC_045512.2	8728	A	0
NC_045512.2	8729	T	0
NC_045512.2	8730	C	0
NC_045512.2	8731	T	0
NC_045512.2	8732	A	0
NC_045512.2	8733	C	0
NC_045512.2	8734	A	0
NC_045512.2	8735	G	0
NC_045512.2	8736	A	0
NC_045512.2	8737	T	0
NC_045512.2	8738	A	0
NC_045512.2	8739	C	0
NC_045512.2	8740	T	0
NC_045512.2	8741	T	0
NC_045512.2	8742	G	0
NC_045512.2	8743	T	0
NC_045512.2	8744	T	0
NC_045512.2	8745	T	0
NC_045512.2	8746	T	0
NC_045512.2	8747	G	0
NC_045512.2	8748	C	0
NC_045512.2	8749	T	0
NC_045512.2	8750	A	0
NC_045512.2	8751	A	0
NC_045512.2	8752	C	0
NC_045512.2	8753	A	0
NC_045512.2	8754	A	0
NC_045512.2	8755	A	0
NC_045512.2	8756	C	0
NC_045512.2	8757	A	0
NC_045512.2	8758	T	0
NC_045512.2	8759	G	0
NC_045512.2	8760	C	0
NC_045512.2	8761	T	0
NC_045512.2	8762	G	0
NC_045512.2	8763	A	0
NC_045512.2	8764	T	0
NC_045512.2	8765	T	0
NC_045512.2	8766	T	0
NC_045512.2	8767	T	0
NC_045512.2	8768	G	0
NC_045512.2	8769	A	0
NC_045512.2	8770	C	0
NC_045512.2	8771	A	0
NC_045512.2	8772	C	0
NC_045512.2	8773	A	0
NC_045512.2	8774	T	0
NC_045512.2	8775	G	0
NC_045512.2	8776	G	0
NC_045512.2	8777	T	0
NC_045512.2	8778	T	0
NC_045512.2	8779	T	0
NC_045512.2	8780	A	0
NC_045512.2	8781	G	0
NC_045512.2	8782	C	0
NC_045512.2	8783	C	0
NC_045512.2	8784	A	0
NC_045512.2	8785	G	0
NC_045512.2	8786	C	0
NC_045512.2	8787	G	0
NC_045512.2	8788	T	0
NC_045512.2	8789	G	0
NC_045512.2	8790	G	0
NC_045512.2	8791	T	0
NC_045512.2	8792	G	0
NC_045512.2	8793	G	0
NC_045512.2	8794	T	0
NC_045512.2	8795	A	0
NC_045512.2	8796	G	0
NC_045512.2	8797	T	0
NC_045512.2	8798	T	0
NC_045512.2	8799	A	0
NC_045512.2	8800	T	0
NC_045512.2	8801	A	0
NC_045512.2	8802	C	0
NC_045512.2	8803	T	0
NC_045512.2	8804	A	0
NC_045512.2	8805	A	0
NC_045512.2	8806	T	0
NC_045512.2	8807	G	0
NC_045512.2	8808	A	0
NC_045512.2	8809	C	0
NC_045512.2	8810	A	0
NC_045512.2	8811	A	0
NC_045512.2	8812	A	0
NC_045512.2	8813	G	0
NC_045512.2	8814	C	0
NC_045512.2	8815	T	0
NC_045512.2	8816	T	0
NC_045512.2	8817	G	0
NC_045512.2	8818	C	0
NC_045512.2	8819	C	0
NC_045512.2	8820	C	0
NC_045512.2	8821	A	0
NC_045512.2	8822	T	0
NC_045512.2	8823	T	0
NC_045512.2	8824	G	0
NC_045512.2	8825	A	0
NC_045512.2	8826	T	0
NC_045512.2	8827	T	0
NC_045512.2	8828	G	0
NC_045512.2	8829	C	0
NC_045512.2	8830	T	0
NC_045512.2	8831	G	0
NC_045512.2	8832	C	0
NC_045512.2	8833	A	0
NC_045512.2	8834	G	0
NC_045512.2	8835	T	0
NC_045512.2	8836	C	0
NC_045512.2	8837	A	0
NC_045512.2	8838	T	0
NC_045512.2	8839	A	0
NC_045512.2	8840	A	0
NC_045512.2	8841	C	0
NC_045512.2	8842	A	0
NC_045512.2	8843	A	0
NC_045512.2	8844	G	0
NC_045512.2	8845	A	0
NC_045512.2	8846	G	0
NC_045512.2	8847	A	0
NC_045512.2	8848	A	0
NC_045512.2	8849	G	0
NC_045512.2	8850	T	0
NC_045512.2	8851	G	0
NC_045512.2	8852	G	0
NC_045512.2	8853	G	0
NC_045512.2	8854	T	0
NC_045512.2	8855	T	0
NC_045512.2	8856	T	0
NC_045512.2	8857	T	0
NC_045512.2	8858	G	0
NC_045512.2	8859	T	0
NC_045512.2	8860	C	0
NC_045512.2	8861	G	0
NC_045512.2	8862	T	0
NC_045512.2	8863	G	0
NC_045512.2	8864	C	0
NC_045512.2	8865	C	0
NC_045512.2	8866	T	0
NC_045512.2	8867	G	0
NC_045512.2	8868	G	0
NC_045512.2	8869	T	0
NC_045512.2	8870	T	0
NC_045512.2	8871	T	0
NC_045512.2	8872	G	0
NC_045512.2	8873	C	0
NC_045512.2	8874	C	0
NC_045512.2	8875	T	0
NC_045512.2	8876	G	0
NC_045512.2	8877	G	0
NC_045512.2	8878	C	0
NC_045512.2	8879	A	0
NC_045512.2	8880	C	0
NC_045512.2	8881	G	0
NC_045512.2	8882	A	0
NC_045512.2	8883	T	0
NC_045512.2	8884	A	0
NC_045512.2	8885	T	0
NC_045512.2	8886	T	0
NC_045512.2	8887	A	0
NC_045512.2	8888	C	0
NC_045512.2	8889	G	0
NC_045512.2	8890	C	0
NC_045512.2	8891	A	0
NC_045512.2	8892	C	0
NC_045512.2	8893	A	0
NC_045512.2	8894	A	0
NC_045512.2	8895	C	0
NC_045512.2	8896	T	0
NC_045512.2	8897	A	0
NC_045512.2	8898	A	0
NC_045512.2	8899	T	0
NC_045512.2	8900	G	0
NC_045512.2	8901	G	0
NC_045512.2	8902	T	0
NC_045512.2	8903	G	0
NC_045512.2	8904	A	0
NC_045512.2	8905	C	0
NC_045512.2	8906	T	0
NC_045512.2	8907	T	0
NC_045512.2	8908	T	0
NC_045512.2	8909	T	0
NC_045512.2	8910	T	0
NC_045512.2	8911	G	0
NC_045512.2	8912	C	0
NC_045512.2	8913	A	0
NC_045512.2	8914	T	0
NC_045512.2	8915	T	0
NC_045512.2	8916	T	0
NC_045512.2	8917	C	0
NC_045512.2	8918	T	0
NC_045512.2	8919	T	0
NC_045512.2	8920	A	0
NC_045512.2	8921	C	0
NC_045512.2	8922	C	0
NC_045512.2	8923	T	0
NC_045512.2	8924	A	0
NC_045512.2	8925	G	0
NC_045512.2	8926	A	0
NC_045512.2	8927	G	0
NC_045512.2	8928	T	0
NC_045512.2	8929	T	0
NC_045512.2	8930	T	0
NC_045512.2	8931	T	0
NC_045512.2	8932	T	0
NC_045512.2	8933	A	0
NC_045512.2	8934	G	0
NC_045512.2	8935	T	0
NC_045512.2	8936	G	0
NC_045512.2	8937	C	0
NC_045512.2	8938	A	0
NC_045512.2	8939	G	0
NC_045512.2	8940	T	0
NC_045512.2	8941	T	0
NC_045512.2	8942	G	0
NC_045512.2	8943	G	0
NC_045512.2	8944	T	0
NC_045512.2	8945	A	0
NC_045512.2	8946	A	0
NC_045512.2	8947	C	0
NC_045512.2	8948	A	0
NC_045512.2	8949	T	0
NC_045512.2	8950	C	0
NC_045512.2	8951	T	0
NC_045512.2	8952	G	0
NC_045512.2	8953	T	0
NC_045512.2	8954	T	0
NC_045512.2	8955	A	0
NC_045512.2	8956	C	0
NC_045512.2	8957	A	0
NC_045512.2	8958	C	0
NC_045512.2	8959	A	0
NC_045512.2	8960	C	0
NC_045512.2	8961	C	0
NC_045512.2	8962	A	0
NC_045512.2	8963	T	0
NC_045512.2	8964	C	0
NC_045512.2	8965	A	0
NC_045512.2	8966	A	0
NC_045512.2	8967	A	0
NC_045512.2	8968	A	0
NC_045512.2	8969	C	0
NC_045512.2	8970	T	0
NC_045512.2	8971	T	0
NC_045512.2	8972	A	0
NC_045512.2	8973	T	0
NC_045512.2	8974	A	0
NC_045512.2	8975	G	0
NC_045512.2	8976	A	0
NC_045512.2	8977	G	0
NC_045512.2	8978	T	0
NC_045512.2	8979	A	0
NC_045512.2	8980	C	0
NC_045512.2	8981	A	0
NC_045512.2	8982	C	0
NC_045512.2	8983	T	0
NC_045512.2	8984	G	0
NC_045512.2	8985	A	0
NC_045512.2	8986	C	0
NC_045512.2	8987	T	0
NC_045512.2	8988	T	0
NC_045512.2	8989	T	0
NC_045512.2	8990	G	0
NC_045512.2	8991	C	0
NC_045512.2	8992	A	0
NC_045512.2	8993	A	0
NC_045512.2	8994	C	0
NC_045512.2	8995	A	0
NC_045512.2	8996	T	0
NC_045512.2	8997	C	0
NC_045512.2	8998	A	0
NC_045512.2	8999	G	0
NC_045512.2	9000	C	0
NC_045512.2	9001	T	0
NC_045512.2	9002	T	0
NC_045512.2	9003	G	0
NC_045512.2	9004	T	0
NC_045512.2	9005	G	0
NC_045512.2	9006	T	0
NC_045512.2	9007	T	0
NC_045512.2	9008	T	0
NC_045512.2	9009	T	0
NC_045512.2	9010	G	0
NC_045512.2	9011	G	0
NC_045512.2	9012	C	0
NC_045512.2	9013	T	0
NC_045512.2	9014	G	0
NC_045512.2	9015	C	0
NC_045512.2	9016	T	0
NC_045512.2	9017	G	0
NC_045512.2	9018	A	0
NC_045512.2	9019	A	0
NC_045512.2	9020	T	0
NC_045512.2	9021	G	0
NC_045512.2	9022	T	0
NC_045512.2	9023	A	0
NC_045512.2	9024	C	0
NC_045512.2	9025	A	0
NC_045512.2	9026	A	0
NC_045512.2	9027	T	0
NC_045512.2	9028	T	0
NC_045512.2	9029	T	0
NC_045512.2	9030	T	0
NC_045512.2	9031	T	0
NC_045512.2	9032	A	0
NC_045512.2	9033	A	0
NC_045512.2	9034	A	0
NC_045512.2	9035	G	0
NC_045512.2	9036	A	0
NC_045512.2	9037	T	0
NC_045512.2	9038	G	0
NC_045512.2	9039	C	0
NC_045512.2	9040	T	0
NC_045512.2	9041	T	0
NC_045512.2	9042	C	0
NC_045512.2	9043	T	0
NC_045512.2	9044	G	0
NC_045512.2	9045	G	0
NC_045512.2	9046	T	0
NC_045512.2	9047	A	0
NC_045512.2	9048	A	0
NC_045512.2	9049	G	0
NC_045512.2	9050	C	2
NC_045512.2	9051	C	2
NC_045512.2	9052	A	2
NC_045512.2	9053	G	2
NC_045512.2	9054	T	2
NC_045512.2	9055	A	2
NC_045512.2	9056	C	2
NC_045512.2	9057	C	2
NC_045512.2	9058	A	2
NC_045512.2	9059	T	2
NC_045512.2	9060	A	3
NC_045512.2	9061	T	3
NC_045512.2	9062	T	3
NC_045512.2	9063	G	4
NC_045512.2	9064	T	4
NC_045512.2	9065	T	4
NC_045512.2	9066	A	4
NC_045512.2	9067	T	4
NC_045512.2	9068	G	4
NC_045512.2	9069	A	4
NC_045512.2	9070	T	5
NC_045512.2	9071	A	5
NC_045512.2	9072	C	5
NC_045512.2	9073	C	7
NC_045512.2	9074	A	6
NC_045512.2	9075	A	7
NC_045512.2	9076	T	8
NC_045512.2	9077	G	7
NC_045512.2	9078	T	7
NC_045512.2	9079	A	7
NC_045512.2	9080	C	6
NC_045512.2	9081	T	5
NC_045512.2	9082	A	6
NC_045512.2	9083	G	6
NC_045512.2	9084	A	5
NC_045512.2	9085	A	5
NC_045512.2	9086	G	6
NC_045512.2	9087	G	5
NC_045512.2	9088	T	6
NC_045512.2	9089	T	6
NC_045512.2	9090	C	6
NC_045512.2	9091	T	7
NC_045512.2	9092	G	7
NC_045512.2	9093	T	6
NC_045512.2	9094	T	5
NC_045512.2	9095	G	7
NC_045512.2	9096	C	7
NC_045512.2	9097	T	7
NC_045512.2	9098	T	8
NC_045512.2	9099	A	6
NC_045512.2	9100	T	6
NC_045512.2	9101	G	7
NC_045512.2	9102	A	6
NC_045512.2	9103	A	5
NC_045512.2	9104	A	3
NC_045512.2	9105	G	4
NC_045512.2	9106	T	5
NC_045512.2	9107	T	5
NC_045512.2	9108	T	5
NC_045512.2	9109	A	3
NC_045512.2	9110	C	5
NC_045512.2	9111	G	5
NC_045512.2	9112	C	5
NC_045512.2	9113	C	6
NC_045512.2	9114	C	7
NC_045512.2	9115	T	7
NC_045512.2	9116	G	5
NC_045512.2	9117	A	6
NC_045512.2	9118	C	5
NC_045512.2	9119	A	6
NC_045512.2	9120	C	6
NC_045512.2	9121	A	6
NC_045512.2	9122	C	6
NC_045512.2	9123	G	5
NC_045512.2	9124	T	6
NC_045512.2	9125	T	5
NC_045512.2	9126	A	6
NC_045512.2	9127	T	5
NC_045512.2	9128	G	6
NC_045512.2	9129	T	5
NC_045512.2	9130	G	6
NC_045512.2	9131	C	6
NC_045512.2	9132	T	6
NC_045512.2	9133	C	6
NC_045512.2	9134	A	6
NC_045512.2	9135	T	6
NC_045512.2	9136	G	6
NC_045512.2	9137	G	6
NC_045512.2	9138	A	6
NC_045512.2	9139	T	6
NC_045512.2	9140	G	6
NC_045512.2	9141	G	6
NC_045512.2	9142	C	5
NC_045512.2	9143	T	6
NC_045512.2	9144	C	5
NC_045512.2	9145	T	5
NC_045512.2	9146	A	5
NC_045512.2	9147	T	3
NC_045512.2	9148	T	4
NC_045512.2	9149	A	4
NC_045512.2	9150	T	4
NC_045512.2	9151	T	4
NC_045512.2	9152	C	4
NC_045512.2	9153	A	4
NC_045512.2	9154	A	4
NC_045512.2	9155	T	4
NC_045512.2	9156	T	3
NC_045512.2	9157	T	3
NC_045512.2	9158	C	2
NC_045512.2	9159	C	2
NC_045512.2	9160	T	3
NC_045512.2	9161	A	3
NC_045512.2	9162	A	3
NC_045512.2	9163	C	3
NC_045512.2	9164	A	3
NC_045512.2	9165	C	4
NC_045512.2	9166	C	3
NC_045512.2	9167	T	3
NC_045512.2	9168	A	3
NC_045512.2	9169	C	4
NC_045512.2	9170	C	4
NC_045512.2	9171	T	5
NC_045512.2	9172	T	5
NC_045512.2	9173	G	5
NC_045512.2	9174	A	6
NC_045512.2	9175	A	6
NC_045512.2	9176	G	6
NC_045512.2	9177	G	6
NC_045512.2	9178	T	5
NC_045512.2	9179	T	5
NC_045512.2	9180	C	5
NC_045512.2	9181	T	5
NC_045512.2	9182	G	5
NC_045512.2	9183	T	5
NC_045512.2	9184	T	5
NC_045512.2	9185	A	5
NC_045512.2	9186	G	5
NC_045512.2	9187	A	5
NC_045512.2	9188	G	5
NC_045512.2	9189	T	5
NC_045512.2	9190	G	4
NC_045512.2	9191	G	4
NC_045512.2	9192	T	4
NC_045512.2	9193	A	4
NC_045512.2	9194	A	4
NC_045512.2	9195	C	3
NC_045512.2	9196	A	3
NC_045512.2	9197	A	3
NC_045512.2	9198	C	3
NC_045512.2	9199	T	2
NC_045512.2	9200	T	2
NC_045512.2	9201	T	1
NC_045512.2	9202	T	1
NC_045512.2	9203	G	1
NC_045512.2	9204	A	0
NC_045512.2	9205	T	0
NC_045512.2	9206	T	0
NC_045512.2	9207	C	0
NC_045512.2	9208	T	0
NC_045512.2	9209	G	0
NC_045512.2	9210	A	0
NC_045512.2	9211	G	0
NC_045512.2	9212	T	0
NC_045512.2	9213	A	0
NC_045512.2	9214	C	0
NC_045512.2	9215	T	0
NC_045512.2	9216	G	0
NC_045512.2	9217	T	0
NC_045512.2	9218	A	0
NC_045512.2	9219	G	0
NC_045512.2	9220	G	0
NC_045512.2	9221	C	0
NC_045512.2	9222	A	0
NC_045512.2	9223	C	0
NC_045512.2	9224	G	0
NC_045512.2	9225	G	0
NC_045512.2	9226	C	0
NC_045512.2	9227	A	0
NC_045512.2	9228	C	0
NC_045512.2	9229	T	0
NC_045512.2	9230	T	0
NC_045512.2	9231	G	0
NC_045512.2	9232	T	0
NC_045512.2	9233	G	0
NC_045512.2	9234	A	0
NC_045512.2	9235	A	0
NC_045512.2	9236	A	0
NC_045512.2	9237	G	0
NC_045512.2	9238	A	0
NC_045512.2	9239	T	0
NC_045512.2	9240	C	0
NC_045512.2	9241	A	0
NC_045512.2	9242	G	0
NC_045512.2	9243	A	0
NC_045512.2	9244	A	0
NC_045512.2	9245	G	0
NC_045512.2	9246	C	0
NC_045512.2	9247	T	0
NC_045512.2	9248	G	0
NC_045512.2	9249	G	0
NC_045512.2	9250	T	0
NC_045512.2	9251	G	0
NC_045512.2	9252	T	0
NC_045512.2	9253	T	0
NC_045512.2	9254	T	0
NC_045512.2	9255	G	0
NC_045512.2	9256	T	0
NC_045512.2	9257	G	0
NC_045512.2	9258	T	0
NC_045512.2	9259	A	0
NC_045512.2	9260	T	0
NC_045512.2	9261	C	0
NC_045512.2	9262	T	0
NC_045512.2	9263	A	0
NC_045512.2	9264	C	0
NC_045512.2	9265	T	0
NC_045512.2	9266	A	0
NC_045512.2	9267	G	0
NC_045512.2	9268	T	0
NC_045512.2	9269	G	0
NC_045512.2	9270	G	0
NC_045512.2	9271	T	0
NC_045512.2	9272	A	0
NC_045512.2	9273	G	0
NC_045512.2	9274	A	0
NC_045512.2	9275	T	0
NC_045512.2	9276	G	0
NC_045512.2	9277	G	0
NC_045512.2	9278	G	0
NC_045512.2	9279	T	0
NC_045512.2	9280	A	0
NC_045512.2	9281	C	0
NC_045512.2	9282	T	0
NC_045512.2	9283	T	0
NC_045512.2	9284	A	0
NC_045512.2	9285	A	0
NC_045512.2	9286	C	0
NC_045512.2	9287	A	0
NC_045512.2	9288	A	0
NC_045512.2	9289	T	0
NC_045512.2	9290	G	0
NC_045512.2	9291	A	0
NC_045512.2	9292	T	0
NC_045512.2	9293	T	0
NC_045512.2	9294	A	0
NC_045512.2	9295	T	0
NC_045512.2	9296	T	0
NC_045512.2	9297	A	0
NC_045512.2	9298	C	1
NC_045512.2	9299	A	1
NC_045512.2	9300	G	1
NC_045512.2	9301	A	1
NC_045512.2	9302	T	1
NC_045512.2	9303	C	1
NC_045512.2	9304	T	1
NC_045512.2	9305	T	1
NC_045512.2	9306	T	1
NC_045512.2	9307	A	1
NC_045512.2	9308	C	1
NC_045512.2	9309	C	1
NC_045512.2	9310	A	1
NC_045512.2	9311	G	1
NC_045512.2	9312	G	1
NC_045512.2	9313	A	1
NC_045512.2	9314	G	1
NC_045512.2	9315	T	1
NC_045512.2	9316	T	1
NC_045512.2	9317	T	1
NC_045512.2	9318	T	1
NC_045512.2	9319	C	1
NC_045512.2	9320	T	1
NC_045512.2	9321	G	1
NC_045512.2	9322	T	1
NC_045512.2	9323	G	1
NC_045512.2	9324	G	1
NC_045512.2	9325	T	1
NC_045512.2	9326	G	1
NC_045512.2	9327	T	1
NC_045512.2	9328	A	0
NC_045512.2	9329	G	0
NC_045512.2	9330	A	0
NC_045512.2	9331	T	0
NC_045512.2	9332	G	0
NC_045512.2	9333	C	0
NC_045512.2	9334	T	0
NC_045512.2	9335	G	0
NC_045512.2	9336	T	0
NC_045512.2	9337	A	0
NC_045512.2	9338	A	0
NC_045512.2	9339	A	0
NC_045512.2	9340	T	0
NC_045512.2	9341	T	0
NC_045512.2	9342	T	0
NC_045512.2	9343	A	0
NC_045512.2	9344	C	0
NC_045512.2	9345	T	0
NC_045512.2	9346	T	0
NC_045512.2	9347	A	0
NC_045512.2	9348	C	0
NC_045512.2	9349	T	0
NC_045512.2	9350	A	0
NC_045512.2	9351	A	0
NC_045512.2	9352	T	0
NC_045512.2	9353	A	0
NC_045512.2	9354	T	0
NC_045512.2	9355	G	0
NC_045512.2	9356	T	0
NC_045512.2	9357	T	0
NC_045512.2	9358	T	0
NC_045512.2	9359	A	0
NC_045512.2	9360	C	0
NC_045512.2	9361	A	0
NC_045512.2	9362	C	0
NC_045512.2	9363	C	0
NC_045512.2	9364	A	0
NC_045512.2	9365	C	0
NC_045512.2	9366	T	0
NC_045512.2	9367	A	0
NC_045512.2	9368	A	0
NC_045512.2	9369	T	0
NC_045512.2	9370	T	0
NC_045512.2	9371	C	0
NC_045512.2	9372	A	0
NC_045512.2	9373	A	0
NC_045512.2	9374	C	0
NC_045512.2	9375	C	0
NC_045512.2	9376	T	0
NC_045512.2	9377	A	0
NC_045512.2	9378	T	0
NC_045512.2	9379	T	0
NC_045512.2	9380	G	0
NC_045512.2	9381	G	0
NC_045512.2	9382	T	0
NC_045512.2	9383	G	0
NC_045512.2	9384	C	0
NC_045512.2	9385	T	0
NC_045512.2	9386	T	0
NC_045512.2	9387	T	0
NC_045512.2	9388	G	0
NC_045512.2	9389	G	1
NC_045512.2	9390	A	1
NC_045512.2	9391	C	0
NC_045512.2	9392	A	0
NC_045512.2	9393	T	0
NC_045512.2	9394	A	1
NC_045512.2	9395	T	1
NC_045512.2	9396	C	0
NC_045512.2	9397	A	1
NC_045512.2	9398	G	2
NC_045512.2	9399	C	2
NC_045512.2	9400	A	1
NC_045512.2	9401	T	1
NC_045512.2	9402	C	1
NC_045512.2	9403	T	1
NC_045512.2	9404	A	1
NC_045512.2	9405	T	2
NC_045512.2	9406	A	2
NC_045512.2	9407	G	0
NC_045512.2	9408	T	2
NC_045512.2	9409	A	2
NC_045512.2	9410	G	2
NC_045512.2	9411	C	1
NC_045512.2	9412	T	2
NC_045512.2	9413	G	2
NC_045512.2	9414	G	1
NC_045512.2	9415	T	2
NC_045512.2	9416	G	1
NC_045512.2	9417	G	2
NC_045512.2	9418	T	1
NC_045512.2	9419	A	1
NC_045512.2	9420	T	0
NC_045512.2	9421	T	1
NC_045512.2	9422	G	1
NC_045512.2	9423	T	1
NC_045512.2	9424	A	0
NC_045512.2	9425	G	0
NC_045512.2	9426	C	0
NC_045512.2	9427	T	0
NC_045512.2	9428	A	0
NC_045512.2	9429	T	0
NC_045512.2	9430	C	0
NC_045512.2	9431	G	0
NC_045512.2	9432	T	0
NC_045512.2	9433	A	0
NC_045512.2	9434	G	0
NC_045512.2	9435	T	0
NC_045512.2	9436	A	0
NC_045512.2	9437	A	0
NC_045512.2	9438	C	0
NC_045512.2	9439	A	0
NC_045512.2	9440	T	0
NC_045512.2	9441	G	0
NC_045512.2	9442	C	0
NC_045512.2	9443	C	0
NC_045512.2	9444	T	0
NC_045512.2	9445	T	0
NC_045512.2	9446	G	0
NC_045512.2	9447	C	0
NC_045512.2	9448	C	0
NC_045512.2	9449	T	0
NC_045512.2	9450	A	0
NC_045512.2	9451	C	0
NC_045512.2	9452	T	0
NC_045512.2	9453	A	0
NC_045512.2	9454	T	0
NC_045512.2	9455	T	0
NC_045512.2	9456	T	0
NC_045512.2	9457	T	0
NC_045512.2	9458	A	0
NC_045512.2	9459	T	0
NC_045512.2	9460	G	0
NC_045512.2	9461	A	0
NC_045512.2	9462	G	0
NC_045512.2	9463	G	0
NC_045512.2	9464	T	0
NC_045512.2	9465	T	0
NC_045512.2	9466	T	0
NC_045512.2	9467	A	0
NC_045512.2	9468	G	0
NC_045512.2	9469	A	0
NC_045512.2	9470	A	0
NC_045512.2	9471	G	0
NC_045512.2	9472	A	0
NC_045512.2	9473	G	0
NC_045512.2	9474	C	0
NC_045512.2	9475	T	0
NC_045512.2	9476	T	0
NC_045512.2	9477	T	0
NC_045512.2	9478	T	0
NC_045512.2	9479	G	0
NC_045512.2	9480	G	0
NC_045512.2	9481	T	0
NC_045512.2	9482	G	0
NC_045512.2	9483	A	0
NC_045512.2	9484	A	0
NC_045512.2	9485	T	0
NC_045512.2	9486	A	0
NC_045512.2	9487	C	0
NC_045512.2	9488	A	0
NC_045512.2	9489	G	0
NC_045512.2	9490	T	0
NC_045512.2	9491	C	0
NC_045512.2	9492	A	0
NC_045512.2	9493	T	0
NC_045512.2	9494	G	0
NC_045512.2	9495	T	0
NC_045512.2	9496	A	0
NC_045512.2	9497	G	0
NC_045512.2	9498	T	0
NC_045512.2	9499	T	0
NC_045512.2	9500	G	0
NC_045512.2	9501	C	0
NC_045512.2	9502	C	0
NC_045512.2	9503	T	0
NC_045512.2	9504	T	0
NC_045512.2	9505	T	0
NC_045512.2	9506	A	0
NC_045512.2	9507	A	0
NC_045512.2	9508	T	0
NC_045512.2	9509	A	0
NC_045512.2	9510	C	0
NC_045512.2	9511	T	0
NC_045512.2	9512	T	0
NC_045512.2	9513	T	0
NC_045512.2	9514	A	0
NC_045512.2	9515	C	0
NC_045512.2	9516	T	0
NC_045512.2	9517	A	0
NC_045512.2	9518	T	0
NC_045512.2	9519	T	0
NC_045512.2	9520	C	0
NC_045512.2	9521	C	0
NC_045512.2	9522	T	0
NC_045512.2	9523	T	0
NC_045512.2	9524	A	0
NC_045512.2	9525	T	0
NC_045512.2	9526	G	0
NC_045512.2	9527	T	0
NC_045512.2	9528	C	0
NC_045512.2	9529	A	0
NC_045512.2	9530	T	0
NC_045512.2	9531	T	0
NC_045512.2	9532	C	0
NC_045512.2	9533	A	0
NC_045512.2	9534	C	0
NC_045512.2	9535	T	0
NC_045512.2	9536	G	0
NC_045512.2	9537	T	0
NC_045512.2	9538	A	0
NC_045512.2	9539	C	0
NC_045512.2	9540	T	0
NC_045512.2	9541	C	0
NC_045512.2	9542	T	0
NC_045512.2	9543	G	0
NC_045512.2	9544	T	0
NC_045512.2	9545	T	0
NC_045512.2	9546	T	0
NC_045512.2	9547	A	0
NC_045512.2	9548	A	0
NC_045512.2	9549	C	0
NC_045512.2	9550	A	0
NC_045512.2	9551	C	0
NC_045512.2	9552	C	0
NC_045512.2	9553	A	0
NC_045512.2	9554	G	0
NC_045512.2	9555	T	0
NC_045512.2	9556	T	0
NC_045512.2	9557	T	0
NC_045512.2	9558	A	0
NC_045512.2	9559	C	0
NC_045512.2	9560	T	0
NC_045512.2	9561	C	0
NC_045512.2	9562	A	0
NC_045512.2	9563	T	0
NC_045512.2	9564	T	0
NC_045512.2	9565	C	0
NC_045512.2	9566	T	0
NC_045512.2	9567	T	0
NC_045512.2	9568	A	0
NC_045512.2	9569	C	0
NC_045512.2	9570	C	0
NC_045512.2	9571	T	0
NC_045512.2	9572	G	0
NC_045512.2	9573	G	0
NC_045512.2	9574	T	0
NC_045512.2	9575	G	0
NC_045512.2	9576	T	0
NC_045512.2	9577	T	0
NC_045512.2	9578	T	0
NC_045512.2	9579	A	0
NC_045512.2	9580	T	0
NC_045512.2	9581	T	0
NC_045512.2	9582	C	0
NC_045512.2	9583	T	1
NC_045512.2	9584	G	1
NC_045512.2	9585	T	1
NC_045512.2	9586	T	1
NC_045512.2	9587	A	1
NC_045512.2	9588	T	1
NC_045512.2	9589	T	1
NC_045512.2	9590	T	1
NC_045512.2	9591	A	1
NC_045512.2	9592	C	1
NC_045512.2	9593	T	1
NC_045512.2	9594	T	1
NC_045512.2	9595	G	1
NC_045512.2	9596	T	1
NC_045512.2	9597	A	1
NC_045512.2	9598	C	1
NC_045512.2	9599	T	1
NC_045512.2	9600	T	13
NC_045512.2	9601	G	13
NC_045512.2	9602	A	13
NC_045512.2	9603	C	21
NC_045512.2	9604	A	22
NC_045512.2	9605	T	32
NC_045512.2	9606	T	32
NC_045512.2	9607	T	32
NC_045512.2	9608	T	36
NC_045512.2	9609	A	31
NC_045512.2	9610	T	67
NC_045512.2	9611	C	65
NC_045512.2	9612	T	66
NC_045512.2	9613	T	67
NC_045512.2	9614	A	66
NC_045512.2	9615	C	65
NC_045512.2	9616	T	67
NC_045512.2	9617	A	64
NC_045512.2	9618	A	64
NC_045512.2	9619	T	68
NC_045512.2	9620	G	68
NC_045512.2	9621	A	66
NC_045512.2	9622	T	76
NC_045512.2	9623	G	77
NC_045512.2	9624	T	80
NC_045512.2	9625	T	80
NC_045512.2	9626	T	80
NC_045512.2	9627	C	79
NC_045512.2	9628	T	81
NC_045512.2	9629	T	80
NC_045512.2	9630	T	71
NC_045512.2	9631	T	73
NC_045512.2	9632	T	75
NC_045512.2	9633	T	75
NC_045512.2	9634	A	74
NC_045512.2	9635	G	67
NC_045512.2	9636	C	74
NC_045512.2	9637	A	76
NC_045512.2	9638	C	73
NC_045512.2	9639	A	70
NC_045512.2	9640	T	54
NC_045512.2	9641	A	56
NC_045512.2	9642	T	56
NC_045512.2	9643	T	54
NC_045512.2	9644	C	57
NC_045512.2	9645	A	58
NC_045512.2	9646	G	57
NC_045512.2	9647	T	60
NC_045512.2	9648	G	61
NC_045512.2	9649	G	58
NC_045512.2	9650	A	57
NC_045512.2	9651	T	47
NC_045512.2	9652	G	44
NC_045512.2	9653	G	49
NC_045512.2	9654	T	54
NC_045512.2	9655	T	56
NC_045512.2	9656	A	56
NC_045512.2	9657	T	58
NC_045512.2	9658	G	57
NC_045512.2	9659	T	59
NC_045512.2	9660	T	60
NC_045512.2	9661	C	58
NC_045512.2	9662	A	62
NC_045512.2	9663	C	63
NC_045512.2	9664	A	69
NC_045512.2	9665	C	71
NC_045512.2	9666	C	57
NC_045512.2	9667	T	60
NC_045512.2	9668	T	61
NC_045512.2	9669	T	62
NC_045512.2	9670	A	59
NC_045512.2	9671	G	53
NC_045512.2	9672	T	58
NC_045512.2	9673	A	60
NC_045512.2	9674	C	51
NC_045512.2	9675	C	51
NC_045512.2	9676	T	53
NC_045512.2	9677	T	51
NC_045512.2	9678	T	52
NC_045512.2	9679	C	53
NC_045512.2	9680	T	53
NC_045512.2	9681	G	53
NC_045512.2	9682	G	55
NC_045512.2	9683	A	46
NC_045512.2	9684	T	45
NC_045512.2	9685	A	42
NC_045512.2	9686	A	41
NC_045512.2	9687	C	39
NC_045512.2	9688	A	37
NC_045512.2	9689	A	38
NC_045512.2	9690	T	37
NC_045512.2	9691	T	36
NC_045512.2	9692	G	49
NC_045512.2	9693	C	45
NC_045512.2	9694	T	45
NC_045512.2	9695	T	43
NC_045512.2	9696	A	44
NC_045512.2	9697	T	44
NC_045512.2	9698	A	40
NC_045512.2	9699	T	51
NC_045512.2	9700	C	50
NC_045512.2	9701	A	50
NC_045512.2	9702	T	49
NC_045512.2	9703	T	47
NC_045512.2	9704	T	52
NC_045512.2	9705	G	53
NC_045512.2	9706	T	51
NC_045512.2	9707	A	70
NC_045512.2	9708	T	71
NC_045512.2	9709	T	75
NC_045512.2	9710	T	73
NC_045512.2	9711	C	74
NC_045512.2	9712	C	74
NC_045512.2	9713	A	73
NC_045512.2	9714	C	73
NC_045512.2	9715	A	73
NC_045512.2	9716	A	73
NC_045512.2	9717	A	74
NC_045512.2	9718	G	73
NC_045512.2	9719	C	74
NC_045512.2	9720	A	75
NC_045512.2	9721	T	73
NC_045512.2	9722	T	50
NC_045512.2	9723	T	51
NC_045512.2	9724	C	52
NC_045512.2	9725	T	52
NC_045512.2	9726	A	52
NC_045512.2	9727	T	49
NC_045512.2	9728	T	51
NC_045512.2	9729	G	38
NC_045512.2	9730	G	39
NC_045512.2	9731	T	38
NC_045512.2	9732	T	41
NC_045512.2	9733	C	40
NC_045512.2	9734	T	33
NC_045512.2	9735	T	33
NC_045512.2	9736	T	33
NC_045512.2	9737	A	4
NC_045512.2	9738	G	4
NC_045512.2	9739	T	0
NC_045512.2	9740	A	0
NC_045512.2	9741	A	0
NC_045512.2	9742	T	0
NC_045512.2	9743	T	0
NC_045512.2	9744	A	0
NC_045512.2	9745	C	0
NC_045512.2	9746	C	0
NC_045512.2	9747	T	0
NC_045512.2	9748	A	0
NC_045512.2	9749	A	0
NC_045512.2	9750	A	0
NC_045512.2	9751	G	1
NC_045512.2	9752	A	1
NC_045512.2	9753	G	1
NC_045512.2	9754	A	1
NC_045512.2	9755	C	1
NC_045512.2	9756	G	1
NC_045512.2	9757	T	1
NC_045512.2	9758	G	1
NC_045512.2	9759	T	1
NC_045512.2	9760	A	1
NC_045512.2	9761	G	1
NC_045512.2	9762	T	1
NC_045512.2	9763	C	1
NC_045512.2	9764	T	1
NC_045512.2	9765	T	1
NC_045512.2	9766	T	1
NC_045512.2	9767	A	1
NC_045512.2	9768	A	1
NC_045512.2	9769	T	1
NC_045512.2	9770	G	1
NC_045512.2	9771	G	1
NC_045512.2	9772	T	1
NC_045512.2	9773	G	1
NC_045512.2	9774	T	1
NC_045512.2	9775	T	1
NC_045512.2	9776	T	1
NC_045512.2	9777	C	1
NC_045512.2	9778	C	0
NC_045512.2	9779	T	1
NC_045512.2	9780	T	1
NC_045512.2	9781	T	0
NC_045512.2	9782	A	0
NC_045512.2	9783	G	0
NC_045512.2	9784	T	0
NC_045512.2	9785	A	0
NC_045512.2	9786	C	0
NC_045512.2	9787	T	0
NC_045512.2	9788	T	0
NC_045512.2	9789	T	0
NC_045512.2	9790	T	0
NC_045512.2	9791	G	0
NC_045512.2	9792	A	0
NC_045512.2	9793	A	0
NC_045512.2	9794	G	0
NC_045512.2	9795	A	0
NC_045512.2	9796	A	0
NC_045512.2	9797	G	0
NC_045512.2	9798	C	0
NC_045512.2	9799	T	0
NC_045512.2	9800	G	0
NC_045512.2	9801	C	0
NC_045512.2	9802	G	0
NC_045512.2	9803	C	0
NC_045512.2	9804	T	0
NC_045512.2	9805	G	0
NC_045512.2	9806	T	0
NC_045512.2	9807	G	0
NC_045512.2	9808	C	0
NC_045512.2	9809	A	0
NC_045512.2	9810	C	0
NC_045512.2	9811	C	0
NC_045512.2	9812	T	0
NC_045512.2	9813	T	0
NC_045512.2	9814	T	0
NC_045512.2	9815	T	0
NC_045512.2	9816	T	0
NC_045512.2	9817	G	0
NC_045512.2	9818	T	0
NC_045512.2	9819	T	0
NC_045512.2	9820	A	0
NC_045512.2	9821	A	0
NC_045512.2	9822	A	0
NC_045512.2	9823	T	0
NC_045512.2	9824	A	0
NC_045512.2	9825	A	0
NC_045512.2	9826	A	0
NC_045512.2	9827	G	0
NC_045512.2	9828	A	0
NC_045512.2	9829	A	0
NC_045512.2	9830	A	0
NC_045512.2	9831	T	0
NC_045512.2	9832	G	0
NC_045512.2	9833	T	0
NC_045512.2	9834	A	0
NC_045512.2	9835	T	0
NC_045512.2	9836	C	0
NC_045512.2	9837	T	0
NC_045512.2	9838	A	0
NC_045512.2	9839	A	0
NC_045512.2	9840	A	0
NC_045512.2	9841	G	0
NC_045512.2	9842	T	0
NC_045512.2	9843	T	0
NC_045512.2	9844	G	0
NC_045512.2	9845	C	0
NC_045512.2	9846	G	0
NC_045512.2	9847	T	0
NC_045512.2	9848	A	0
NC_045512.2	9849	G	0
NC_045512.2	9850	T	0
NC_045512.2	9851	G	0
NC_045512.2	9852	A	0
NC_045512.2	9853	T	0
NC_045512.2	9854	G	0
NC_045512.2	9855	T	0
NC_045512.2	9856	G	0
NC_045512.2	9857	C	0
NC_045512.2	9858	T	0
NC_045512.2	9859	A	0
NC_045512.2	9860	T	0
NC_045512.2	9861	T	0
NC_045512.2	9862	A	0
NC_045512.2	9863	C	0
NC_045512.2	9864	C	0
NC_045512.2	9865	T	0
NC_045512.2	9866	C	0
NC_045512.2	9867	T	0
NC_045512.2	9868	T	0
NC_045512.2	9869	A	0
NC_045512.2	9870	C	0
NC_045512.2	9871	G	0
NC_045512.2	9872	C	0
NC_045512.2	9873	A	0
NC_045512.2	9874	A	0
NC_045512.2	9875	T	0
NC_045512.2	9876	A	0
NC_045512.2	9877	T	0
NC_045512.2	9878	A	0
NC_045512.2	9879	A	0
NC_045512.2	9880	T	0
NC_045512.2	9881	A	0
NC_045512.2	9882	G	0
NC_045512.2	9883	A	0
NC_045512.2	9884	T	0
NC_045512.2	9885	A	0
NC_045512.2	9886	C	0
NC_045512.2	9887	T	0
NC_045512.2	9888	T	0
NC_045512.2	9889	A	0
NC_045512.2	9890	G	0
NC_045512.2	9891	C	0
NC_045512.2	9892	T	0
NC_045512.2	9893	C	0
NC_045512.2	9894	T	0
NC_045512.2	9895	T	0
NC_045512.2	9896	T	0
NC_045512.2	9897	A	0
NC_045512.2	9898	T	0
NC_045512.2	9899	A	0
NC_045512.2	9900	A	0
NC_045512.2	9901	T	0
NC_045512.2	9902	A	0
NC_045512.2	9903	A	0
NC_045512.2	9904	G	0
NC_045512.2	9905	T	0
NC_045512.2	9906	A	0
NC_045512.2	9907	C	0
NC_045512.2	9908	A	0
NC_045512.2	9909	A	0
NC_045512.2	9910	G	0
NC_045512.2	9911	T	0
NC_045512.2	9912	A	0
NC_045512.2	9913	T	0
NC_045512.2	9914	T	0
NC_045512.2	9915	T	0
NC_045512.2	9916	T	0
NC_045512.2	9917	A	0
NC_045512.2	9918	G	0
NC_045512.2	9919	T	0
NC_045512.2	9920	G	0
NC_045512.2	9921	G	0
NC_045512.2	9922	A	0
NC_045512.2	9923	G	0
NC_045512.2	9924	C	0
NC_045512.2	9925	A	0
NC_045512.2	9926	A	0
NC_045512.2	9927	T	0
NC_045512.2	9928	G	0
NC_045512.2	9929	G	0
NC_045512.2	9930	A	0
NC_045512.2	9931	T	0
NC_045512.2	9932	A	0
NC_045512.2	9933	C	0
NC_045512.2	9934	A	0
NC_045512.2	9935	A	0
NC_045512.2	9936	C	0
NC_045512.2	9937	T	0
NC_045512.2	9938	A	0
NC_045512.2	9939	G	0
NC_045512.2	9940	C	0
NC_045512.2	9941	T	0
NC_045512.2	9942	A	0
NC_045512.2	9943	C	0
NC_045512.2	9944	A	0
NC_045512.2	9945	G	0
NC_045512.2	9946	A	0
NC_045512.2	9947	G	0
NC_045512.2	9948	A	0
NC_045512.2	9949	A	0
NC_045512.2	9950	G	0
NC_045512.2	9951	C	0
NC_045512.2	9952	T	0
NC_045512.2	9953	G	0
NC_045512.2	9954	C	0
NC_045512.2	9955	T	0
NC_045512.2	9956	T	0
NC_045512.2	9957	G	0
NC_045512.2	9958	T	0
NC_045512.2	9959	T	0
NC_045512.2	9960	G	0
NC_045512.2	9961	T	0
NC_045512.2	9962	C	0
NC_045512.2	9963	A	0
NC_045512.2	9964	T	0
NC_045512.2	9965	C	0
NC_045512.2	9966	T	0
NC_045512.2	9967	C	0
NC_045512.2	9968	G	0
NC_045512.2	9969	C	0
NC_045512.2	9970	A	0
NC_045512.2	9971	A	0
NC_045512.2	9972	A	0
NC_045512.2	9973	G	0
NC_045512.2	9974	G	0
NC_045512.2	9975	C	0
NC_045512.2	9976	T	0
NC_045512.2	9977	C	0
NC_045512.2	9978	T	0
NC_045512.2	9979	C	0
NC_045512.2	9980	A	0
NC_045512.2	9981	A	0
NC_045512.2	9982	T	0
NC_045512.2	9983	G	0
NC_045512.2	9984	A	0
NC_045512.2	9985	C	0
NC_045512.2	9986	T	0
NC_045512.2	9987	T	0
NC_045512.2	9988	C	0
NC_045512.2	9989	A	0
NC_045512.2	9990	G	0
NC_045512.2	9991	T	0
NC_045512.2	9992	A	0
NC_045512.2	9993	A	0
NC_045512.2	9994	C	0
NC_045512.2	9995	T	0
NC_045512.2	9996	C	0
NC_045512.2	9997	A	0
NC_045512.2	9998	G	0
NC_045512.2	9999	G	0
NC_045512.2	10000	T	0
NC_045512.2	10001	T	0
NC_045512.2	10002	C	0
NC_045512.2	10003	T	0
NC_045512.2	10004	G	0
NC_045512.2	10005	A	0
NC_045512.2	10006	T	0
NC_045512.2	10007	G	0
NC_045512.2	10008	T	0
NC_045512.2	10009	T	0
NC_045512.2	10010	C	0
NC_045512.2	10011	T	0
NC_045512.2	10012	T	0
NC_045512.2	10013	T	0
NC_045512.2	10014	A	0
NC_045512.2	10015	C	0
NC_045512.2	10016	C	0
NC_045512.2	10017	A	0
NC_045512.2	10018	A	0
NC_045512.2	10019	C	0
NC_045512.2	10020	C	0
NC_045512.2	10021	A	0
NC_045512.2	10022	C	0
NC_045512.2	10023	C	0
NC_045512.2	10024	A	0
NC_045512.2	10025	C	0
NC_045512.2	10026	A	0
NC_045512.2	10027	A	0
NC_045512.2	10028	A	0
NC_045512.2	10029	C	0
NC_045512.2	10030	C	0
NC_045512.2	10031	T	0
NC_045512.2	10032	C	0
NC_045512.2	10033	T	0
NC_045512.2	10034	A	0
NC_045512.2	10035	T	0
NC_045512.2	10036	C	0
NC_045512.2	10037	A	0
NC_045512.2	10038	C	0
NC_045512.2	10039	C	0
NC_045512.2	10040	T	0
NC_045512.2	10041	C	0
NC_045512.2	10042	A	0
NC_045512.2	10043	G	0
NC_045512.2	10044	C	0
NC_045512.2	10045	T	0
NC_045512.2	10046	G	0
NC_045512.2	10047	T	0
NC_045512.2	10048	T	0
NC_045512.2	10049	T	0
NC_045512.2	10050	T	0
NC_045512.2	10051	G	0
NC_045512.2	10052	C	0
NC_045512.2	10053	A	0
NC_045512.2	10054	G	0
NC_045512.2	10055	A	0
NC_045512.2	10056	G	0
NC_045512.2	10057	T	0
NC_045512.2	10058	G	0
NC_045512.2	10059	G	0
NC_045512.2	10060	T	0
NC_045512.2	10061	T	0
NC_045512.2	10062	T	0
NC_045512.2	10063	T	0
NC_045512.2	10064	A	0
NC_045512.2	10065	G	0
NC_045512.2	10066	A	0
NC_045512.2	10067	A	0
NC_045512.2	10068	A	0
NC_045512.2	10069	A	0
NC_045512.2	10070	A	0
NC_045512.2	10071	T	0
NC_045512.2	10072	G	0
NC_045512.2	10073	G	0
NC_045512.2	10074	C	0
NC_045512.2	10075	A	0
NC_045512.2	10076	T	0
NC_045512.2	10077	T	0
NC_045512.2	10078	C	0
NC_045512.2	10079	C	0
NC_045512.2	10080	C	0
NC_045512.2	10081	A	0
NC_045512.2	10082	T	0
NC_045512.2	10083	C	0
NC_045512.2	10084	T	0
NC_045512.2	10085	G	0
NC_045512.2	10086	G	0
NC_045512.2	10087	T	0
NC_045512.2	10088	A	0
NC_045512.2	10089	A	0
NC_045512.2	10090	A	0
NC_045512.2	10091	G	0
NC_045512.2	10092	T	0
NC_045512.2	10093	T	0
NC_045512.2	10094	G	0
NC_045512.2	10095	A	0
NC_045512.2	10096	G	0
NC_045512.2	10097	G	0
NC_045512.2	10098	G	0
NC_045512.2	10099	T	0
NC_045512.2	10100	T	0
NC_045512.2	10101	G	0
NC_045512.2	10102	T	0
NC_045512.2	10103	A	0
NC_045512.2	10104	T	0
NC_045512.2	10105	G	0
NC_045512.2	10106	G	0
NC_045512.2	10107	T	0
NC_045512.2	10108	A	0
NC_045512.2	10109	C	0
NC_045512.2	10110	A	0
NC_045512.2	10111	A	0
NC_045512.2	10112	G	0
NC_045512.2	10113	T	0
NC_045512.2	10114	A	0
NC_045512.2	10115	A	0
NC_045512.2	10116	C	0
NC_045512.2	10117	T	0
NC_045512.2	10118	T	0
NC_045512.2	10119	G	0
NC_045512.2	10120	T	0
NC_045512.2	10121	G	0
NC_045512.2	10122	G	0
NC_045512.2	10123	T	0
NC_045512.2	10124	A	0
NC_045512.2	10125	C	0
NC_045512.2	10126	A	0
NC_045512.2	10127	A	0
NC_045512.2	10128	C	0
NC_045512.2	10129	T	0
NC_045512.2	10130	A	0
NC_045512.2	10131	C	0
NC_045512.2	10132	A	0
NC_045512.2	10133	C	0
NC_045512.2	10134	T	0
NC_045512.2	10135	T	0
NC_045512.2	10136	A	0
NC_045512.2	10137	A	0
NC_045512.2	10138	C	0
NC_045512.2	10139	G	0
NC_045512.2	10140	G	0
NC_045512.2	10141	T	0
NC_045512.2	10142	C	0
NC_045512.2	10143	T	0
NC_045512.2	10144	T	0
NC_045512.2	10145	T	0
NC_045512.2	10146	G	0
NC_045512.2	10147	G	0
NC_045512.2	10148	C	0
NC_045512.2	10149	T	0
NC_045512.2	10150	T	0
NC_045512.2	10151	G	0
NC_045512.2	10152	A	0
NC_045512.2	10153	T	0
NC_045512.2	10154	G	0
NC_045512.2	10155	A	0
NC_045512.2	10156	C	0
NC_045512.2	10157	G	0
NC_045512.2	10158	T	0
NC_045512.2	10159	A	0
NC_045512.2	10160	G	0
NC_045512.2	10161	T	0
NC_045512.2	10162	T	0
NC_045512.2	10163	T	0
NC_045512.2	10164	A	0
NC_045512.2	10165	C	0
NC_045512.2	10166	T	0
NC_045512.2	10167	G	0
NC_045512.2	10168	T	0
NC_045512.2	10169	C	0
NC_045512.2	10170	C	0
NC_045512.2	10171	A	0
NC_045512.2	10172	A	0
NC_045512.2	10173	G	0
NC_045512.2	10174	A	0
NC_045512.2	10175	C	0
NC_045512.2	10176	A	0
NC_045512.2	10177	T	0
NC_045512.2	10178	G	0
NC_045512.2	10179	T	0
NC_045512.2	10180	G	0
NC_045512.2	10181	A	0
NC_045512.2	10182	T	0
NC_045512.2	10183	C	0
NC_045512.2	10184	T	0
NC_045512.2	10185	G	0
NC_045512.2	10186	C	0
NC_045512.2	10187	A	0
NC_045512.2	10188	C	0
NC_045512.2	10189	C	0
NC_045512.2	10190	T	0
NC_045512.2	10191	C	0
NC_045512.2	10192	T	0
NC_045512.2	10193	G	0
NC_045512.2	10194	A	0
NC_045512.2	10195	A	0
NC_045512.2	10196	G	0
NC_045512.2	10197	A	0
NC_045512.2	10198	C	0
NC_045512.2	10199	A	0
NC_045512.2	10200	T	0
NC_045512.2	10201	G	0
NC_045512.2	10202	C	0
NC_045512.2	10203	T	0
NC_045512.2	10204	T	0
NC_045512.2	10205	A	2
NC_045512.2	10206	A	5
NC_045512.2	10207	C	5
NC_045512.2	10208	C	5
NC_045512.2	10209	C	5
NC_045512.2	10210	T	5
NC_045512.2	10211	A	5
NC_045512.2	10212	A	17
NC_045512.2	10213	T	17
NC_045512.2	10214	T	17
NC_045512.2	10215	A	17
NC_045512.2	10216	T	17
NC_045512.2	10217	G	26
NC_045512.2	10218	A	27
NC_045512.2	10219	A	34
NC_045512.2	10220	G	34
NC_045512.2	10221	A	33
NC_045512.2	10222	T	46
NC_045512.2	10223	T	45
NC_045512.2	10224	T	46
NC_045512.2	10225	A	45
NC_045512.2	10226	C	46
NC_045512.2	10227	T	51
NC_045512.2	10228	C	52
NC_045512.2	10229	A	51
NC_045512.2	10230	T	54
NC_045512.2	10231	T	54
NC_045512.2	10232	C	58
NC_045512.2	10233	G	58
NC_045512.2	10234	T	57
NC_045512.2	10235	A	53
NC_045512.2	10236	A	49
NC_045512.2	10237	G	52
NC_045512.2	10238	T	56
NC_045512.2	10239	C	55
NC_045512.2	10240	T	57
NC_045512.2	10241	A	57
NC_045512.2	10242	A	45
NC_045512.2	10243	T	46
NC_045512.2	10244	C	49
NC_045512.2	10245	A	48
NC_045512.2	10246	T	62
NC_045512.2	10247	A	50
NC_045512.2	10248	A	53
NC_045512.2	10249	T	49
NC_045512.2	10250	T	47
NC_045512.2	10251	T	48
NC_045512.2	10252	C	45
NC_045512.2	10253	T	46
NC_045512.2	10254	T	47
NC_045512.2	10255	G	46
NC_045512.2	10256	G	44
NC_045512.2	10257	T	43
NC_045512.2	10258	A	41
NC_045512.2	10259	C	40
NC_045512.2	10260	A	39
NC_045512.2	10261	G	44
NC_045512.2	10262	G	42
NC_045512.2	10263	C	42
NC_045512.2	10264	T	44
NC_045512.2	10265	G	43
NC_045512.2	10266	G	39
NC_045512.2	10267	T	44
NC_045512.2	10268	A	43
NC_045512.2	10269	A	42
NC_045512.2	10270	T	44
NC_045512.2	10271	G	42
NC_045512.2	10272	T	41
NC_045512.2	10273	T	42
NC_045512.2	10274	C	39
NC_045512.2	10275	A	40
NC_045512.2	10276	A	32
NC_045512.2	10277	C	35
NC_045512.2	10278	T	36
NC_045512.2	10279	C	33
NC_045512.2	10280	A	33
NC_045512.2	10281	G	32
NC_045512.2	10282	G	24
NC_045512.2	10283	G	28
NC_045512.2	10284	T	27
NC_045512.2	10285	T	31
NC_045512.2	10286	A	31
NC_045512.2	10287	T	33
NC_045512.2	10288	T	39
NC_045512.2	10289	G	39
NC_045512.2	10290	G	41
NC_045512.2	10291	A	35
NC_045512.2	10292	C	37
NC_045512.2	10293	A	35
NC_045512.2	10294	T	37
NC_045512.2	10295	T	40
NC_045512.2	10296	C	40
NC_045512.2	10297	T	39
NC_045512.2	10298	A	40
NC_045512.2	10299	T	39
NC_045512.2	10300	G	38
NC_045512.2	10301	C	39
NC_045512.2	10302	A	38
NC_045512.2	10303	A	41
NC_045512.2	10304	A	40
NC_045512.2	10305	A	38
NC_045512.2	10306	T	38
NC_045512.2	10307	T	36
NC_045512.2	10308	G	33
NC_045512.2	10309	T	34
NC_045512.2	10310	G	37
NC_045512.2	10311	T	37
NC_045512.2	10312	A	36
NC_045512.2	10313	C	33
NC_045512.2	10314	T	32
NC_045512.2	10315	T	30
NC_045512.2	10316	A	32
NC_045512.2	10317	A	33
NC_045512.2	10318	G	33
NC_045512.2	10319	C	35
NC_045512.2	10320	T	32
NC_045512.2	10321	T	32
NC_045512.2	10322	A	35
NC_045512.2	10323	A	33
NC_045512.2	10324	G	35
NC_045512.2	10325	G	32
NC_045512.2	10326	T	33
NC_045512.2	10327	T	35
NC_045512.2	10328	G	32
NC_045512.2	10329	A	33
NC_045512.2	10330	T	34
NC_045512.2	10331	A	36
NC_045512.2	10332	C	62
NC_045512.2	10333	A	61
NC_045512.2	10334	G	60
NC_045512.2	10335	C	60
NC_045512.2	10336	C	59
NC_045512.2	10337	A	61
NC_045512.2	10338	A	61
NC_045512.2	10339	T	59
NC_045512.2	10340	C	58
NC_045512.2	10341	C	58
NC_045512.2	10342	T	59
NC_045512.2	10343	A	59
NC_045512.2	10344	A	56
NC_045512.2	10345	G	58
NC_045512.2	10346	A	57
NC_045512.2	10347	C	52
NC_045512.2	10348	A	46
NC_045512.2	10349	C	47
NC_045512.2	10350	C	45
NC_045512.2	10351	T	46
NC_045512.2	10352	A	47
NC_045512.2	10353	A	46
NC_045512.2	10354	G	46
NC_045512.2	10355	T	39
NC_045512.2	10356	A	38
NC_045512.2	10357	T	39
NC_045512.2	10358	A	39
NC_045512.2	10359	A	39
NC_045512.2	10360	G	37
NC_045512.2	10361	T	35
NC_045512.2	10362	T	0
NC_045512.2	10363	T	0
NC_045512.2	10364	G	0
NC_045512.2	10365	T	0
NC_045512.2	10366	T	0
NC_045512.2	10367	C	0
NC_045512.2	10368	G	0
NC_045512.2	10369	C	0
NC_045512.2	10370	A	0
NC_045512.2	10371	T	0
NC_045512.2	10372	T	0
NC_045512.2	10373	C	0
NC_045512.2	10374	A	0
NC_045512.2	10375	A	0
NC_045512.2	10376	C	0
NC_045512.2	10377	C	0
NC_045512.2	10378	A	0
NC_045512.2	10379	G	0
NC_045512.2	10380	G	0
NC_045512.2	10381	A	0
NC_045512.2	10382	C	0
NC_045512.2	10383	A	0
NC_045512.2	10384	G	0
NC_045512.2	10385	A	0
NC_045512.2	10386	C	0
NC_045512.2	10387	T	0
NC_045512.2	10388	T	0
NC_045512.2	10389	T	0
NC_045512.2	10390	T	0
NC_045512.2	10391	T	0
NC_045512.2	10392	C	0
NC_045512.2	10393	A	0
NC_045512.2	10394	G	0
NC_045512.2	10395	T	0
NC_045512.2	10396	G	0
NC_045512.2	10397	T	0
NC_045512.2	10398	T	0
NC_045512.2	10399	A	0
NC_045512.2	10400	G	0
NC_045512.2	10401	C	0
NC_045512.2	10402	T	0
NC_045512.2	10403	T	0
NC_045512.2	10404	G	0
NC_045512.2	10405	T	0
NC_045512.2	10406	T	0
NC_045512.2	10407	A	0
NC_045512.2	10408	C	0
NC_045512.2	10409	A	0
NC_045512.2	10410	A	0
NC_045512.2	10411	T	0
NC_045512.2	10412	G	0
NC_045512.2	10413	G	0
NC_045512.2	10414	T	0
NC_045512.2	10415	T	0
NC_045512.2	10416	C	0
NC_045512.2	10417	A	0
NC_045512.2	10418	C	0
NC_045512.2	10419	C	0
NC_045512.2	10420	A	0
NC_045512.2	10421	T	0
NC_045512.2	10422	C	0
NC_045512.2	10423	T	0
NC_045512.2	10424	G	0
NC_045512.2	10425	G	0
NC_045512.2	10426	T	0
NC_045512.2	10427	G	0
NC_045512.2	10428	T	0
NC_045512.2	10429	T	0
NC_045512.2	10430	T	0
NC_045512.2	10431	A	0
NC_045512.2	10432	C	0
NC_045512.2	10433	C	0
NC_045512.2	10434	A	0
NC_045512.2	10435	A	0
NC_045512.2	10436	T	0
NC_045512.2	10437	G	0
NC_045512.2	10438	T	0
NC_045512.2	10439	G	0
NC_045512.2	10440	C	0
NC_045512.2	10441	T	0
NC_045512.2	10442	A	0
NC_045512.2	10443	T	0
NC_045512.2	10444	G	0
NC_045512.2	10445	A	0
NC_045512.2	10446	G	0
NC_045512.2	10447	G	0
NC_045512.2	10448	C	0
NC_045512.2	10449	C	0
NC_045512.2	10450	C	0
NC_045512.2	10451	A	0
NC_045512.2	10452	A	0
NC_045512.2	10453	T	0
NC_045512.2	10454	T	0
NC_045512.2	10455	T	0
NC_045512.2	10456	C	0
NC_045512.2	10457	A	0
NC_045512.2	10458	C	0
NC_045512.2	10459	T	0
NC_045512.2	10460	A	0
NC_045512.2	10461	T	0
NC_045512.2	10462	T	0
NC_045512.2	10463	A	0
NC_045512.2	10464	A	0
NC_045512.2	10465	G	0
NC_045512.2	10466	G	1
NC_045512.2	10467	G	1
NC_045512.2	10468	T	1
NC_045512.2	10469	T	1
NC_045512.2	10470	C	1
NC_045512.2	10471	A	1
NC_045512.2	10472	T	1
NC_045512.2	10473	T	1
NC_045512.2	10474	C	1
NC_045512.2	10475	C	1
NC_045512.2	10476	T	1
NC_045512.2	10477	T	1
NC_045512.2	10478	A	1
NC_045512.2	10479	A	1
NC_045512.2	10480	T	1
NC_045512.2	10481	G	1
NC_045512.2	10482	G	1
NC_045512.2	10483	T	1
NC_045512.2	10484	T	1
NC_045512.2	10485	C	1
NC_045512.2	10486	A	1
NC_045512.2	10487	T	1
NC_045512.2	10488	G	1
NC_045512.2	10489	T	1
NC_045512.2	10490	G	1
NC_045512.2	10491	G	1
NC_045512.2	10492	T	1
NC_045512.2	10493	A	1
NC_045512.2	10494	G	1
NC_045512.2	10495	T	1
NC_045512.2	10496	G	1
NC_045512.2	10497	T	1
NC_045512.2	10498	T	1
NC_045512.2	10499	G	1
NC_045512.2	10500	G	1
NC_045512.2	10501	T	1
NC_045512.2	10502	T	1
NC_045512.2	10503	T	1
NC_045512.2	10504	T	1
NC_045512.2	10505	A	1
NC_045512.2	10506	A	1
NC_045512.2	10507	C	1
NC_045512.2	10508	A	1
NC_045512.2	10509	T	1
NC_045512.2	10510	A	1
NC_045512.2	10511	G	1
NC_045512.2	10512	A	1
NC_045512.2	10513	T	1
NC_045512.2	10514	T	0
NC_045512.2	10515	A	0
NC_045512.2	10516	T	0
NC_045512.2	10517	G	0
NC_045512.2	10518	A	0
NC_045512.2	10519	C	0
NC_045512.2	10520	T	0
NC_045512.2	10521	G	2
NC_045512.2	10522	T	2
NC_045512.2	10523	G	2
NC_045512.2	10524	T	2
NC_045512.2	10525	C	3
NC_045512.2	10526	T	5
NC_045512.2	10527	C	5
NC_045512.2	10528	T	5
NC_045512.2	10529	T	4
NC_045512.2	10530	T	5
NC_045512.2	10531	T	5
NC_045512.2	10532	T	4
NC_045512.2	10533	G	5
NC_045512.2	10534	T	5
NC_045512.2	10535	T	4
NC_045512.2	10536	A	3
NC_045512.2	10537	C	4
NC_045512.2	10538	A	5
NC_045512.2	10539	T	4
NC_045512.2	10540	G	5
NC_045512.2	10541	C	5
NC_045512.2	10542	A	5
NC_045512.2	10543	C	4
NC_045512.2	10544	C	4
NC_045512.2	10545	A	4
NC_045512.2	10546	T	5
NC_045512.2	10547	A	4
NC_045512.2	10548	T	6
NC_045512.2	10549	G	5
NC_045512.2	10550	G	5
NC_045512.2	10551	A	3
NC_045512.2	10552	A	4
NC_045512.2	10553	T	4
NC_045512.2	10554	T	5
NC_045512.2	10555	A	3
NC_045512.2	10556	C	2
NC_045512.2	10557	C	2
NC_045512.2	10558	A	2
NC_045512.2	10559	A	2
NC_045512.2	10560	C	2
NC_045512.2	10561	T	2
NC_045512.2	10562	G	2
NC_045512.2	10563	G	2
NC_045512.2	10564	A	2
NC_045512.2	10565	G	2
NC_045512.2	10566	T	2
NC_045512.2	10567	T	2
NC_045512.2	10568	C	2
NC_045512.2	10569	A	2
NC_045512.2	10570	T	2
NC_045512.2	10571	G	4
NC_045512.2	10572	C	4
NC_045512.2	10573	T	4
NC_045512.2	10574	G	4
NC_045512.2	10575	G	4
NC_045512.2	10576	C	4
NC_045512.2	10577	A	4
NC_045512.2	10578	C	3
NC_045512.2	10579	A	4
NC_045512.2	10580	G	4
NC_045512.2	10581	A	4
NC_045512.2	10582	C	4
NC_045512.2	10583	T	3
NC_045512.2	10584	T	3
NC_045512.2	10585	A	3
NC_045512.2	10586	G	4
NC_045512.2	10587	A	4
NC_045512.2	10588	A	5
NC_045512.2	10589	G	6
NC_045512.2	10590	G	6
NC_045512.2	10591	T	6
NC_045512.2	10592	A	5
NC_045512.2	10593	A	8
NC_045512.2	10594	C	7
NC_045512.2	10595	T	10
NC_045512.2	10596	T	10
NC_045512.2	10597	T	9
NC_045512.2	10598	T	11
NC_045512.2	10599	A	12
NC_045512.2	10600	T	12
NC_045512.2	10601	G	11
NC_045512.2	10602	G	12
NC_045512.2	10603	A	10
NC_045512.2	10604	C	11
NC_045512.2	10605	C	10
NC_045512.2	10606	T	12
NC_045512.2	10607	T	12
NC_045512.2	10608	T	12
NC_045512.2	10609	T	11
NC_045512.2	10610	G	10
NC_045512.2	10611	T	11
NC_045512.2	10612	T	11
NC_045512.2	10613	G	11
NC_045512.2	10614	A	11
NC_045512.2	10615	C	10
NC_045512.2	10616	A	10
NC_045512.2	10617	G	8
NC_045512.2	10618	G	10
NC_045512.2	10619	C	9
NC_045512.2	10620	A	10
NC_045512.2	10621	A	10
NC_045512.2	10622	A	10
NC_045512.2	10623	C	9
NC_045512.2	10624	A	8
NC_045512.2	10625	G	8
NC_045512.2	10626	C	7
NC_045512.2	10627	A	8
NC_045512.2	10628	C	7
NC_045512.2	10629	A	5
NC_045512.2	10630	A	5
NC_045512.2	10631	G	4
NC_045512.2	10632	C	5
NC_045512.2	10633	A	5
NC_045512.2	10634	G	8
NC_045512.2	10635	C	8
NC_045512.2	10636	T	9
NC_045512.2	10637	G	9
NC_045512.2	10638	G	8
NC_045512.2	10639	T	8
NC_045512.2	10640	A	9
NC_045512.2	10641	C	9
NC_045512.2	10642	G	9
NC_045512.2	10643	G	9
NC_045512.2	10644	A	9
NC_045512.2	10645	C	10
NC_045512.2	10646	A	10
NC_045512.2	10647	C	11
NC_045512.2	10648	A	10
NC_045512.2	10649	A	9
NC_045512.2	10650	C	11
NC_045512.2	10651	T	11
NC_045512.2	10652	A	11
NC_045512.2	10653	T	11
NC_045512.2	10654	T	12
NC_045512.2	10655	A	9
NC_045512.2	10656	C	11
NC_045512.2	10657	A	11
NC_045512.2	10658	G	11
NC_045512.2	10659	T	10
NC_045512.2	10660	T	10
NC_045512.2	10661	A	9
NC_045512.2	10662	A	10
NC_045512.2	10663	T	8
NC_045512.2	10664	G	6
NC_045512.2	10665	T	6
NC_045512.2	10666	T	6
NC_045512.2	10667	T	7
NC_045512.2	10668	T	7
NC_045512.2	10669	A	5
NC_045512.2	10670	G	5
NC_045512.2	10671	C	5
NC_045512.2	10672	T	5
NC_045512.2	10673	T	5
NC_045512.2	10674	G	4
NC_045512.2	10675	G	4
NC_045512.2	10676	T	4
NC_045512.2	10677	T	3
NC_045512.2	10678	G	3
NC_045512.2	10679	T	4
NC_045512.2	10680	A	2
NC_045512.2	10681	C	3
NC_045512.2	10682	G	2
NC_045512.2	10683	C	0
NC_045512.2	10684	T	0
NC_045512.2	10685	G	0
NC_045512.2	10686	C	0
NC_045512.2	10687	T	0
NC_045512.2	10688	G	0
NC_045512.2	10689	T	0
NC_045512.2	10690	T	0
NC_045512.2	10691	A	0
NC_045512.2	10692	T	0
NC_045512.2	10693	A	0
NC_045512.2	10694	A	0
NC_045512.2	10695	A	0
NC_045512.2	10696	T	0
NC_045512.2	10697	G	0
NC_045512.2	10698	G	0
NC_045512.2	10699	A	0
NC_045512.2	10700	G	0
NC_045512.2	10701	A	0
NC_045512.2	10702	C	0
NC_045512.2	10703	A	0
NC_045512.2	10704	G	0
NC_045512.2	10705	G	0
NC_045512.2	10706	T	0
NC_045512.2	10707	G	0
NC_045512.2	10708	G	0
NC_045512.2	10709	T	0
NC_045512.2	10710	T	0
NC_045512.2	10711	T	0
NC_045512.2	10712	C	0
NC_045512.2	10713	T	0
NC_045512.2	10714	C	0
NC_045512.2	10715	A	0
NC_045512.2	10716	A	0
NC_045512.2	10717	T	0
NC_045512.2	10718	C	0
NC_045512.2	10719	G	0
NC_045512.2	10720	A	0
NC_045512.2	10721	T	0
NC_045512.2	10722	T	0
NC_045512.2	10723	T	0
NC_045512.2	10724	A	0
NC_045512.2	10725	C	0
NC_045512.2	10726	C	0
NC_045512.2	10727	A	0
NC_045512.2	10728	C	0
NC_045512.2	10729	A	0
NC_045512.2	10730	A	0
NC_045512.2	10731	C	0
NC_045512.2	10732	T	0
NC_045512.2	10733	C	0
NC_045512.2	10734	T	0
NC_045512.2	10735	T	0
NC_045512.2	10736	A	0
NC_045512.2	10737	A	0
NC_045512.2	10738	T	0
NC_045512.2	10739	G	0
NC_045512.2	10740	A	0
NC_045512.2	10741	C	0
NC_045512.2	10742	T	0
NC_045512.2	10743	T	0
NC_045512.2	10744	T	0
NC_045512.2	10745	A	0
NC_045512.2	10746	A	0
NC_045512.2	10747	C	0
NC_045512.2	10748	C	0
NC_045512.2	10749	T	0
NC_045512.2	10750	T	0
NC_045512.2	10751	G	0
NC_045512.2	10752	T	0
NC_045512.2	10753	G	0
NC_045512.2	10754	G	0
NC_045512.2	10755	C	0
NC_045512.2	10756	T	0
NC_045512.2	10757	A	0
NC_045512.2	10758	T	0
NC_045512.2	10759	G	0
NC_045512.2	10760	A	0
NC_045512.2	10761	A	0
NC_045512.2	10762	G	0
NC_045512.2	10763	T	0
NC_045512.2	10764	A	0
NC_045512.2	10765	C	0
NC_045512.2	10766	A	0
NC_045512.2	10767	A	0
NC_045512.2	10768	T	0
NC_045512.2	10769	T	0
NC_045512.2	10770	A	0
NC_045512.2	10771	T	0
NC_045512.2	10772	G	0
NC_045512.2	10773	A	0
NC_045512.2	10774	A	0
NC_045512.2	10775	C	0
NC_045512.2	10776	C	0
NC_045512.2	10777	T	0
NC_045512.2	10778	C	0
NC_045512.2	10779	T	0
NC_045512.2	10780	A	0
NC_045512.2	10781	A	0
NC_045512.2	10782	C	0
NC_045512.2	10783	A	0
NC_045512.2	10784	C	0
NC_045512.2	10785	A	0
NC_045512.2	10786	A	0
NC_045512.2	10787	G	0
NC_045512.2	10788	A	0
NC_045512.2	10789	C	0
NC_045512.2	10790	C	0
NC_045512.2	10791	A	0
NC_045512.2	10792	T	0
NC_045512.2	10793	G	0
NC_045512.2	10794	T	0
NC_045512.2	10795	T	0
NC_045512.2	10796	G	0
NC_045512.2	10797	A	0
NC_045512.2	10798	C	0
NC_045512.2	10799	A	0
NC_045512.2	10800	T	0
NC_045512.2	10801	A	0
NC_045512.2	10802	C	0
NC_045512.2	10803	T	0
NC_045512.2	10804	A	0
NC_045512.2	10805	G	0
NC_045512.2	10806	G	0
NC_045512.2	10807	A	0
NC_045512.2	10808	C	0
NC_045512.2	10809	C	0
NC_045512.2	10810	T	0
NC_045512.2	10811	C	0
NC_045512.2	10812	T	0
NC_045512.2	10813	T	0
NC_045512.2	10814	T	0
NC_045512.2	10815	C	0
NC_045512.2	10816	T	0
NC_045512.2	10817	G	0
NC_045512.2	10818	C	0
NC_045512.2	10819	T	0
NC_045512.2	10820	C	0
NC_045512.2	10821	A	0
NC_045512.2	10822	A	0
NC_045512.2	10823	A	0
NC_045512.2	10824	C	0
NC_045512.2	10825	T	0
NC_045512.2	10826	G	0
NC_045512.2	10827	G	0
NC_045512.2	10828	A	0
NC_045512.2	10829	A	0
NC_045512.2	10830	T	0
NC_045512.2	10831	T	0
NC_045512.2	10832	G	0
NC_045512.2	10833	C	0
NC_045512.2	10834	C	0
NC_045512.2	10835	G	0
NC_045512.2	10836	T	0
NC_045512.2	10837	T	0
NC_045512.2	10838	T	0
NC_045512.2	10839	T	0
NC_045512.2	10840	A	0
NC_045512.2	10841	G	1
NC_045512.2	10842	A	1
NC_045512.2	10843	T	1
NC_045512.2	10844	A	1
NC_045512.2	10845	T	1
NC_045512.2	10846	G	1
NC_045512.2	10847	T	1
NC_045512.2	10848	G	1
NC_045512.2	10849	T	1
NC_045512.2	10850	G	1
NC_045512.2	10851	C	2
NC_045512.2	10852	T	2
NC_045512.2	10853	T	2
NC_045512.2	10854	C	2
NC_045512.2	10855	A	2
NC_045512.2	10856	T	2
NC_045512.2	10857	T	2
NC_045512.2	10858	A	1
NC_045512.2	10859	A	2
NC_045512.2	10860	A	2
NC_045512.2	10861	A	2
NC_045512.2	10862	G	3
NC_045512.2	10863	A	3
NC_045512.2	10864	A	3
NC_045512.2	10865	T	3
NC_045512.2	10866	T	3
NC_045512.2	10867	A	3
NC_045512.2	10868	C	5
NC_045512.2	10869	T	5
NC_045512.2	10870	G	5
NC_045512.2	10871	C	4
NC_045512.2	10872	A	4
NC_045512.2	10873	A	4
NC_045512.2	10874	A	3
NC_045512.2	10875	A	3
NC_045512.2	10876	T	4
NC_045512.2	10877	G	4
NC_045512.2	10878	G	4
NC_045512.2	10879	T	4
NC_045512.2	10880	A	4
NC_045512.2	10881	T	4
NC_045512.2	10882	G	4
NC_045512.2	10883	A	4
NC_045512.2	10884	A	4
NC_045512.2	10885	T	4
NC_045512.2	10886	G	4
NC_045512.2	10887	G	4
NC_045512.2	10888	A	3
NC_045512.2	10889	C	4
NC_045512.2	10890	G	4
NC_045512.2	10891	T	4
NC_045512.2	10892	A	3
NC_045512.2	10893	C	3
NC_045512.2	10894	C	3
NC_045512.2	10895	A	3
NC_045512.2	10896	T	3
NC_045512.2	10897	A	3
NC_045512.2	10898	T	1
NC_045512.2	10899	T	1
NC_045512.2	10900	G	1
NC_045512.2	10901	G	1
NC_045512.2	10902	G	1
NC_045512.2	10903	T	1
NC_045512.2	10904	A	1
NC_045512.2	10905	G	1
NC_045512.2	10906	T	3
NC_045512.2	10907	G	3
NC_045512.2	10908	C	3
NC_045512.2	10909	T	3
NC_045512.2	10910	T	3
NC_045512.2	10911	T	2
NC_045512.2	10912	A	2
NC_045512.2	10913	T	3
NC_045512.2	10914	T	3
NC_045512.2	10915	A	4
NC_045512.2	10916	G	4
NC_045512.2	10917	A	4
NC_045512.2	10918	A	4
NC_045512.2	10919	G	4
NC_045512.2	10920	A	4
NC_045512.2	10921	T	4
NC_045512.2	10922	G	4
NC_045512.2	10923	A	4
NC_045512.2	10924	A	4
NC_045512.2	10925	T	4
NC_045512.2	10926	T	4
NC_045512.2	10927	T	4
NC_045512.2	10928	A	5
NC_045512.2	10929	C	5
NC_045512.2	10930	A	5
NC_045512.2	10931	C	5
NC_045512.2	10932	C	5
NC_045512.2	10933	T	5
NC_045512.2	10934	T	5
NC_045512.2	10935	T	5
NC_045512.2	10936	T	3
NC_045512.2	10937	G	3
NC_045512.2	10938	A	3
NC_045512.2	10939	T	3
NC_045512.2	10940	G	3
NC_045512.2	10941	T	3
NC_045512.2	10942	T	3
NC_045512.2	10943	G	2
NC_045512.2	10944	T	2
NC_045512.2	10945	T	1
NC_045512.2	10946	A	1
NC_045512.2	10947	G	1
NC_045512.2	10948	A	1
NC_045512.2	10949	C	1
NC_045512.2	10950	A	1
NC_045512.2	10951	A	1
NC_045512.2	10952	T	1
NC_045512.2	10953	G	1
NC_045512.2	10954	C	1
NC_045512.2	10955	T	1
NC_045512.2	10956	C	1
NC_045512.2	10957	A	1
NC_045512.2	10958	G	1
NC_045512.2	10959	G	1
NC_045512.2	10960	T	1
NC_045512.2	10961	G	1
NC_045512.2	10962	T	1
NC_045512.2	10963	T	1
NC_045512.2	10964	A	1
NC_045512.2	10965	C	1
NC_045512.2	10966	T	1
NC_045512.2	10967	T	1
NC_045512.2	10968	T	1
NC_045512.2	10969	C	1
NC_045512.2	10970	C	1
NC_045512.2	10971	A	0
NC_045512.2	10972	A	0
NC_045512.2	10973	A	0
NC_045512.2	10974	G	0
NC_045512.2	10975	T	0
NC_045512.2	10976	G	0
NC_045512.2	10977	C	0
NC_045512.2	10978	A	0
NC_045512.2	10979	G	0
NC_045512.2	10980	T	0
NC_045512.2	10981	G	0
NC_045512.2	10982	A	0
NC_045512.2	10983	A	0
NC_045512.2	10984	A	0
NC_045512.2	10985	A	0
NC_045512.2	10986	G	0
NC_045512.2	10987	A	0
NC_045512.2	10988	A	0
NC_045512.2	10989	C	0
NC_045512.2	10990	A	0
NC_045512.2	10991	A	0
NC_045512.2	10992	T	0
NC_045512.2	10993	C	0
NC_045512.2	10994	A	0
NC_045512.2	10995	A	0
NC_045512.2	10996	G	0
NC_045512.2	10997	G	0
NC_045512.2	10998	G	0
NC_045512.2	10999	T	0
NC_045512.2	11000	A	0
NC_045512.2	11001	C	0
NC_045512.2	11002	A	0
NC_045512.2	11003	C	1
NC_045512.2	11004	A	1
NC_045512.2	11005	C	1
NC_045512.2	11006	C	0
NC_045512.2	11007	A	1
NC_045512.2	11008	C	0
NC_045512.2	11009	T	1
NC_045512.2	11010	G	1
NC_045512.2	11011	G	0
NC_045512.2	11012	T	1
NC_045512.2	11013	T	1
NC_045512.2	11014	G	1
NC_045512.2	11015	T	1
NC_045512.2	11016	T	1
NC_045512.2	11017	A	1
NC_045512.2	11018	C	1
NC_045512.2	11019	T	1
NC_045512.2	11020	C	1
NC_045512.2	11021	A	1
NC_045512.2	11022	C	1
NC_045512.2	11023	A	1
NC_045512.2	11024	A	1
NC_045512.2	11025	T	1
NC_045512.2	11026	T	1
NC_045512.2	11027	T	1
NC_045512.2	11028	T	1
NC_045512.2	11029	G	0
NC_045512.2	11030	A	1
NC_045512.2	11031	C	1
NC_045512.2	11032	T	1
NC_045512.2	11033	T	0
NC_045512.2	11034	C	0
NC_045512.2	11035	A	0
NC_045512.2	11036	C	0
NC_045512.2	11037	T	0
NC_045512.2	11038	T	0
NC_045512.2	11039	T	0
NC_045512.2	11040	T	0
NC_045512.2	11041	A	0
NC_045512.2	11042	G	0
NC_045512.2	11043	T	0
NC_045512.2	11044	T	0
NC_045512.2	11045	T	0
NC_045512.2	11046	T	0
NC_045512.2	11047	A	0
NC_045512.2	11048	G	0
NC_045512.2	11049	T	0
NC_045512.2	11050	C	0
NC_045512.2	11051	C	0
NC_045512.2	11052	A	0
NC_045512.2	11053	G	0
NC_045512.2	11054	A	0
NC_045512.2	11055	G	0
NC_045512.2	11056	T	0
NC_045512.2	11057	A	0
NC_045512.2	11058	C	0
NC_045512.2	11059	T	0
NC_045512.2	11060	C	0
NC_045512.2	11061	A	0
NC_045512.2	11062	A	0
NC_045512.2	11063	T	0
NC_045512.2	11064	G	0
NC_045512.2	11065	G	0
NC_045512.2	11066	T	0
NC_045512.2	11067	C	0
NC_045512.2	11068	T	0
NC_045512.2	11069	T	0
NC_045512.2	11070	T	0
NC_045512.2	11071	G	0
NC_045512.2	11072	T	0
NC_045512.2	11073	T	0
NC_045512.2	11074	C	0
NC_045512.2	11075	T	0
NC_045512.2	11076	T	0
NC_045512.2	11077	T	0
NC_045512.2	11078	T	0
NC_045512.2	11079	T	0
NC_045512.2	11080	T	0
NC_045512.2	11081	T	0
NC_045512.2	11082	T	0
NC_045512.2	11083	G	0
NC_045512.2	11084	T	0
NC_045512.2	11085	A	0
NC_045512.2	11086	T	0
NC_045512.2	11087	G	0
NC_045512.2	11088	A	0
NC_045512.2	11089	A	0
NC_045512.2	11090	A	0
NC_045512.2	11091	A	0
NC_045512.2	11092	T	0
NC_045512.2	11093	G	0
NC_045512.2	11094	C	0
NC_045512.2	11095	C	0
NC_045512.2	11096	T	0
NC_045512.2	11097	T	0
NC_045512.2	11098	T	0
NC_045512.2	11099	T	0
NC_045512.2	11100	T	0
NC_045512.2	11101	A	0
NC_045512.2	11102	C	0
NC_045512.2	11103	C	0
NC_045512.2	11104	T	0
NC_045512.2	11105	T	0
NC_045512.2	11106	T	0
NC_045512.2	11107	T	0
NC_045512.2	11108	G	0
NC_045512.2	11109	C	0
NC_045512.2	11110	T	0
NC_045512.2	11111	A	0
NC_045512.2	11112	T	0
NC_045512.2	11113	G	0
NC_045512.2	11114	G	0
NC_045512.2	11115	G	0
NC_045512.2	11116	T	0
NC_045512.2	11117	A	0
NC_045512.2	11118	T	0
NC_045512.2	11119	T	0
NC_045512.2	11120	A	0
NC_045512.2	11121	T	0
NC_045512.2	11122	T	0
NC_045512.2	11123	G	0
NC_045512.2	11124	C	0
NC_045512.2	11125	T	0
NC_045512.2	11126	A	0
NC_045512.2	11127	T	0
NC_045512.2	11128	G	1
NC_045512.2	11129	T	1
NC_045512.2	11130	C	1
NC_045512.2	11131	T	7
NC_045512.2	11132	G	8
NC_045512.2	11133	C	10
NC_045512.2	11134	T	10
NC_045512.2	11135	T	11
NC_045512.2	11136	T	11
NC_045512.2	11137	T	11
NC_045512.2	11138	G	12
NC_045512.2	11139	C	11
NC_045512.2	11140	A	10
NC_045512.2	11141	A	11
NC_045512.2	11142	T	12
NC_045512.2	11143	G	15
NC_045512.2	11144	A	14
NC_045512.2	11145	T	18
NC_045512.2	11146	G	16
NC_045512.2	11147	T	17
NC_045512.2	11148	T	18
NC_045512.2	11149	T	18
NC_045512.2	11150	G	18
NC_045512.2	11151	T	18
NC_045512.2	11152	C	18
NC_045512.2	11153	A	17
NC_045512.2	11154	A	16
NC_045512.2	11155	A	17
NC_045512.2	11156	C	17
NC_045512.2	11157	A	17
NC_045512.2	11158	T	19
NC_045512.2	11159	A	17
NC_045512.2	11160	A	18
NC_045512.2	11161	G	14
NC_045512.2	11162	C	15
NC_045512.2	11163	A	12
NC_045512.2	11164	T	15
NC_045512.2	11165	G	13
NC_045512.2	11166	C	14
NC_045512.2	11167	A	14
NC_045512.2	11168	T	17
NC_045512.2	11169	T	19
NC_045512.2	11170	T	18
NC_045512.2	11171	C	19
NC_045512.2	11172	T	19
NC_045512.2	11173	C	17
NC_045512.2	11174	T	19
NC_045512.2	11175	G	19
NC_045512.2	11176	T	25
NC_045512.2	11177	T	24
NC_045512.2	11178	T	30
NC_045512.2	11179	G	29
NC_045512.2	11180	T	28
NC_045512.2	11181	T	29
NC_045512.2	11182	T	28
NC_045512.2	11183	T	29
NC_045512.2	11184	T	28
NC_045512.2	11185	G	28
NC_045512.2	11186	T	30
NC_045512.2	11187	T	30
NC_045512.2	11188	A	29
NC_045512.2	11189	C	27
NC_045512.2	11190	C	24
NC_045512.2	11191	T	26
NC_045512.2	11192	T	26
NC_045512.2	11193	C	23
NC_045512.2	11194	T	23
NC_045512.2	11195	C	22
NC_045512.2	11196	T	24
NC_045512.2	11197	T	22
NC_045512.2	11198	G	21
NC_045512.2	11199	C	19
NC_045512.2	11200	C	18
NC_045512.2	11201	A	18
NC_045512.2	11202	C	20
NC_045512.2	11203	T	19
NC_045512.2	11204	G	21
NC_045512.2	11205	T	20
NC_045512.2	11206	A	17
NC_045512.2	11207	G	15
NC_045512.2	11208	C	11
NC_045512.2	11209	T	10
NC_045512.2	11210	T	12
NC_045512.2	11211	A	12
NC_045512.2	11212	T	17
NC_045512.2	11213	T	18
NC_045512.2	11214	T	17
NC_045512.2	11215	T	18
NC_045512.2	11216	A	18
NC_045512.2	11217	A	19
NC_045512.2	11218	T	18
NC_045512.2	11219	A	18
NC_045512.2	11220	T	19
NC_045512.2	11221	G	19
NC_045512.2	11222	G	18
NC_045512.2	11223	T	15
NC_045512.2	11224	C	17
NC_045512.2	11225	T	18
NC_045512.2	11226	A	25
NC_045512.2	11227	T	25
NC_045512.2	11228	A	26
NC_045512.2	11229	T	24
NC_045512.2	11230	G	26
NC_045512.2	11231	C	25
NC_045512.2	11232	C	22
NC_045512.2	11233	T	23
NC_045512.2	11234	G	23
NC_045512.2	11235	C	27
NC_045512.2	11236	T	30
NC_045512.2	11237	A	31
NC_045512.2	11238	G	31
NC_045512.2	11239	T	32
NC_045512.2	11240	T	32
NC_045512.2	11241	G	31
NC_045512.2	11242	G	26
NC_045512.2	11243	G	26
NC_045512.2	11244	T	29
NC_045512.2	11245	G	35
NC_045512.2	11246	A	35
NC_045512.2	11247	T	32
NC_045512.2	11248	G	33
NC_045512.2	11249	C	32
NC_045512.2	11250	G	33
NC_045512.2	11251	T	33
NC_045512.2	11252	A	33
NC_045512.2	11253	T	33
NC_045512.2	11254	T	30
NC_045512.2	11255	A	32
NC_045512.2	11256	T	23
NC_045512.2	11257	G	24
NC_045512.2	11258	A	23
NC_045512.2	11259	C	24
NC_045512.2	11260	A	23
NC_045512.2	11261	T	24
NC_045512.2	11262	G	22
NC_045512.2	11263	G	23
NC_045512.2	11264	T	23
NC_045512.2	11265	T	19
NC_045512.2	11266	G	17
NC_045512.2	11267	G	15
NC_045512.2	11268	A	13
NC_045512.2	11269	T	14
NC_045512.2	11270	A	13
NC_045512.2	11271	T	13
NC_045512.2	11272	G	14
NC_045512.2	11273	G	12
NC_045512.2	11274	T	11
NC_045512.2	11275	T	2
NC_045512.2	11276	G	2
NC_045512.2	11277	A	1
NC_045512.2	11278	T	0
NC_045512.2	11279	A	0
NC_045512.2	11280	C	0
NC_045512.2	11281	T	0
NC_045512.2	11282	A	0
NC_045512.2	11283	G	0
NC_045512.2	11284	T	0
NC_045512.2	11285	T	0
NC_045512.2	11286	T	0
NC_045512.2	11287	G	0
NC_045512.2	11288	T	0
NC_045512.2	11289	C	0
NC_045512.2	11290	T	0
NC_045512.2	11291	G	0
NC_045512.2	11292	G	0
NC_045512.2	11293	T	0
NC_045512.2	11294	T	0
NC_045512.2	11295	T	0
NC_045512.2	11296	T	0
NC_045512.2	11297	A	0
NC_045512.2	11298	A	0
NC_045512.2	11299	G	0
NC_045512.2	11300	C	0
NC_045512.2	11301	T	0
NC_045512.2	11302	A	0
NC_045512.2	11303	A	0
NC_045512.2	11304	A	0
NC_045512.2	11305	A	0
NC_045512.2	11306	G	0
NC_045512.2	11307	A	0
NC_045512.2	11308	C	0
NC_045512.2	11309	T	0
NC_045512.2	11310	G	0
NC_045512.2	11311	T	0
NC_045512.2	11312	G	0
NC_045512.2	11313	T	0
NC_045512.2	11314	T	0
NC_045512.2	11315	A	0
NC_045512.2	11316	T	0
NC_045512.2	11317	G	0
NC_045512.2	11318	T	0
NC_045512.2	11319	A	0
NC_045512.2	11320	T	0
NC_045512.2	11321	G	0
NC_045512.2	11322	C	0
NC_045512.2	11323	A	0
NC_045512.2	11324	T	0
NC_045512.2	11325	C	0
NC_045512.2	11326	A	0
NC_045512.2	11327	G	0
NC_045512.2	11328	C	0
NC_045512.2	11329	T	0
NC_045512.2	11330	G	0
NC_045512.2	11331	T	0
NC_045512.2	11332	A	0
NC_045512.2	11333	G	0
NC_045512.2	11334	T	0
NC_045512.2	11335	G	0
NC_045512.2	11336	T	0
NC_045512.2	11337	T	0
NC_045512.2	11338	A	0
NC_045512.2	11339	C	0
NC_045512.2	11340	T	0
NC_045512.2	11341	A	0
NC_045512.2	11342	A	0
NC_045512.2	11343	T	0
NC_045512.2	11344	C	0
NC_045512.2	11345	C	0
NC_045512.2	11346	T	0
NC_045512.2	11347	T	0
NC_045512.2	11348	A	0
NC_045512.2	11349	T	0
NC_045512.2	11350	G	0
NC_045512.2	11351	A	0
NC_045512.2	11352	C	0
NC_045512.2	11353	A	0
NC_045512.2	11354	G	0
NC_045512.2	11355	C	0
NC_045512.2	11356	A	0
NC_045512.2	11357	A	0
NC_045512.2	11358	G	0
NC_045512.2	11359	A	0
NC_045512.2	11360	A	0
NC_045512.2	11361	C	0
NC_045512.2	11362	T	0
NC_045512.2	11363	G	0
NC_045512.2	11364	T	0
NC_045512.2	11365	G	0
NC_045512.2	11366	T	0
NC_045512.2	11367	A	0
NC_045512.2	11368	T	0
NC_045512.2	11369	G	0
NC_045512.2	11370	A	0
NC_045512.2	11371	T	0
NC_045512.2	11372	G	0
NC_045512.2	11373	A	0
NC_045512.2	11374	T	0
NC_045512.2	11375	G	0
NC_045512.2	11376	G	0
NC_045512.2	11377	T	0
NC_045512.2	11378	G	0
NC_045512.2	11379	C	0
NC_045512.2	11380	T	0
NC_045512.2	11381	A	0
NC_045512.2	11382	G	0
NC_045512.2	11383	G	0
NC_045512.2	11384	A	0
NC_045512.2	11385	G	0
NC_045512.2	11386	A	0
NC_045512.2	11387	G	0
NC_045512.2	11388	T	0
NC_045512.2	11389	G	0
NC_045512.2	11390	T	0
NC_045512.2	11391	G	0
NC_045512.2	11392	G	0
NC_045512.2	11393	A	0
NC_045512.2	11394	C	0
NC_045512.2	11395	A	0
NC_045512.2	11396	C	0
NC_045512.2	11397	T	0
NC_045512.2	11398	T	0
NC_045512.2	11399	A	0
NC_045512.2	11400	T	0
NC_045512.2	11401	G	0
NC_045512.2	11402	A	0
NC_045512.2	11403	A	0
NC_045512.2	11404	T	0
NC_045512.2	11405	G	0
NC_045512.2	11406	T	0
NC_045512.2	11407	C	0
NC_045512.2	11408	T	0
NC_045512.2	11409	T	0
NC_045512.2	11410	G	0
NC_045512.2	11411	A	0
NC_045512.2	11412	C	0
NC_045512.2	11413	A	0
NC_045512.2	11414	C	0
NC_045512.2	11415	T	0
NC_045512.2	11416	C	0
NC_045512.2	11417	G	0
NC_045512.2	11418	T	0
NC_045512.2	11419	T	0
NC_045512.2	11420	T	0
NC_045512.2	11421	A	0
NC_045512.2	11422	T	0
NC_045512.2	11423	A	0
NC_045512.2	11424	A	0
NC_045512.2	11425	A	0
NC_045512.2	11426	G	0
NC_045512.2	11427	T	0
NC_045512.2	11428	T	0
NC_045512.2	11429	T	0
NC_045512.2	11430	A	0
NC_045512.2	11431	T	1
NC_045512.2	11432	T	1
NC_045512.2	11433	A	16
NC_045512.2	11434	T	14
NC_045512.2	11435	G	15
NC_045512.2	11436	G	23
NC_045512.2	11437	T	26
NC_045512.2	11438	A	33
NC_045512.2	11439	A	34
NC_045512.2	11440	T	38
NC_045512.2	11441	G	38
NC_045512.2	11442	C	40
NC_045512.2	11443	T	44
NC_045512.2	11444	T	45
NC_045512.2	11445	T	46
NC_045512.2	11446	A	48
NC_045512.2	11447	G	48
NC_045512.2	11448	A	65
NC_045512.2	11449	T	65
NC_045512.2	11450	C	63
NC_045512.2	11451	A	62
NC_045512.2	11452	A	65
NC_045512.2	11453	G	64
NC_045512.2	11454	C	65
NC_045512.2	11455	C	62
NC_045512.2	11456	A	68
NC_045512.2	11457	T	68
NC_045512.2	11458	T	73
NC_045512.2	11459	T	71
NC_045512.2	11460	C	73
NC_045512.2	11461	C	71
NC_045512.2	11462	A	71
NC_045512.2	11463	T	68
NC_045512.2	11464	G	70
NC_045512.2	11465	T	75
NC_045512.2	11466	G	75
NC_045512.2	11467	G	72
NC_045512.2	11468	G	69
NC_045512.2	11469	C	63
NC_045512.2	11470	T	59
NC_045512.2	11471	C	57
NC_045512.2	11472	T	58
NC_045512.2	11473	T	54
NC_045512.2	11474	A	54
NC_045512.2	11475	T	56
NC_045512.2	11476	A	54
NC_045512.2	11477	A	54
NC_045512.2	11478	T	42
NC_045512.2	11479	C	46
NC_045512.2	11480	T	47
NC_045512.2	11481	C	45
NC_045512.2	11482	T	45
NC_045512.2	11483	G	45
NC_045512.2	11484	T	49
NC_045512.2	11485	T	47
NC_045512.2	11486	A	39
NC_045512.2	11487	C	43
NC_045512.2	11488	T	41
NC_045512.2	11489	T	43
NC_045512.2	11490	C	44
NC_045512.2	11491	T	43
NC_045512.2	11492	A	42
NC_045512.2	11493	A	43
NC_045512.2	11494	C	39
NC_045512.2	11495	T	35
NC_045512.2	11496	A	33
NC_045512.2	11497	C	33
NC_045512.2	11498	T	38
NC_045512.2	11499	C	41
NC_045512.2	11500	A	41
NC_045512.2	11501	G	41
NC_045512.2	11502	G	41
NC_045512.2	11503	T	40
NC_045512.2	11504	G	35
NC_045512.2	11505	T	35
NC_045512.2	11506	A	37
NC_045512.2	11507	G	37
NC_045512.2	11508	T	38
NC_045512.2	11509	T	34
NC_045512.2	11510	A	34
NC_045512.2	11511	C	36
NC_045512.2	11512	A	36
NC_045512.2	11513	A	39
NC_045512.2	11514	C	32
NC_045512.2	11515	T	34
NC_045512.2	11516	G	33
NC_045512.2	11517	T	33
NC_045512.2	11518	C	32
NC_045512.2	11519	A	34
NC_045512.2	11520	T	33
NC_045512.2	11521	G	33
NC_045512.2	11522	T	32
NC_045512.2	11523	T	33
NC_045512.2	11524	T	33
NC_045512.2	11525	T	33
NC_045512.2	11526	T	34
NC_045512.2	11527	G	32
NC_045512.2	11528	G	28
NC_045512.2	11529	C	28
NC_045512.2	11530	C	30
NC_045512.2	11531	A	54
NC_045512.2	11532	G	54
NC_045512.2	11533	A	54
NC_045512.2	11534	G	58
NC_045512.2	11535	G	55
NC_045512.2	11536	T	53
NC_045512.2	11537	A	54
NC_045512.2	11538	T	54
NC_045512.2	11539	T	54
NC_045512.2	11540	G	54
NC_045512.2	11541	T	54
NC_045512.2	11542	T	54
NC_045512.2	11543	T	61
NC_045512.2	11544	T	63
NC_045512.2	11545	T	61
NC_045512.2	11546	A	60
NC_045512.2	11547	T	59
NC_045512.2	11548	G	59
NC_045512.2	11549	T	62
NC_045512.2	11550	G	61
NC_045512.2	11551	T	61
NC_045512.2	11552	G	61
NC_045512.2	11553	T	62
NC_045512.2	11554	T	61
NC_045512.2	11555	G	62
NC_045512.2	11556	A	60
NC_045512.2	11557	G	59
NC_045512.2	11558	T	60
NC_045512.2	11559	A	59
NC_045512.2	11560	T	58
NC_045512.2	11561	T	26
NC_045512.2	11562	G	21
NC_045512.2	11563	C	24
NC_045512.2	11564	C	24
NC_045512.2	11565	C	25
NC_045512.2	11566	T	24
NC_045512.2	11567	A	23
NC_045512.2	11568	T	23
NC_045512.2	11569	T	23
NC_045512.2	11570	T	23
NC_045512.2	11571	T	21
NC_045512.2	11572	C	22
NC_045512.2	11573	T	3
NC_045512.2	11574	T	3
NC_045512.2	11575	C	2
NC_045512.2	11576	A	3
NC_045512.2	11577	T	3
NC_045512.2	11578	A	3
NC_045512.2	11579	A	1
NC_045512.2	11580	C	1
NC_045512.2	11581	T	1
NC_045512.2	11582	G	0
NC_045512.2	11583	G	0
NC_045512.2	11584	T	1
NC_045512.2	11585	A	1
NC_045512.2	11586	A	1
NC_045512.2	11587	T	0
NC_045512.2	11588	A	0
NC_045512.2	11589	C	0
NC_045512.2	11590	A	0
NC_045512.2	11591	C	0
NC_045512.2	11592	T	0
NC_045512.2	11593	T	1
NC_045512.2	11594	C	1
NC_045512.2	11595	A	0
NC_045512.2	11596	G	1
NC_045512.2	11597	T	1
NC_045512.2	11598	G	1
NC_045512.2	11599	T	1
NC_045512.2	11600	A	0
NC_045512.2	11601	T	1
NC_045512.2	11602	A	0
NC_045512.2	11603	A	0
NC_045512.2	11604	T	1
NC_045512.2	11605	G	1
NC_045512.2	11606	C	2
NC_045512.2	11607	T	2
NC_045512.2	11608	A	1
NC_045512.2	11609	G	1
NC_045512.2	11610	T	2
NC_045512.2	11611	T	2
NC_045512.2	11612	T	2
NC_045512.2	11613	A	1
NC_045512.2	11614	T	2
NC_045512.2	11615	T	2
NC_045512.2	11616	G	1
NC_045512.2	11617	T	2
NC_045512.2	11618	T	2
NC_045512.2	11619	T	2
NC_045512.2	11620	C	2
NC_045512.2	11621	T	2
NC_045512.2	11622	T	1
NC_045512.2	11623	A	1
NC_045512.2	11624	G	1
NC_045512.2	11625	G	1
NC_045512.2	11626	C	1
NC_045512.2	11627	T	1
NC_045512.2	11628	A	1
NC_045512.2	11629	T	1
NC_045512.2	11630	T	1
NC_045512.2	11631	T	1
NC_045512.2	11632	T	1
NC_045512.2	11633	T	1
NC_045512.2	11634	G	1
NC_045512.2	11635	T	0
NC_045512.2	11636	A	0
NC_045512.2	11637	C	0
NC_045512.2	11638	T	0
NC_045512.2	11639	T	0
NC_045512.2	11640	G	0
NC_045512.2	11641	T	0
NC_045512.2	11642	T	0
NC_045512.2	11643	A	0
NC_045512.2	11644	C	0
NC_045512.2	11645	T	0
NC_045512.2	11646	T	0
NC_045512.2	11647	T	0
NC_045512.2	11648	G	0
NC_045512.2	11649	G	0
NC_045512.2	11650	C	0
NC_045512.2	11651	C	0
NC_045512.2	11652	T	0
NC_045512.2	11653	C	0
NC_045512.2	11654	T	0
NC_045512.2	11655	T	0
NC_045512.2	11656	T	0
NC_045512.2	11657	T	0
NC_045512.2	11658	G	0
NC_045512.2	11659	T	0
NC_045512.2	11660	T	0
NC_045512.2	11661	T	0
NC_045512.2	11662	A	0
NC_045512.2	11663	C	0
NC_045512.2	11664	T	0
NC_045512.2	11665	C	0
NC_045512.2	11666	A	0
NC_045512.2	11667	A	0
NC_045512.2	11668	C	0
NC_045512.2	11669	C	0
NC_045512.2	11670	G	0
NC_045512.2	11671	C	0
NC_045512.2	11672	T	0
NC_045512.2	11673	A	0
NC_045512.2	11674	C	0
NC_045512.2	11675	T	0
NC_045512.2	11676	T	0
NC_045512.2	11677	T	0
NC_045512.2	11678	A	0
NC_045512.2	11679	G	0
NC_045512.2	11680	A	0
NC_045512.2	11681	C	0
NC_045512.2	11682	T	0
NC_045512.2	11683	G	0
NC_045512.2	11684	A	0
NC_045512.2	11685	C	0
NC_045512.2	11686	T	0
NC_045512.2	11687	C	0
NC_045512.2	11688	T	0
NC_045512.2	11689	T	0
NC_045512.2	11690	G	0
NC_045512.2	11691	G	0
NC_045512.2	11692	T	0
NC_045512.2	11693	G	0
NC_045512.2	11694	T	0
NC_045512.2	11695	T	0
NC_045512.2	11696	T	0
NC_045512.2	11697	A	0
NC_045512.2	11698	T	0
NC_045512.2	11699	G	0
NC_045512.2	11700	A	0
NC_045512.2	11701	T	0
NC_045512.2	11702	T	0
NC_045512.2	11703	A	0
NC_045512.2	11704	C	0
NC_045512.2	11705	T	0
NC_045512.2	11706	T	0
NC_045512.2	11707	A	0
NC_045512.2	11708	G	0
NC_045512.2	11709	T	0
NC_045512.2	11710	T	0
NC_045512.2	11711	T	0
NC_045512.2	11712	C	0
NC_045512.2	11713	T	0
NC_045512.2	11714	A	0
NC_045512.2	11715	C	0
NC_045512.2	11716	A	0
NC_045512.2	11717	C	0
NC_045512.2	11718	A	0
NC_045512.2	11719	G	0
NC_045512.2	11720	G	0
NC_045512.2	11721	A	0
NC_045512.2	11722	G	0
NC_045512.2	11723	T	0
NC_045512.2	11724	T	0
NC_045512.2	11725	T	0
NC_045512.2	11726	A	0
NC_045512.2	11727	G	0
NC_045512.2	11728	A	0
NC_045512.2	11729	T	0
NC_045512.2	11730	A	0
NC_045512.2	11731	T	0
NC_045512.2	11732	A	0
NC_045512.2	11733	T	0
NC_045512.2	11734	G	0
NC_045512.2	11735	A	0
NC_045512.2	11736	A	0
NC_045512.2	11737	T	0
NC_045512.2	11738	T	0
NC_045512.2	11739	C	0
NC_045512.2	11740	A	0
NC_045512.2	11741	C	0
NC_045512.2	11742	A	0
NC_045512.2	11743	G	0
NC_045512.2	11744	G	0
NC_045512.2	11745	G	0
NC_045512.2	11746	A	0
NC_045512.2	11747	C	0
NC_045512.2	11748	T	0
NC_045512.2	11749	A	0
NC_045512.2	11750	C	0
NC_045512.2	11751	T	0
NC_045512.2	11752	C	0
NC_045512.2	11753	C	0
NC_045512.2	11754	C	0
NC_045512.2	11755	A	0
NC_045512.2	11756	C	0
NC_045512.2	11757	C	0
NC_045512.2	11758	C	1
NC_045512.2	11759	A	1
NC_045512.2	11760	A	1
NC_045512.2	11761	G	1
NC_045512.2	11762	A	1
NC_045512.2	11763	A	1
NC_045512.2	11764	T	1
NC_045512.2	11765	A	1
NC_045512.2	11766	G	1
NC_045512.2	11767	C	1
NC_045512.2	11768	A	1
NC_045512.2	11769	T	1
NC_045512.2	11770	A	1
NC_045512.2	11771	G	1
NC_045512.2	11772	A	1
NC_045512.2	11773	T	1
NC_045512.2	11774	G	1
NC_045512.2	11775	C	1
NC_045512.2	11776	C	1
NC_045512.2	11777	T	1
NC_045512.2	11778	T	1
NC_045512.2	11779	C	1
NC_045512.2	11780	A	1
NC_045512.2	11781	A	1
NC_045512.2	11782	A	1
NC_045512.2	11783	C	1
NC_045512.2	11784	T	1
NC_045512.2	11785	C	1
NC_045512.2	11786	A	1
NC_045512.2	11787	A	1
NC_045512.2	11788	C	0
NC_045512.2	11789	A	0
NC_045512.2	11790	T	0
NC_045512.2	11791	T	0
NC_045512.2	11792	A	1
NC_045512.2	11793	A	1
NC_045512.2	11794	A	2
NC_045512.2	11795	T	2
NC_045512.2	11796	T	2
NC_045512.2	11797	G	2
NC_045512.2	11798	T	2
NC_045512.2	11799	T	2
NC_045512.2	11800	G	2
NC_045512.2	11801	G	2
NC_045512.2	11802	G	2
NC_045512.2	11803	T	2
NC_045512.2	11804	G	2
NC_045512.2	11805	T	2
NC_045512.2	11806	T	2
NC_045512.2	11807	G	2
NC_045512.2	11808	G	2
NC_045512.2	11809	T	2
NC_045512.2	11810	G	2
NC_045512.2	11811	G	2
NC_045512.2	11812	C	2
NC_045512.2	11813	A	2
NC_045512.2	11814	A	2
NC_045512.2	11815	A	2
NC_045512.2	11816	C	2
NC_045512.2	11817	C	2
NC_045512.2	11818	T	2
NC_045512.2	11819	T	2
NC_045512.2	11820	G	2
NC_045512.2	11821	T	2
NC_045512.2	11822	A	1
NC_045512.2	11823	T	1
NC_045512.2	11824	C	1
NC_045512.2	11825	A	1
NC_045512.2	11826	A	1
NC_045512.2	11827	A	1
NC_045512.2	11828	G	1
NC_045512.2	11829	T	1
NC_045512.2	11830	A	0
NC_045512.2	11831	G	0
NC_045512.2	11832	C	0
NC_045512.2	11833	C	0
NC_045512.2	11834	A	0
NC_045512.2	11835	C	0
NC_045512.2	11836	T	0
NC_045512.2	11837	G	0
NC_045512.2	11838	T	0
NC_045512.2	11839	A	0
NC_045512.2	11840	C	0
NC_045512.2	11841	A	0
NC_045512.2	11842	G	0
NC_045512.2	11843	T	0
NC_045512.2	11844	C	0
NC_045512.2	11845	T	0
NC_045512.2	11846	A	0
NC_045512.2	11847	A	0
NC_045512.2	11848	A	0
NC_045512.2	11849	A	0
NC_045512.2	11850	T	0
NC_045512.2	11851	G	0
NC_045512.2	11852	T	0
NC_045512.2	11853	C	0
NC_045512.2	11854	A	0
NC_045512.2	11855	G	0
NC_045512.2	11856	A	0
NC_045512.2	11857	T	0
NC_045512.2	11858	G	0
NC_045512.2	11859	T	0
NC_045512.2	11860	A	0
NC_045512.2	11861	A	0
NC_045512.2	11862	A	0
NC_045512.2	11863	G	0
NC_045512.2	11864	T	0
NC_045512.2	11865	G	0
NC_045512.2	11866	C	0
NC_045512.2	11867	A	0
NC_045512.2	11868	C	0
NC_045512.2	11869	A	0
NC_045512.2	11870	T	0
NC_045512.2	11871	C	0
NC_045512.2	11872	A	0
NC_045512.2	11873	G	0
NC_045512.2	11874	T	0
NC_045512.2	11875	A	0
NC_045512.2	11876	G	0
NC_045512.2	11877	T	0
NC_045512.2	11878	C	0
NC_045512.2	11879	T	0
NC_045512.2	11880	T	0
NC_045512.2	11881	A	0
NC_045512.2	11882	C	0
NC_045512.2	11883	T	0
NC_045512.2	11884	C	0
NC_045512.2	11885	T	0
NC_045512.2	11886	C	0
NC_045512.2	11887	A	0
NC_045512.2	11888	G	0
NC_045512.2	11889	T	0
NC_045512.2	11890	T	0
NC_045512.2	11891	T	0
NC_045512.2	11892	T	0
NC_045512.2	11893	G	0
NC_045512.2	11894	C	0
NC_045512.2	11895	A	0
NC_045512.2	11896	A	0
NC_045512.2	11897	C	0
NC_045512.2	11898	A	0
NC_045512.2	11899	A	0
NC_045512.2	11900	C	0
NC_045512.2	11901	T	0
NC_045512.2	11902	C	0
NC_045512.2	11903	A	0
NC_045512.2	11904	G	0
NC_045512.2	11905	A	0
NC_045512.2	11906	G	0
NC_045512.2	11907	T	0
NC_045512.2	11908	A	0
NC_045512.2	11909	G	0
NC_045512.2	11910	A	0
NC_045512.2	11911	A	0
NC_045512.2	11912	T	0
NC_045512.2	11913	C	0
NC_045512.2	11914	A	0
NC_045512.2	11915	T	0
NC_045512.2	11916	C	0
NC_045512.2	11917	A	0
NC_045512.2	11918	T	0
NC_045512.2	11919	C	0
NC_045512.2	11920	T	0
NC_045512.2	11921	A	0
NC_045512.2	11922	A	0
NC_045512.2	11923	A	0
NC_045512.2	11924	T	0
NC_045512.2	11925	T	0
NC_045512.2	11926	G	0
NC_045512.2	11927	T	0
NC_045512.2	11928	G	0
NC_045512.2	11929	G	0
NC_045512.2	11930	G	0
NC_045512.2	11931	C	0
NC_045512.2	11932	T	0
NC_045512.2	11933	C	0
NC_045512.2	11934	A	0
NC_045512.2	11935	A	0
NC_045512.2	11936	T	0
NC_045512.2	11937	G	0
NC_045512.2	11938	T	0
NC_045512.2	11939	G	0
NC_045512.2	11940	T	0
NC_045512.2	11941	C	0
NC_045512.2	11942	C	0
NC_045512.2	11943	A	0
NC_045512.2	11944	G	0
NC_045512.2	11945	T	0
NC_045512.2	11946	T	0
NC_045512.2	11947	A	0
NC_045512.2	11948	C	0
NC_045512.2	11949	A	0
NC_045512.2	11950	C	0
NC_045512.2	11951	A	0
NC_045512.2	11952	A	0
NC_045512.2	11953	T	0
NC_045512.2	11954	G	0
NC_045512.2	11955	A	0
NC_045512.2	11956	C	0
NC_045512.2	11957	A	0
NC_045512.2	11958	T	0
NC_045512.2	11959	T	0
NC_045512.2	11960	C	0
NC_045512.2	11961	T	0
NC_045512.2	11962	C	0
NC_045512.2	11963	T	0
NC_045512.2	11964	T	0
NC_045512.2	11965	A	0
NC_045512.2	11966	G	0
NC_045512.2	11967	C	0
NC_045512.2	11968	T	0
NC_045512.2	11969	A	0
NC_045512.2	11970	A	0
NC_045512.2	11971	A	0
NC_045512.2	11972	G	0
NC_045512.2	11973	A	0
NC_045512.2	11974	T	0
NC_045512.2	11975	A	0
NC_045512.2	11976	C	0
NC_045512.2	11977	T	0
NC_045512.2	11978	A	0
NC_045512.2	11979	C	0
NC_045512.2	11980	T	0
NC_045512.2	11981	G	0
NC_045512.2	11982	A	0
NC_045512.2	11983	A	0
NC_045512.2	11984	G	0
NC_045512.2	11985	C	0
NC_045512.2	11986	C	0
NC_045512.2	11987	T	0
NC_045512.2	11988	T	0
NC_045512.2	11989	T	0
NC_045512.2	11990	G	0
NC_045512.2	11991	A	0
NC_045512.2	11992	A	0
NC_045512.2	11993	A	0
NC_045512.2	11994	A	0
NC_045512.2	11995	A	0
NC_045512.2	11996	A	0
NC_045512.2	11997	T	0
NC_045512.2	11998	G	0
NC_045512.2	11999	G	0
NC_045512.2	12000	T	0
NC_045512.2	12001	T	0
NC_045512.2	12002	T	0
NC_045512.2	12003	C	0
NC_045512.2	12004	A	0
NC_045512.2	12005	C	0
NC_045512.2	12006	T	0
NC_045512.2	12007	A	0
NC_045512.2	12008	C	0
NC_045512.2	12009	T	0
NC_045512.2	12010	T	0
NC_045512.2	12011	T	0
NC_045512.2	12012	C	0
NC_045512.2	12013	T	0
NC_045512.2	12014	G	0
NC_045512.2	12015	T	0
NC_045512.2	12016	T	0
NC_045512.2	12017	T	0
NC_045512.2	12018	T	0
NC_045512.2	12019	G	0
NC_045512.2	12020	C	0
NC_045512.2	12021	T	0
NC_045512.2	12022	T	0
NC_045512.2	12023	T	0
NC_045512.2	12024	C	0
NC_045512.2	12025	C	0
NC_045512.2	12026	A	0
NC_045512.2	12027	T	1
NC_045512.2	12028	G	1
NC_045512.2	12029	C	1
NC_045512.2	12030	A	1
NC_045512.2	12031	G	1
NC_045512.2	12032	G	1
NC_045512.2	12033	G	1
NC_045512.2	12034	T	1
NC_045512.2	12035	G	1
NC_045512.2	12036	C	1
NC_045512.2	12037	T	1
NC_045512.2	12038	G	1
NC_045512.2	12039	T	1
NC_045512.2	12040	A	1
NC_045512.2	12041	G	1
NC_045512.2	12042	A	1
NC_045512.2	12043	C	1
NC_045512.2	12044	A	1
NC_045512.2	12045	T	1
NC_045512.2	12046	A	1
NC_045512.2	12047	A	1
NC_045512.2	12048	A	1
NC_045512.2	12049	C	1
NC_045512.2	12050	A	2
NC_045512.2	12051	A	2
NC_045512.2	12052	G	2
NC_045512.2	12053	C	2
NC_045512.2	12054	T	2
NC_045512.2	12055	T	2
NC_045512.2	12056	T	2
NC_045512.2	12057	G	1
NC_045512.2	12058	T	1
NC_045512.2	12059	G	1
NC_045512.2	12060	A	1
NC_045512.2	12061	A	1
NC_045512.2	12062	G	1
NC_045512.2	12063	A	1
NC_045512.2	12064	A	2
NC_045512.2	12065	A	4
NC_045512.2	12066	T	4
NC_045512.2	12067	G	4
NC_045512.2	12068	C	6
NC_045512.2	12069	T	10
NC_045512.2	12070	G	9
NC_045512.2	12071	G	13
NC_045512.2	12072	A	14
NC_045512.2	12073	C	18
NC_045512.2	12074	A	19
NC_045512.2	12075	A	23
NC_045512.2	12076	C	24
NC_045512.2	12077	A	25
NC_045512.2	12078	G	24
NC_045512.2	12079	G	22
NC_045512.2	12080	G	24
NC_045512.2	12081	C	24
NC_045512.2	12082	A	26
NC_045512.2	12083	A	25
NC_045512.2	12084	C	24
NC_045512.2	12085	C	25
NC_045512.2	12086	T	26
NC_045512.2	12087	T	32
NC_045512.2	12088	A	31
NC_045512.2	12089	C	32
NC_045512.2	12090	A	32
NC_045512.2	12091	A	31
NC_045512.2	12092	G	40
NC_045512.2	12093	C	48
NC_045512.2	12094	T	48
NC_045512.2	12095	A	47
NC_045512.2	12096	T	48
NC_045512.2	12097	A	51
NC_045512.2	12098	G	47
NC_045512.2	12099	C	47
NC_045512.2	12100	C	48
NC_045512.2	12101	T	44
NC_045512.2	12102	C	44
NC_045512.2	12103	A	42
NC_045512.2	12104	G	41
NC_045512.2	12105	A	35
NC_045512.2	12106	G	36
NC_045512.2	12107	T	38
NC_045512.2	12108	T	38
NC_045512.2	12109	T	41
NC_045512.2	12110	A	41
NC_045512.2	12111	G	37
NC_045512.2	12112	T	37
NC_045512.2	12113	T	38
NC_045512.2	12114	C	36
NC_045512.2	12115	C	37
NC_045512.2	12116	C	35
NC_045512.2	12117	T	31
NC_045512.2	12118	T	31
NC_045512.2	12119	C	32
NC_045512.2	12120	C	34
NC_045512.2	12121	A	34
NC_045512.2	12122	T	28
NC_045512.2	12123	C	23
NC_045512.2	12124	A	23
NC_045512.2	12125	T	24
NC_045512.2	12126	A	24
NC_045512.2	12127	T	20
NC_045512.2	12128	G	23
NC_045512.2	12129	C	15
NC_045512.2	12130	A	17
NC_045512.2	12131	G	16
NC_045512.2	12132	C	15
NC_045512.2	12133	T	15
NC_045512.2	12134	T	15
NC_045512.2	12135	T	17
NC_045512.2	12136	T	16
NC_045512.2	12137	G	15
NC_045512.2	12138	C	14
NC_045512.2	12139	T	13
NC_045512.2	12140	A	13
NC_045512.2	12141	C	13
NC_045512.2	12142	T	13
NC_045512.2	12143	G	12
NC_045512.2	12144	C	11
NC_045512.2	12145	T	10
NC_045512.2	12146	C	10
NC_045512.2	12147	A	10
NC_045512.2	12148	A	10
NC_045512.2	12149	G	9
NC_045512.2	12150	A	9
NC_045512.2	12151	A	8
NC_045512.2	12152	G	8
NC_045512.2	12153	C	7
NC_045512.2	12154	T	6
NC_045512.2	12155	T	5
NC_045512.2	12156	A	8
NC_045512.2	12157	T	12
NC_045512.2	12158	G	24
NC_045512.2	12159	A	23
NC_045512.2	12160	G	24
NC_045512.2	12161	C	22
NC_045512.2	12162	A	24
NC_045512.2	12163	G	22
NC_045512.2	12164	G	23
NC_045512.2	12165	C	23
NC_045512.2	12166	T	23
NC_045512.2	12167	G	24
NC_045512.2	12168	T	40
NC_045512.2	12169	T	42
NC_045512.2	12170	G	40
NC_045512.2	12171	C	40
NC_045512.2	12172	T	41
NC_045512.2	12173	A	41
NC_045512.2	12174	A	41
NC_045512.2	12175	T	40
NC_045512.2	12176	G	41
NC_045512.2	12177	G	40
NC_045512.2	12178	T	46
NC_045512.2	12179	G	46
NC_045512.2	12180	A	52
NC_045512.2	12181	T	50
NC_045512.2	12182	T	50
NC_045512.2	12183	C	53
NC_045512.2	12184	T	53
NC_045512.2	12185	G	52
NC_045512.2	12186	A	52
NC_045512.2	12187	A	52
NC_045512.2	12188	G	36
NC_045512.2	12189	T	39
NC_045512.2	12190	T	39
NC_045512.2	12191	G	36
NC_045512.2	12192	T	39
NC_045512.2	12193	T	35
NC_045512.2	12194	C	36
NC_045512.2	12195	T	36
NC_045512.2	12196	T	37
NC_045512.2	12197	A	35
NC_045512.2	12198	A	15
NC_045512.2	12199	A	15
NC_045512.2	12200	A	15
NC_045512.2	12201	A	15
NC_045512.2	12202	G	14
NC_045512.2	12203	T	15
NC_045512.2	12204	T	15
NC_045512.2	12205	G	15
NC_045512.2	12206	A	15
NC_045512.2	12207	A	14
NC_045512.2	12208	G	7
NC_045512.2	12209	A	7
NC_045512.2	12210	A	2
NC_045512.2	12211	G	2
NC_045512.2	12212	T	2
NC_045512.2	12213	C	0
NC_045512.2	12214	T	0
NC_045512.2	12215	T	0
NC_045512.2	12216	T	0
NC_045512.2	12217	G	0
NC_045512.2	12218	A	0
NC_045512.2	12219	A	0
NC_045512.2	12220	T	0
NC_045512.2	12221	G	0
NC_045512.2	12222	T	0
NC_045512.2	12223	G	0
NC_045512.2	12224	G	0
NC_045512.2	12225	C	0
NC_045512.2	12226	T	0
NC_045512.2	12227	A	0
NC_045512.2	12228	A	0
NC_045512.2	12229	A	0
NC_045512.2	12230	T	0
NC_045512.2	12231	C	0
NC_045512.2	12232	T	0
NC_045512.2	12233	G	0
NC_045512.2	12234	A	0
NC_045512.2	12235	A	0
NC_045512.2	12236	T	0
NC_045512.2	12237	T	0
NC_045512.2	12238	T	0
NC_045512.2	12239	G	0
NC_045512.2	12240	A	0
NC_045512.2	12241	C	0
NC_045512.2	12242	C	0
NC_045512.2	12243	G	0
NC_045512.2	12244	T	0
NC_045512.2	12245	G	0
NC_045512.2	12246	A	0
NC_045512.2	12247	T	0
NC_045512.2	12248	G	0
NC_045512.2	12249	C	0
NC_045512.2	12250	A	0
NC_045512.2	12251	G	0
NC_045512.2	12252	C	0
NC_045512.2	12253	C	0
NC_045512.2	12254	A	0
NC_045512.2	12255	T	0
NC_045512.2	12256	G	0
NC_045512.2	12257	C	0
NC_045512.2	12258	A	0
NC_045512.2	12259	A	0
NC_045512.2	12260	C	0
NC_045512.2	12261	G	0
NC_045512.2	12262	T	0
NC_045512.2	12263	A	0
NC_045512.2	12264	A	0
NC_045512.2	12265	G	0
NC_045512.2	12266	T	0
NC_045512.2	12267	T	0
NC_045512.2	12268	G	0
NC_045512.2	12269	G	0
NC_045512.2	12270	A	0
NC_045512.2	12271	A	0
NC_045512.2	12272	A	0
NC_045512.2	12273	A	1
NC_045512.2	12274	G	1
NC_045512.2	12275	A	1
NC_045512.2	12276	T	1
NC_045512.2	12277	G	1
NC_045512.2	12278	G	1
NC_045512.2	12279	C	1
NC_045512.2	12280	T	1
NC_045512.2	12281	G	1
NC_045512.2	12282	A	1
NC_045512.2	12283	T	1
NC_045512.2	12284	C	1
NC_045512.2	12285	A	1
NC_045512.2	12286	A	1
NC_045512.2	12287	G	1
NC_045512.2	12288	C	1
NC_045512.2	12289	T	1
NC_045512.2	12290	A	1
NC_045512.2	12291	T	1
NC_045512.2	12292	G	1
NC_045512.2	12293	A	1
NC_045512.2	12294	C	1
NC_045512.2	12295	C	1
NC_045512.2	12296	C	1
NC_045512.2	12297	A	1
NC_045512.2	12298	A	1
NC_045512.2	12299	A	1
NC_045512.2	12300	T	1
NC_045512.2	12301	G	1
NC_045512.2	12302	T	1
NC_045512.2	12303	A	1
NC_045512.2	12304	T	1
NC_045512.2	12305	A	1
NC_045512.2	12306	A	1
NC_045512.2	12307	A	1
NC_045512.2	12308	C	1
NC_045512.2	12309	A	1
NC_045512.2	12310	G	1
NC_045512.2	12311	G	1
NC_045512.2	12312	C	1
NC_045512.2	12313	T	1
NC_045512.2	12314	A	1
NC_045512.2	12315	G	1
NC_045512.2	12316	A	1
NC_045512.2	12317	T	1
NC_045512.2	12318	C	1
NC_045512.2	12319	T	1
NC_045512.2	12320	G	1
NC_045512.2	12321	A	1
NC_045512.2	12322	G	1
NC_045512.2	12323	G	1
NC_045512.2	12324	A	1
NC_045512.2	12325	C	1
NC_045512.2	12326	A	1
NC_045512.2	12327	A	1
NC_045512.2	12328	G	1
NC_045512.2	12329	A	1
NC_045512.2	12330	G	1
NC_045512.2	12331	G	1
NC_045512.2	12332	G	1
NC_045512.2	12333	C	0
NC_045512.2	12334	A	0
NC_045512.2	12335	A	0
NC_045512.2	12336	A	0
NC_045512.2	12337	A	0
NC_045512.2	12338	G	1
NC_045512.2	12339	T	1
NC_045512.2	12340	T	1
NC_045512.2	12341	A	1
NC_045512.2	12342	C	1
NC_045512.2	12343	T	1
NC_045512.2	12344	A	1
NC_045512.2	12345	G	1
NC_045512.2	12346	T	1
NC_045512.2	12347	G	1
NC_045512.2	12348	C	1
NC_045512.2	12349	T	1
NC_045512.2	12350	A	1
NC_045512.2	12351	T	1
NC_045512.2	12352	G	1
NC_045512.2	12353	C	1
NC_045512.2	12354	A	1
NC_045512.2	12355	G	1
NC_045512.2	12356	A	1
NC_045512.2	12357	C	1
NC_045512.2	12358	A	1
NC_045512.2	12359	A	1
NC_045512.2	12360	T	1
NC_045512.2	12361	G	1
NC_045512.2	12362	C	1
NC_045512.2	12363	T	1
NC_045512.2	12364	T	1
NC_045512.2	12365	T	3
NC_045512.2	12366	T	3
NC_045512.2	12367	C	3
NC_045512.2	12368	A	2
NC_045512.2	12369	C	2
NC_045512.2	12370	T	2
NC_045512.2	12371	A	3
NC_045512.2	12372	T	5
NC_045512.2	12373	G	4
NC_045512.2	12374	C	5
NC_045512.2	12375	T	6
NC_045512.2	12376	T	6
NC_045512.2	12377	A	6
NC_045512.2	12378	G	6
NC_045512.2	12379	A	6
NC_045512.2	12380	A	6
NC_045512.2	12381	A	6
NC_045512.2	12382	G	6
NC_045512.2	12383	T	6
NC_045512.2	12384	T	6
NC_045512.2	12385	G	6
NC_045512.2	12386	G	6
NC_045512.2	12387	A	6
NC_045512.2	12388	T	6
NC_045512.2	12389	A	6
NC_045512.2	12390	A	6
NC_045512.2	12391	T	6
NC_045512.2	12392	G	5
NC_045512.2	12393	A	6
NC_045512.2	12394	T	6
NC_045512.2	12395	G	4
NC_045512.2	12396	C	4
NC_045512.2	12397	A	4
NC_045512.2	12398	C	5
NC_045512.2	12399	T	5
NC_045512.2	12400	C	5
NC_045512.2	12401	A	4
NC_045512.2	12402	A	2
NC_045512.2	12403	C	2
NC_045512.2	12404	A	2
NC_045512.2	12405	A	1
NC_045512.2	12406	C	2
NC_045512.2	12407	A	1
NC_045512.2	12408	T	2
NC_045512.2	12409	T	1
NC_045512.2	12410	A	2
NC_045512.2	12411	T	1
NC_045512.2	12412	C	2
NC_045512.2	12413	A	1
NC_045512.2	12414	A	3
NC_045512.2	12415	C	3
NC_045512.2	12416	A	3
NC_045512.2	12417	A	2
NC_045512.2	12418	T	2
NC_045512.2	12419	G	3
NC_045512.2	12420	C	2
NC_045512.2	12421	A	2
NC_045512.2	12422	A	2
NC_045512.2	12423	G	2
NC_045512.2	12424	A	3
NC_045512.2	12425	G	3
NC_045512.2	12426	A	3
NC_045512.2	12427	T	3
NC_045512.2	12428	G	2
NC_045512.2	12429	G	2
NC_045512.2	12430	T	2
NC_045512.2	12431	T	2
NC_045512.2	12432	G	2
NC_045512.2	12433	T	3
NC_045512.2	12434	G	3
NC_045512.2	12435	T	3
NC_045512.2	12436	T	4
NC_045512.2	12437	C	4
NC_045512.2	12438	C	4
NC_045512.2	12439	C	4
NC_045512.2	12440	T	4
NC_045512.2	12441	T	4
NC_045512.2	12442	G	4
NC_045512.2	12443	A	4
NC_045512.2	12444	A	3
NC_045512.2	12445	C	3
NC_045512.2	12446	A	3
NC_045512.2	12447	T	3
NC_045512.2	12448	A	3
NC_045512.2	12449	A	3
NC_045512.2	12450	T	3
NC_045512.2	12451	A	2
NC_045512.2	12452	C	3
NC_045512.2	12453	C	2
NC_045512.2	12454	T	3
NC_045512.2	12455	C	3
NC_045512.2	12456	T	3
NC_045512.2	12457	T	4
NC_045512.2	12458	A	3
NC_045512.2	12459	C	4
NC_045512.2	12460	A	4
NC_045512.2	12461	A	4
NC_045512.2	12462	C	4
NC_045512.2	12463	A	3
NC_045512.2	12464	G	3
NC_045512.2	12465	C	3
NC_045512.2	12466	A	2
NC_045512.2	12467	G	2
NC_045512.2	12468	C	2
NC_045512.2	12469	C	2
NC_045512.2	12470	A	2
NC_045512.2	12471	A	3
NC_045512.2	12472	A	3
NC_045512.2	12473	C	3
NC_045512.2	12474	T	4
NC_045512.2	12475	A	4
NC_045512.2	12476	A	4
NC_045512.2	12477	T	4
NC_045512.2	12478	G	4
NC_045512.2	12479	G	4
NC_045512.2	12480	T	5
NC_045512.2	12481	T	5
NC_045512.2	12482	G	5
NC_045512.2	12483	T	5
NC_045512.2	12484	C	6
NC_045512.2	12485	A	7
NC_045512.2	12486	T	7
NC_045512.2	12487	A	7
NC_045512.2	12488	C	7
NC_045512.2	12489	C	6
NC_045512.2	12490	A	5
NC_045512.2	12491	G	6
NC_045512.2	12492	A	6
NC_045512.2	12493	C	6
NC_045512.2	12494	T	6
NC_045512.2	12495	A	6
NC_045512.2	12496	T	5
NC_045512.2	12497	A	5
NC_045512.2	12498	A	6
NC_045512.2	12499	C	6
NC_045512.2	12500	A	6
NC_045512.2	12501	C	5
NC_045512.2	12502	A	5
NC_045512.2	12503	T	5
NC_045512.2	12504	A	4
NC_045512.2	12505	T	4
NC_045512.2	12506	A	4
NC_045512.2	12507	A	4
NC_045512.2	12508	A	4
NC_045512.2	12509	A	4
NC_045512.2	12510	A	3
NC_045512.2	12511	T	3
NC_045512.2	12512	A	2
NC_045512.2	12513	C	3
NC_045512.2	12514	G	2
NC_045512.2	12515	T	0
NC_045512.2	12516	G	0
NC_045512.2	12517	T	0
NC_045512.2	12518	G	0
NC_045512.2	12519	A	0
NC_045512.2	12520	T	0
NC_045512.2	12521	G	0
NC_045512.2	12522	G	0
NC_045512.2	12523	T	0
NC_045512.2	12524	A	0
NC_045512.2	12525	C	0
NC_045512.2	12526	A	0
NC_045512.2	12527	A	0
NC_045512.2	12528	C	0
NC_045512.2	12529	A	0
NC_045512.2	12530	T	0
NC_045512.2	12531	T	0
NC_045512.2	12532	T	0
NC_045512.2	12533	A	0
NC_045512.2	12534	C	0
NC_045512.2	12535	T	0
NC_045512.2	12536	T	0
NC_045512.2	12537	A	0
NC_045512.2	12538	T	0
NC_045512.2	12539	G	0
NC_045512.2	12540	C	0
NC_045512.2	12541	A	0
NC_045512.2	12542	T	0
NC_045512.2	12543	C	0
NC_045512.2	12544	A	0
NC_045512.2	12545	G	0
NC_045512.2	12546	C	0
NC_045512.2	12547	A	0
NC_045512.2	12548	T	0
NC_045512.2	12549	T	0
NC_045512.2	12550	G	0
NC_045512.2	12551	T	0
NC_045512.2	12552	G	0
NC_045512.2	12553	G	0
NC_045512.2	12554	G	0
NC_045512.2	12555	A	0
NC_045512.2	12556	A	0
NC_045512.2	12557	A	0
NC_045512.2	12558	T	0
NC_045512.2	12559	C	0
NC_045512.2	12560	C	0
NC_045512.2	12561	A	0
NC_045512.2	12562	A	0
NC_045512.2	12563	C	0
NC_045512.2	12564	A	0
NC_045512.2	12565	G	0
NC_045512.2	12566	G	0
NC_045512.2	12567	T	0
NC_045512.2	12568	T	1
NC_045512.2	12569	G	1
NC_045512.2	12570	T	1
NC_045512.2	12571	A	1
NC_045512.2	12572	G	1
NC_045512.2	12573	A	1
NC_045512.2	12574	T	1
NC_045512.2	12575	G	1
NC_045512.2	12576	C	1
NC_045512.2	12577	A	1
NC_045512.2	12578	G	1
NC_045512.2	12579	A	1
NC_045512.2	12580	T	1
NC_045512.2	12581	A	1
NC_045512.2	12582	G	1
NC_045512.2	12583	T	1
NC_045512.2	12584	A	1
NC_045512.2	12585	A	1
NC_045512.2	12586	A	1
NC_045512.2	12587	A	1
NC_045512.2	12588	T	1
NC_045512.2	12589	T	1
NC_045512.2	12590	G	1
NC_045512.2	12591	T	1
NC_045512.2	12592	T	1
NC_045512.2	12593	C	1
NC_045512.2	12594	A	1
NC_045512.2	12595	A	1
NC_045512.2	12596	C	1
NC_045512.2	12597	T	1
NC_045512.2	12598	T	1
NC_045512.2	12599	A	1
NC_045512.2	12600	G	1
NC_045512.2	12601	T	1
NC_045512.2	12602	G	1
NC_045512.2	12603	A	1
NC_045512.2	12604	A	1
NC_045512.2	12605	A	0
NC_045512.2	12606	T	1
NC_045512.2	12607	T	1
NC_045512.2	12608	A	1
NC_045512.2	12609	G	1
NC_045512.2	12610	T	1
NC_045512.2	12611	A	1
NC_045512.2	12612	T	1
NC_045512.2	12613	G	1
NC_045512.2	12614	G	1
NC_045512.2	12615	A	1
NC_045512.2	12616	C	1
NC_045512.2	12617	A	1
NC_045512.2	12618	A	1
NC_045512.2	12619	T	1
NC_045512.2	12620	T	1
NC_045512.2	12621	C	1
NC_045512.2	12622	A	0
NC_045512.2	12623	C	0
NC_045512.2	12624	C	0
NC_045512.2	12625	T	0
NC_045512.2	12626	A	0
NC_045512.2	12627	A	0
NC_045512.2	12628	T	0
NC_045512.2	12629	T	0
NC_045512.2	12630	T	0
NC_045512.2	12631	A	0
NC_045512.2	12632	G	0
NC_045512.2	12633	C	0
NC_045512.2	12634	A	0
NC_045512.2	12635	T	0
NC_045512.2	12636	G	0
NC_045512.2	12637	G	0
NC_045512.2	12638	C	0
NC_045512.2	12639	C	0
NC_045512.2	12640	T	0
NC_045512.2	12641	C	0
NC_045512.2	12642	T	0
NC_045512.2	12643	T	0
NC_045512.2	12644	A	0
NC_045512.2	12645	T	0
NC_045512.2	12646	T	0
NC_045512.2	12647	G	0
NC_045512.2	12648	T	12
NC_045512.2	12649	A	14
NC_045512.2	12650	A	14
NC_045512.2	12651	C	13
NC_045512.2	12652	A	14
NC_045512.2	12653	G	15
NC_045512.2	12654	C	17
NC_045512.2	12655	T	18
NC_045512.2	12656	T	18
NC_045512.2	12657	T	18
NC_045512.2	12658	A	18
NC_045512.2	12659	A	18
NC_045512.2	12660	G	18
NC_045512.2	12661	G	23
NC_045512.2	12662	G	22
NC_045512.2	12663	C	23
NC_045512.2	12664	C	25
NC_045512.2	12665	A	25
NC_045512.2	12666	A	30
NC_045512.2	12667	T	29
NC_045512.2	12668	T	28
NC_045512.2	12669	C	28
NC_045512.2	12670	T	30
NC_045512.2	12671	G	27
NC_045512.2	12672	C	29
NC_045512.2	12673	T	30
NC_045512.2	12674	G	29
NC_045512.2	12675	T	29
NC_045512.2	12676	C	29
NC_045512.2	12677	A	30
NC_045512.2	12678	A	23
NC_045512.2	12679	A	24
NC_045512.2	12680	T	24
NC_045512.2	12681	T	24
NC_045512.2	12682	A	25
NC_045512.2	12683	C	23
NC_045512.2	12684	A	22
NC_045512.2	12685	G	20
NC_045512.2	12686	A	24
NC_045512.2	12687	A	22
NC_045512.2	12688	T	26
NC_045512.2	12689	A	22
NC_045512.2	12690	A	24
NC_045512.2	12691	T	18
NC_045512.2	12692	G	18
NC_045512.2	12693	A	18
NC_045512.2	12694	G	18
NC_045512.2	12695	C	17
NC_045512.2	12696	T	14
NC_045512.2	12697	T	13
NC_045512.2	12698	A	14
NC_045512.2	12699	G	14
NC_045512.2	12700	T	12
NC_045512.2	12701	C	15
NC_045512.2	12702	C	15
NC_045512.2	12703	T	15
NC_045512.2	12704	G	14
NC_045512.2	12705	T	13
NC_045512.2	12706	T	13
NC_045512.2	12707	G	15
NC_045512.2	12708	C	12
NC_045512.2	12709	A	12
NC_045512.2	12710	C	12
NC_045512.2	12711	T	21
NC_045512.2	12712	A	22
NC_045512.2	12713	C	22
NC_045512.2	12714	G	22
NC_045512.2	12715	A	22
NC_045512.2	12716	C	19
NC_045512.2	12717	A	19
NC_045512.2	12718	G	20
NC_045512.2	12719	A	19
NC_045512.2	12720	T	18
NC_045512.2	12721	G	19
NC_045512.2	12722	T	17
NC_045512.2	12723	C	19
NC_045512.2	12724	T	18
NC_045512.2	12725	T	20
NC_045512.2	12726	G	20
NC_045512.2	12727	T	20
NC_045512.2	12728	G	21
NC_045512.2	12729	C	23
NC_045512.2	12730	T	27
NC_045512.2	12731	G	27
NC_045512.2	12732	C	27
NC_045512.2	12733	C	25
NC_045512.2	12734	G	26
NC_045512.2	12735	G	31
NC_045512.2	12736	T	33
NC_045512.2	12737	A	35
NC_045512.2	12738	C	35
NC_045512.2	12739	T	36
NC_045512.2	12740	A	38
NC_045512.2	12741	C	28
NC_045512.2	12742	A	28
NC_045512.2	12743	C	28
NC_045512.2	12744	A	29
NC_045512.2	12745	A	30
NC_045512.2	12746	A	31
NC_045512.2	12747	C	33
NC_045512.2	12748	T	33
NC_045512.2	12749	G	34
NC_045512.2	12750	C	31
NC_045512.2	12751	T	32
NC_045512.2	12752	T	35
NC_045512.2	12753	G	34
NC_045512.2	12754	C	35
NC_045512.2	12755	A	32
NC_045512.2	12756	C	34
NC_045512.2	12757	T	35
NC_045512.2	12758	G	36
NC_045512.2	12759	A	35
NC_045512.2	12760	T	30
NC_045512.2	12761	G	29
NC_045512.2	12762	A	31
NC_045512.2	12763	C	30
NC_045512.2	12764	A	32
NC_045512.2	12765	A	24
NC_045512.2	12766	T	24
NC_045512.2	12767	G	23
NC_045512.2	12768	C	23
NC_045512.2	12769	G	23
NC_045512.2	12770	T	19
NC_045512.2	12771	T	19
NC_045512.2	12772	A	17
NC_045512.2	12773	G	19
NC_045512.2	12774	C	19
NC_045512.2	12775	T	16
NC_045512.2	12776	T	14
NC_045512.2	12777	A	12
NC_045512.2	12778	C	13
NC_045512.2	12779	T	13
NC_045512.2	12780	A	13
NC_045512.2	12781	C	13
NC_045512.2	12782	A	13
NC_045512.2	12783	A	13
NC_045512.2	12784	C	13
NC_045512.2	12785	A	11
NC_045512.2	12786	C	10
NC_045512.2	12787	A	3
NC_045512.2	12788	A	3
NC_045512.2	12789	C	3
NC_045512.2	12790	A	3
NC_045512.2	12791	A	2
NC_045512.2	12792	A	2
NC_045512.2	12793	G	2
NC_045512.2	12794	G	1
NC_045512.2	12795	G	1
NC_045512.2	12796	A	1
NC_045512.2	12797	G	1
NC_045512.2	12798	G	1
NC_045512.2	12799	T	1
NC_045512.2	12800	A	1
NC_045512.2	12801	G	1
NC_045512.2	12802	G	1
NC_045512.2	12803	T	1
NC_045512.2	12804	T	1
NC_045512.2	12805	T	1
NC_045512.2	12806	G	1
NC_045512.2	12807	T	1
NC_045512.2	12808	A	1
NC_045512.2	12809	C	0
NC_045512.2	12810	T	0
NC_045512.2	12811	T	0
NC_045512.2	12812	G	0
NC_045512.2	12813	C	0
NC_045512.2	12814	A	0
NC_045512.2	12815	C	0
NC_045512.2	12816	T	0
NC_045512.2	12817	G	0
NC_045512.2	12818	T	0
NC_045512.2	12819	T	0
NC_045512.2	12820	A	0
NC_045512.2	12821	T	0
NC_045512.2	12822	C	0
NC_045512.2	12823	C	0
NC_045512.2	12824	G	0
NC_045512.2	12825	A	0
NC_045512.2	12826	T	0
NC_045512.2	12827	T	0
NC_045512.2	12828	T	0
NC_045512.2	12829	A	0
NC_045512.2	12830	C	0
NC_045512.2	12831	A	0
NC_045512.2	12832	G	0
NC_045512.2	12833	G	0
NC_045512.2	12834	A	0
NC_045512.2	12835	T	0
NC_045512.2	12836	T	0
NC_045512.2	12837	T	0
NC_045512.2	12838	G	0
NC_045512.2	12839	A	0
NC_045512.2	12840	A	0
NC_045512.2	12841	A	0
NC_045512.2	12842	T	0
NC_045512.2	12843	G	0
NC_045512.2	12844	G	0
NC_045512.2	12845	G	0
NC_045512.2	12846	C	0
NC_045512.2	12847	T	0
NC_045512.2	12848	A	0
NC_045512.2	12849	G	0
NC_045512.2	12850	A	0
NC_045512.2	12851	T	0
NC_045512.2	12852	T	0
NC_045512.2	12853	C	0
NC_045512.2	12854	C	0
NC_045512.2	12855	C	0
NC_045512.2	12856	T	0
NC_045512.2	12857	A	0
NC_045512.2	12858	A	0
NC_045512.2	12859	G	0
NC_045512.2	12860	A	0
NC_045512.2	12861	G	0
NC_045512.2	12862	T	0
NC_045512.2	12863	G	0
NC_045512.2	12864	A	0
NC_045512.2	12865	T	0
NC_045512.2	12866	G	0
NC_045512.2	12867	G	0
NC_045512.2	12868	A	0
NC_045512.2	12869	A	0
NC_045512.2	12870	C	0
NC_045512.2	12871	T	0
NC_045512.2	12872	G	0
NC_045512.2	12873	G	0
NC_045512.2	12874	T	0
NC_045512.2	12875	A	0
NC_045512.2	12876	C	0
NC_045512.2	12877	T	0
NC_045512.2	12878	A	0
NC_045512.2	12879	T	0
NC_045512.2	12880	C	0
NC_045512.2	12881	T	0
NC_045512.2	12882	A	0
NC_045512.2	12883	T	0
NC_045512.2	12884	A	0
NC_045512.2	12885	C	0
NC_045512.2	12886	A	0
NC_045512.2	12887	G	0
NC_045512.2	12888	A	0
NC_045512.2	12889	A	0
NC_045512.2	12890	C	0
NC_045512.2	12891	T	0
NC_045512.2	12892	G	0
NC_045512.2	12893	G	0
NC_045512.2	12894	A	0
NC_045512.2	12895	A	0
NC_045512.2	12896	C	0
NC_045512.2	12897	C	0
NC_045512.2	12898	A	0
NC_045512.2	12899	C	0
NC_045512.2	12900	C	0
NC_045512.2	12901	T	0
NC_045512.2	12902	T	0
NC_045512.2	12903	G	0
NC_045512.2	12904	T	0
NC_045512.2	12905	A	0
NC_045512.2	12906	G	0
NC_045512.2	12907	G	0
NC_045512.2	12908	T	0
NC_045512.2	12909	T	0
NC_045512.2	12910	T	0
NC_045512.2	12911	G	0
NC_045512.2	12912	T	0
NC_045512.2	12913	T	0
NC_045512.2	12914	A	0
NC_045512.2	12915	C	0
NC_045512.2	12916	A	0
NC_045512.2	12917	G	0
NC_045512.2	12918	A	0
NC_045512.2	12919	C	0
NC_045512.2	12920	A	0
NC_045512.2	12921	C	0
NC_045512.2	12922	A	0
NC_045512.2	12923	C	0
NC_045512.2	12924	C	0
NC_045512.2	12925	T	0
NC_045512.2	12926	A	0
NC_045512.2	12927	A	0
NC_045512.2	12928	A	0
NC_045512.2	12929	G	0
NC_045512.2	12930	G	0
NC_045512.2	12931	T	0
NC_045512.2	12932	C	0
NC_045512.2	12933	C	0
NC_045512.2	12934	T	0
NC_045512.2	12935	A	0
NC_045512.2	12936	A	0
NC_045512.2	12937	A	0
NC_045512.2	12938	G	0
NC_045512.2	12939	T	0
NC_045512.2	12940	G	0
NC_045512.2	12941	A	0
NC_045512.2	12942	A	0
NC_045512.2	12943	G	0
NC_045512.2	12944	T	0
NC_045512.2	12945	A	0
NC_045512.2	12946	T	0
NC_045512.2	12947	T	0
NC_045512.2	12948	T	0
NC_045512.2	12949	A	0
NC_045512.2	12950	T	0
NC_045512.2	12951	A	0
NC_045512.2	12952	C	0
NC_045512.2	12953	T	0
NC_045512.2	12954	T	0
NC_045512.2	12955	T	0
NC_045512.2	12956	A	0
NC_045512.2	12957	T	0
NC_045512.2	12958	T	0
NC_045512.2	12959	A	0
NC_045512.2	12960	A	1
NC_045512.2	12961	A	1
NC_045512.2	12962	G	1
NC_045512.2	12963	G	1
NC_045512.2	12964	A	6
NC_045512.2	12965	T	7
NC_045512.2	12966	T	8
NC_045512.2	12967	A	8
NC_045512.2	12968	A	7
NC_045512.2	12969	A	8
NC_045512.2	12970	C	9
NC_045512.2	12971	A	9
NC_045512.2	12972	A	10
NC_045512.2	12973	C	10
NC_045512.2	12974	C	26
NC_045512.2	12975	T	25
NC_045512.2	12976	A	25
NC_045512.2	12977	A	26
NC_045512.2	12978	A	24
NC_045512.2	12979	T	26
NC_045512.2	12980	A	29
NC_045512.2	12981	G	27
NC_045512.2	12982	A	27
NC_045512.2	12983	G	30
NC_045512.2	12984	G	28
NC_045512.2	12985	T	29
NC_045512.2	12986	A	30
NC_045512.2	12987	T	30
NC_045512.2	12988	G	29
NC_045512.2	12989	G	30
NC_045512.2	12990	T	31
NC_045512.2	12991	A	33
NC_045512.2	12992	C	32
NC_045512.2	12993	T	33
NC_045512.2	12994	T	29
NC_045512.2	12995	G	29
NC_045512.2	12996	G	26
NC_045512.2	12997	T	31
NC_045512.2	12998	A	33
NC_045512.2	12999	G	36
NC_045512.2	13000	T	35
NC_045512.2	13001	T	35
NC_045512.2	13002	T	34
NC_045512.2	13003	A	33
NC_045512.2	13004	G	20
NC_045512.2	13005	C	21
NC_045512.2	13006	T	20
NC_045512.2	13007	G	18
NC_045512.2	13008	C	25
NC_045512.2	13009	C	24
NC_045512.2	13010	A	24
NC_045512.2	13011	C	23
NC_045512.2	13012	A	23
NC_045512.2	13013	G	23
NC_045512.2	13014	T	19
NC_045512.2	13015	A	20
NC_045512.2	13016	C	21
NC_045512.2	13017	G	21
NC_045512.2	13018	T	24
NC_045512.2	13019	C	21
NC_045512.2	13020	T	24
NC_045512.2	13021	A	24
NC_045512.2	13022	C	24
NC_045512.2	13023	A	25
NC_045512.2	13024	A	26
NC_045512.2	13025	G	25
NC_045512.2	13026	C	32
NC_045512.2	13027	T	29
NC_045512.2	13028	G	29
NC_045512.2	13029	G	28
NC_045512.2	13030	T	30
NC_045512.2	13031	A	34
NC_045512.2	13032	A	34
NC_045512.2	13033	T	36
NC_045512.2	13034	G	34
NC_045512.2	13035	C	34
NC_045512.2	13036	A	38
NC_045512.2	13037	A	37
NC_045512.2	13038	C	36
NC_045512.2	13039	A	34
NC_045512.2	13040	G	33
NC_045512.2	13041	A	37
NC_045512.2	13042	A	42
NC_045512.2	13043	G	42
NC_045512.2	13044	T	41
NC_045512.2	13045	G	42
NC_045512.2	13046	C	43
NC_045512.2	13047	C	45
NC_045512.2	13048	T	40
NC_045512.2	13049	G	40
NC_045512.2	13050	C	36
NC_045512.2	13051	C	40
NC_045512.2	13052	A	40
NC_045512.2	13053	A	38
NC_045512.2	13054	T	39
NC_045512.2	13055	T	40
NC_045512.2	13056	C	26
NC_045512.2	13057	A	27
NC_045512.2	13058	A	26
NC_045512.2	13059	C	28
NC_045512.2	13060	T	24
NC_045512.2	13061	G	18
NC_045512.2	13062	T	19
NC_045512.2	13063	A	18
NC_045512.2	13064	T	21
NC_045512.2	13065	T	21
NC_045512.2	13066	A	19
NC_045512.2	13067	T	19
NC_045512.2	13068	C	19
NC_045512.2	13069	T	19
NC_045512.2	13070	T	21
NC_045512.2	13071	T	18
NC_045512.2	13072	C	15
NC_045512.2	13073	T	14
NC_045512.2	13074	G	13
NC_045512.2	13075	T	17
NC_045512.2	13076	G	19
NC_045512.2	13077	C	18
NC_045512.2	13078	T	18
NC_045512.2	13079	T	17
NC_045512.2	13080	T	17
NC_045512.2	13081	T	19
NC_045512.2	13082	G	19
NC_045512.2	13083	C	22
NC_045512.2	13084	T	23
NC_045512.2	13085	G	21
NC_045512.2	13086	T	22
NC_045512.2	13087	A	20
NC_045512.2	13088	G	21
NC_045512.2	13089	A	20
NC_045512.2	13090	T	19
NC_045512.2	13091	G	19
NC_045512.2	13092	C	18
NC_045512.2	13093	T	17
NC_045512.2	13094	G	16
NC_045512.2	13095	C	18
NC_045512.2	13096	T	17
NC_045512.2	13097	A	15
NC_045512.2	13098	A	15
NC_045512.2	13099	A	16
NC_045512.2	13100	G	14
NC_045512.2	13101	C	12
NC_045512.2	13102	T	11
NC_045512.2	13103	T	11
NC_045512.2	13104	A	11
NC_045512.2	13105	C	8
NC_045512.2	13106	A	8
NC_045512.2	13107	A	7
NC_045512.2	13108	A	7
NC_045512.2	13109	G	7
NC_045512.2	13110	A	6
NC_045512.2	13111	T	4
NC_045512.2	13112	T	4
NC_045512.2	13113	A	0
NC_045512.2	13114	T	0
NC_045512.2	13115	C	0
NC_045512.2	13116	T	0
NC_045512.2	13117	A	0
NC_045512.2	13118	G	0
NC_045512.2	13119	C	0
NC_045512.2	13120	T	0
NC_045512.2	13121	A	0
NC_045512.2	13122	G	0
NC_045512.2	13123	T	0
NC_045512.2	13124	G	0
NC_045512.2	13125	G	0
NC_045512.2	13126	G	0
NC_045512.2	13127	G	0
NC_045512.2	13128	G	0
NC_045512.2	13129	A	0
NC_045512.2	13130	C	0
NC_045512.2	13131	A	0
NC_045512.2	13132	A	0
NC_045512.2	13133	C	0
NC_045512.2	13134	C	0
NC_045512.2	13135	A	0
NC_045512.2	13136	A	0
NC_045512.2	13137	T	0
NC_045512.2	13138	C	0
NC_045512.2	13139	A	0
NC_045512.2	13140	C	0
NC_045512.2	13141	T	0
NC_045512.2	13142	A	0
NC_045512.2	13143	A	0
NC_045512.2	13144	T	0
NC_045512.2	13145	T	0
NC_045512.2	13146	G	0
NC_045512.2	13147	T	0
NC_045512.2	13148	G	0
NC_045512.2	13149	T	0
NC_045512.2	13150	T	0
NC_045512.2	13151	A	0
NC_045512.2	13152	A	0
NC_045512.2	13153	G	0
NC_045512.2	13154	A	0
NC_045512.2	13155	T	0
NC_045512.2	13156	G	0
NC_045512.2	13157	T	0
NC_045512.2	13158	T	0
NC_045512.2	13159	G	0
NC_045512.2	13160	T	0
NC_045512.2	13161	G	0
NC_045512.2	13162	T	0
NC_045512.2	13163	A	0
NC_045512.2	13164	C	0
NC_045512.2	13165	A	0
NC_045512.2	13166	C	0
NC_045512.2	13167	A	0
NC_045512.2	13168	C	0
NC_045512.2	13169	A	0
NC_045512.2	13170	C	0
NC_045512.2	13171	T	0
NC_045512.2	13172	G	0
NC_045512.2	13173	G	0
NC_045512.2	13174	T	0
NC_045512.2	13175	A	0
NC_045512.2	13176	C	0
NC_045512.2	13177	T	0
NC_045512.2	13178	G	0
NC_045512.2	13179	G	0
NC_045512.2	13180	T	0
NC_045512.2	13181	C	0
NC_045512.2	13182	A	0
NC_045512.2	13183	G	0
NC_045512.2	13184	G	0
NC_045512.2	13185	C	0
NC_045512.2	13186	A	0
NC_045512.2	13187	A	0
NC_045512.2	13188	T	0
NC_045512.2	13189	A	0
NC_045512.2	13190	A	0
NC_045512.2	13191	C	0
NC_045512.2	13192	A	0
NC_045512.2	13193	G	0
NC_045512.2	13194	T	0
NC_045512.2	13195	T	0
NC_045512.2	13196	A	0
NC_045512.2	13197	C	0
NC_045512.2	13198	A	0
NC_045512.2	13199	C	0
NC_045512.2	13200	C	0
NC_045512.2	13201	G	0
NC_045512.2	13202	G	0
NC_045512.2	13203	A	0
NC_045512.2	13204	A	0
NC_045512.2	13205	G	0
NC_045512.2	13206	C	0
NC_045512.2	13207	C	0
NC_045512.2	13208	A	0
NC_045512.2	13209	A	0
NC_045512.2	13210	T	0
NC_045512.2	13211	A	0
NC_045512.2	13212	T	0
NC_045512.2	13213	G	0
NC_045512.2	13214	G	0
NC_045512.2	13215	A	0
NC_045512.2	13216	T	0
NC_045512.2	13217	C	0
NC_045512.2	13218	A	0
NC_045512.2	13219	A	0
NC_045512.2	13220	G	0
NC_045512.2	13221	A	0
NC_045512.2	13222	A	0
NC_045512.2	13223	T	0
NC_045512.2	13224	C	0
NC_045512.2	13225	C	0
NC_045512.2	13226	T	0
NC_045512.2	13227	T	0
NC_045512.2	13228	T	0
NC_045512.2	13229	G	0
NC_045512.2	13230	G	0
NC_045512.2	13231	T	0
NC_045512.2	13232	G	0
NC_045512.2	13233	G	0
NC_045512.2	13234	T	0
NC_045512.2	13235	G	0
NC_045512.2	13236	C	0
NC_045512.2	13237	A	0
NC_045512.2	13238	T	0
NC_045512.2	13239	C	0
NC_045512.2	13240	G	0
NC_045512.2	13241	T	0
NC_045512.2	13242	G	0
NC_045512.2	13243	T	0
NC_045512.2	13244	T	0
NC_045512.2	13245	G	0
NC_045512.2	13246	T	0
NC_045512.2	13247	C	0
NC_045512.2	13248	T	0
NC_045512.2	13249	G	0
NC_045512.2	13250	T	0
NC_045512.2	13251	A	1
NC_045512.2	13252	C	1
NC_045512.2	13253	T	7
NC_045512.2	13254	G	6
NC_045512.2	13255	C	6
NC_045512.2	13256	C	7
NC_045512.2	13257	G	7
NC_045512.2	13258	T	6
NC_045512.2	13259	T	16
NC_045512.2	13260	G	16
NC_045512.2	13261	C	17
NC_045512.2	13262	C	18
NC_045512.2	13263	A	18
NC_045512.2	13264	C	17
NC_045512.2	13265	A	18
NC_045512.2	13266	T	17
NC_045512.2	13267	A	23
NC_045512.2	13268	G	23
NC_045512.2	13269	A	22
NC_045512.2	13270	T	21
NC_045512.2	13271	C	21
NC_045512.2	13272	A	23
NC_045512.2	13273	T	24
NC_045512.2	13274	C	24
NC_045512.2	13275	C	23
NC_045512.2	13276	A	23
NC_045512.2	13277	A	23
NC_045512.2	13278	A	22
NC_045512.2	13279	T	26
NC_045512.2	13280	C	28
NC_045512.2	13281	C	29
NC_045512.2	13282	T	32
NC_045512.2	13283	A	28
NC_045512.2	13284	A	26
NC_045512.2	13285	A	27
NC_045512.2	13286	G	27
NC_045512.2	13287	G	25
NC_045512.2	13288	A	25
NC_045512.2	13289	T	32
NC_045512.2	13290	T	31
NC_045512.2	13291	T	32
NC_045512.2	13292	T	32
NC_045512.2	13293	G	33
NC_045512.2	13294	T	34
NC_045512.2	13295	G	36
NC_045512.2	13296	A	33
NC_045512.2	13297	C	31
NC_045512.2	13298	T	30
NC_045512.2	13299	T	31
NC_045512.2	13300	A	32
NC_045512.2	13301	A	30
NC_045512.2	13302	A	30
NC_045512.2	13303	A	28
NC_045512.2	13304	G	37
NC_045512.2	13305	G	37
NC_045512.2	13306	T	38
NC_045512.2	13307	A	38
NC_045512.2	13308	A	36
NC_045512.2	13309	G	36
NC_045512.2	13310	T	30
NC_045512.2	13311	A	31
NC_045512.2	13312	T	34
NC_045512.2	13313	G	33
NC_045512.2	13314	T	34
NC_045512.2	13315	A	34
NC_045512.2	13316	C	34
NC_045512.2	13317	A	32
NC_045512.2	13318	A	34
NC_045512.2	13319	A	21
NC_045512.2	13320	T	22
NC_045512.2	13321	A	21
NC_045512.2	13322	C	22
NC_045512.2	13323	C	20
NC_045512.2	13324	T	18
NC_045512.2	13325	A	21
NC_045512.2	13326	C	21
NC_045512.2	13327	A	21
NC_045512.2	13328	A	23
NC_045512.2	13329	C	24
NC_045512.2	13330	T	23
NC_045512.2	13331	T	24
NC_045512.2	13332	G	24
NC_045512.2	13333	T	24
NC_045512.2	13334	G	16
NC_045512.2	13335	C	18
NC_045512.2	13336	T	18
NC_045512.2	13337	A	18
NC_045512.2	13338	A	19
NC_045512.2	13339	T	18
NC_045512.2	13340	G	19
NC_045512.2	13341	A	18
NC_045512.2	13342	C	18
NC_045512.2	13343	C	16
NC_045512.2	13344	C	18
NC_045512.2	13345	T	18
NC_045512.2	13346	G	18
NC_045512.2	13347	T	19
NC_045512.2	13348	G	16
NC_045512.2	13349	G	15
NC_045512.2	13350	G	17
NC_045512.2	13351	T	52
NC_045512.2	13352	T	52
NC_045512.2	13353	T	53
NC_045512.2	13354	T	50
NC_045512.2	13355	A	53
NC_045512.2	13356	C	52
NC_045512.2	13357	A	51
NC_045512.2	13358	C	48
NC_045512.2	13359	T	51
NC_045512.2	13360	T	50
NC_045512.2	13361	A	53
NC_045512.2	13362	A	50
NC_045512.2	13363	A	50
NC_045512.2	13364	A	52
NC_045512.2	13365	A	51
NC_045512.2	13366	C	49
NC_045512.2	13367	A	47
NC_045512.2	13368	C	47
NC_045512.2	13369	A	48
NC_045512.2	13370	G	48
NC_045512.2	13371	T	48
NC_045512.2	13372	C	48
NC_045512.2	13373	T	47
NC_045512.2	13374	G	49
NC_045512.2	13375	T	47
NC_045512.2	13376	A	48
NC_045512.2	13377	C	49
NC_045512.2	13378	C	48
NC_045512.2	13379	G	46
NC_045512.2	13380	T	47
NC_045512.2	13381	C	9
NC_045512.2	13382	T	9
NC_045512.2	13383	G	9
NC_045512.2	13384	C	9
NC_045512.2	13385	G	8
NC_045512.2	13386	G	9
NC_045512.2	13387	T	9
NC_045512.2	13388	A	9
NC_045512.2	13389	T	8
NC_045512.2	13390	G	7
NC_045512.2	13391	T	6
NC_045512.2	13392	G	6
NC_045512.2	13393	G	6
NC_045512.2	13394	A	6
NC_045512.2	13395	A	6
NC_045512.2	13396	A	6
NC_045512.2	13397	G	6
NC_045512.2	13398	G	6
NC_045512.2	13399	T	6
NC_045512.2	13400	T	5
NC_045512.2	13401	A	4
NC_045512.2	13402	T	3
NC_045512.2	13403	G	0
NC_045512.2	13404	G	0
NC_045512.2	13405	C	0
NC_045512.2	13406	T	0
NC_045512.2	13407	G	0
NC_045512.2	13408	T	0
NC_045512.2	13409	A	0
NC_045512.2	13410	G	0
NC_045512.2	13411	T	0
NC_045512.2	13412	T	0
NC_045512.2	13413	G	0
NC_045512.2	13414	T	0
NC_045512.2	13415	G	0
NC_045512.2	13416	A	0
NC_045512.2	13417	T	0
NC_045512.2	13418	C	0
NC_045512.2	13419	A	0
NC_045512.2	13420	A	0
NC_045512.2	13421	C	0
NC_045512.2	13422	T	0
NC_045512.2	13423	C	0
NC_045512.2	13424	C	0
NC_045512.2	13425	G	0
NC_045512.2	13426	C	0
NC_045512.2	13427	G	0
NC_045512.2	13428	A	0
NC_045512.2	13429	A	0
NC_045512.2	13430	C	0
NC_045512.2	13431	C	0
NC_045512.2	13432	C	0
NC_045512.2	13433	A	0
NC_045512.2	13434	T	0
NC_045512.2	13435	G	0
NC_045512.2	13436	C	0
NC_045512.2	13437	T	0
NC_045512.2	13438	T	0
NC_045512.2	13439	C	0
NC_045512.2	13440	A	0
NC_045512.2	13441	G	0
NC_045512.2	13442	T	0
NC_045512.2	13443	C	0
NC_045512.2	13444	A	0
NC_045512.2	13445	G	0
NC_045512.2	13446	C	0
NC_045512.2	13447	T	0
NC_045512.2	13448	G	0
NC_045512.2	13449	A	0
NC_045512.2	13450	T	0
NC_045512.2	13451	G	0
NC_045512.2	13452	C	0
NC_045512.2	13453	A	0
NC_045512.2	13454	C	0
NC_045512.2	13455	A	0
NC_045512.2	13456	A	0
NC_045512.2	13457	T	0
NC_045512.2	13458	C	0
NC_045512.2	13459	G	0
NC_045512.2	13460	T	0
NC_045512.2	13461	T	0
NC_045512.2	13462	T	0
NC_045512.2	13463	T	0
NC_045512.2	13464	T	0
NC_045512.2	13465	A	0
NC_045512.2	13466	A	0
NC_045512.2	13467	A	0
NC_045512.2	13468	C	0
NC_045512.2	13469	G	0
NC_045512.2	13470	G	0
NC_045512.2	13471	G	0
NC_045512.2	13472	T	0
NC_045512.2	13473	T	0
NC_045512.2	13474	T	0
NC_045512.2	13475	G	0
NC_045512.2	13476	C	0
NC_045512.2	13477	G	0
NC_045512.2	13478	G	0
NC_045512.2	13479	T	0
NC_045512.2	13480	G	0
NC_045512.2	13481	T	0
NC_045512.2	13482	A	0
NC_045512.2	13483	A	0
NC_045512.2	13484	G	0
NC_045512.2	13485	T	0
NC_045512.2	13486	G	0
NC_045512.2	13487	C	1
NC_045512.2	13488	A	1
NC_045512.2	13489	G	1
NC_045512.2	13490	C	1
NC_045512.2	13491	C	2
NC_045512.2	13492	C	2
NC_045512.2	13493	G	2
NC_045512.2	13494	T	2
NC_045512.2	13495	C	2
NC_045512.2	13496	T	2
NC_045512.2	13497	T	2
NC_045512.2	13498	A	2
NC_045512.2	13499	C	2
NC_045512.2	13500	A	2
NC_045512.2	13501	C	2
NC_045512.2	13502	C	2
NC_045512.2	13503	G	2
NC_045512.2	13504	T	3
NC_045512.2	13505	G	3
NC_045512.2	13506	C	3
NC_045512.2	13507	G	3
NC_045512.2	13508	G	3
NC_045512.2	13509	C	3
NC_045512.2	13510	A	3
NC_045512.2	13511	C	3
NC_045512.2	13512	A	3
NC_045512.2	13513	G	3
NC_045512.2	13514	G	3
NC_045512.2	13515	C	3
NC_045512.2	13516	A	3
NC_045512.2	13517	C	3
NC_045512.2	13518	T	3
NC_045512.2	13519	A	3
NC_045512.2	13520	G	3
NC_045512.2	13521	T	3
NC_045512.2	13522	A	3
NC_045512.2	13523	C	3
NC_045512.2	13524	T	3
NC_045512.2	13525	G	3
NC_045512.2	13526	A	3
NC_045512.2	13527	T	3
NC_045512.2	13528	G	3
NC_045512.2	13529	T	2
NC_045512.2	13530	C	3
NC_045512.2	13531	G	3
NC_045512.2	13532	T	1
NC_045512.2	13533	A	1
NC_045512.2	13534	T	0
NC_045512.2	13535	A	0
NC_045512.2	13536	C	0
NC_045512.2	13537	A	0
NC_045512.2	13538	G	0
NC_045512.2	13539	G	0
NC_045512.2	13540	G	0
NC_045512.2	13541	C	0
NC_045512.2	13542	T	0
NC_045512.2	13543	T	0
NC_045512.2	13544	T	0
NC_045512.2	13545	T	0
NC_045512.2	13546	G	0
NC_045512.2	13547	A	0
NC_045512.2	13548	C	0
NC_045512.2	13549	A	0
NC_045512.2	13550	T	0
NC_045512.2	13551	C	0
NC_045512.2	13552	T	0
NC_045512.2	13553	A	0
NC_045512.2	13554	C	0
NC_045512.2	13555	A	0
NC_045512.2	13556	A	0
NC_045512.2	13557	T	0
NC_045512.2	13558	G	0
NC_045512.2	13559	A	0
NC_045512.2	13560	T	0
NC_045512.2	13561	A	0
NC_045512.2	13562	A	0
NC_045512.2	13563	A	0
NC_045512.2	13564	G	0
NC_045512.2	13565	T	0
NC_045512.2	13566	A	0
NC_045512.2	13567	G	0
NC_045512.2	13568	C	0
NC_045512.2	13569	T	0
NC_045512.2	13570	G	0
NC_045512.2	13571	G	0
NC_045512.2	13572	T	0
NC_045512.2	13573	T	0
NC_045512.2	13574	T	0
NC_045512.2	13575	T	0
NC_045512.2	13576	G	0
NC_045512.2	13577	C	0
NC_045512.2	13578	T	0
NC_045512.2	13579	A	0
NC_045512.2	13580	A	0
NC_045512.2	13581	A	0
NC_045512.2	13582	T	0
NC_045512.2	13583	T	0
NC_045512.2	13584	C	0
NC_045512.2	13585	C	0
NC_045512.2	13586	T	1
NC_045512.2	13587	A	1
NC_045512.2	13588	A	1
NC_045512.2	13589	A	1
NC_045512.2	13590	A	1
NC_045512.2	13591	A	1
NC_045512.2	13592	C	1
NC_045512.2	13593	T	1
NC_045512.2	13594	A	1
NC_045512.2	13595	A	1
NC_045512.2	13596	T	1
NC_045512.2	13597	T	1
NC_045512.2	13598	G	1
NC_045512.2	13599	T	11
NC_045512.2	13600	T	11
NC_045512.2	13601	G	12
NC_045512.2	13602	T	11
NC_045512.2	13603	C	11
NC_045512.2	13604	G	12
NC_045512.2	13605	C	13
NC_045512.2	13606	T	13
NC_045512.2	13607	T	12
NC_045512.2	13608	C	12
NC_045512.2	13609	C	13
NC_045512.2	13610	A	12
NC_045512.2	13611	A	12
NC_045512.2	13612	G	13
NC_045512.2	13613	A	12
NC_045512.2	13614	A	28
NC_045512.2	13615	A	28
NC_045512.2	13616	A	26
NC_045512.2	13617	G	26
NC_045512.2	13618	G	28
NC_045512.2	13619	A	27
NC_045512.2	13620	C	28
NC_045512.2	13621	G	27
NC_045512.2	13622	A	26
NC_045512.2	13623	A	29
NC_045512.2	13624	G	28
NC_045512.2	13625	A	26
NC_045512.2	13626	T	29
NC_045512.2	13627	G	28
NC_045512.2	13628	A	28
NC_045512.2	13629	C	24
NC_045512.2	13630	A	22
NC_045512.2	13631	A	24
NC_045512.2	13632	T	24
NC_045512.2	13633	T	23
NC_045512.2	13634	T	26
NC_045512.2	13635	A	26
NC_045512.2	13636	A	26
NC_045512.2	13637	T	25
NC_045512.2	13638	T	29
NC_045512.2	13639	G	29
NC_045512.2	13640	A	29
NC_045512.2	13641	T	32
NC_045512.2	13642	T	31
NC_045512.2	13643	C	31
NC_045512.2	13644	T	22
NC_045512.2	13645	T	24
NC_045512.2	13646	A	23
NC_045512.2	13647	C	22
NC_045512.2	13648	T	23
NC_045512.2	13649	T	22
NC_045512.2	13650	T	22
NC_045512.2	13651	G	21
NC_045512.2	13652	T	22
NC_045512.2	13653	A	20
NC_045512.2	13654	G	21
NC_045512.2	13655	T	22
NC_045512.2	13656	T	21
NC_045512.2	13657	A	19
NC_045512.2	13658	A	20
NC_045512.2	13659	G	17
NC_045512.2	13660	A	18
NC_045512.2	13661	G	17
NC_045512.2	13662	A	17
NC_045512.2	13663	C	16
NC_045512.2	13664	A	15
NC_045512.2	13665	C	14
NC_045512.2	13666	A	16
NC_045512.2	13667	C	16
NC_045512.2	13668	T	14
NC_045512.2	13669	T	13
NC_045512.2	13670	T	14
NC_045512.2	13671	C	11
NC_045512.2	13672	T	10
NC_045512.2	13673	C	11
NC_045512.2	13674	T	11
NC_045512.2	13675	A	12
NC_045512.2	13676	A	13
NC_045512.2	13677	C	13
NC_045512.2	13678	T	13
NC_045512.2	13679	A	15
NC_045512.2	13680	C	15
NC_045512.2	13681	C	14
NC_045512.2	13682	A	14
NC_045512.2	13683	A	14
NC_045512.2	13684	C	15
NC_045512.2	13685	A	16
NC_045512.2	13686	T	17
NC_045512.2	13687	G	19
NC_045512.2	13688	A	19
NC_045512.2	13689	A	19
NC_045512.2	13690	G	19
NC_045512.2	13691	A	18
NC_045512.2	13692	A	18
NC_045512.2	13693	A	17
NC_045512.2	13694	C	17
NC_045512.2	13695	A	17
NC_045512.2	13696	A	14
NC_045512.2	13697	T	14
NC_045512.2	13698	T	13
NC_045512.2	13699	T	13
NC_045512.2	13700	A	12
NC_045512.2	13701	T	13
NC_045512.2	13702	A	13
NC_045512.2	13703	A	13
NC_045512.2	13704	T	14
NC_045512.2	13705	T	14
NC_045512.2	13706	T	13
NC_045512.2	13707	A	12
NC_045512.2	13708	C	13
NC_045512.2	13709	T	10
NC_045512.2	13710	T	10
NC_045512.2	13711	A	10
NC_045512.2	13712	A	10
NC_045512.2	13713	G	10
NC_045512.2	13714	G	9
NC_045512.2	13715	A	9
NC_045512.2	13716	T	8
NC_045512.2	13717	T	4
NC_045512.2	13718	G	4
NC_045512.2	13719	T	4
NC_045512.2	13720	C	4
NC_045512.2	13721	C	4
NC_045512.2	13722	A	4
NC_045512.2	13723	G	4
NC_045512.2	13724	C	3
NC_045512.2	13725	T	3
NC_045512.2	13726	G	3
NC_045512.2	13727	T	3
NC_045512.2	13728	T	3
NC_045512.2	13729	G	3
NC_045512.2	13730	C	3
NC_045512.2	13731	T	1
NC_045512.2	13732	A	1
NC_045512.2	13733	A	1
NC_045512.2	13734	A	0
NC_045512.2	13735	C	0
NC_045512.2	13736	A	0
NC_045512.2	13737	T	0
NC_045512.2	13738	G	0
NC_045512.2	13739	A	0
NC_045512.2	13740	C	0
NC_045512.2	13741	T	0
NC_045512.2	13742	T	0
NC_045512.2	13743	C	0
NC_045512.2	13744	T	0
NC_045512.2	13745	T	1
NC_045512.2	13746	T	1
NC_045512.2	13747	A	0
NC_045512.2	13748	A	1
NC_045512.2	13749	G	1
NC_045512.2	13750	T	1
NC_045512.2	13751	T	1
NC_045512.2	13752	T	1
NC_045512.2	13753	A	1
NC_045512.2	13754	G	1
NC_045512.2	13755	A	1
NC_045512.2	13756	A	1
NC_045512.2	13757	T	1
NC_045512.2	13758	A	1
NC_045512.2	13759	G	1
NC_045512.2	13760	A	1
NC_045512.2	13761	C	1
NC_045512.2	13762	G	1
NC_045512.2	13763	G	0
NC_045512.2	13764	T	1
NC_045512.2	13765	G	1
NC_045512.2	13766	A	1
NC_045512.2	13767	C	1
NC_045512.2	13768	A	1
NC_045512.2	13769	T	1
NC_045512.2	13770	G	1
NC_045512.2	13771	G	1
NC_045512.2	13772	T	1
NC_045512.2	13773	A	1
NC_045512.2	13774	C	1
NC_045512.2	13775	C	0
NC_045512.2	13776	A	0
NC_045512.2	13777	C	0
NC_045512.2	13778	A	0
NC_045512.2	13779	T	0
NC_045512.2	13780	A	0
NC_045512.2	13781	T	0
NC_045512.2	13782	A	0
NC_045512.2	13783	T	0
NC_045512.2	13784	C	0
NC_045512.2	13785	A	0
NC_045512.2	13786	C	0
NC_045512.2	13787	G	0
NC_045512.2	13788	T	0
NC_045512.2	13789	C	0
NC_045512.2	13790	A	0
NC_045512.2	13791	A	0
NC_045512.2	13792	C	0
NC_045512.2	13793	G	0
NC_045512.2	13794	T	0
NC_045512.2	13795	C	0
NC_045512.2	13796	T	0
NC_045512.2	13797	T	0
NC_045512.2	13798	A	0
NC_045512.2	13799	C	0
NC_045512.2	13800	T	0
NC_045512.2	13801	A	0
NC_045512.2	13802	A	0
NC_045512.2	13803	A	0
NC_045512.2	13804	T	0
NC_045512.2	13805	A	0
NC_045512.2	13806	C	0
NC_045512.2	13807	A	0
NC_045512.2	13808	C	0
NC_045512.2	13809	A	1
NC_045512.2	13810	A	1
NC_045512.2	13811	T	1
NC_045512.2	13812	G	1
NC_045512.2	13813	G	1
NC_045512.2	13814	C	1
NC_045512.2	13815	A	1
NC_045512.2	13816	G	1
NC_045512.2	13817	A	2
NC_045512.2	13818	C	2
NC_045512.2	13819	C	2
NC_045512.2	13820	T	2
NC_045512.2	13821	C	2
NC_045512.2	13822	G	2
NC_045512.2	13823	T	2
NC_045512.2	13824	C	2
NC_045512.2	13825	T	2
NC_045512.2	13826	A	2
NC_045512.2	13827	T	2
NC_045512.2	13828	G	2
NC_045512.2	13829	C	2
NC_045512.2	13830	T	2
NC_045512.2	13831	T	2
NC_045512.2	13832	T	2
NC_045512.2	13833	A	2
NC_045512.2	13834	A	2
NC_045512.2	13835	G	2
NC_045512.2	13836	G	2
NC_045512.2	13837	C	2
NC_045512.2	13838	A	2
NC_045512.2	13839	T	1
NC_045512.2	13840	T	1
NC_045512.2	13841	T	1
NC_045512.2	13842	T	1
NC_045512.2	13843	G	1
NC_045512.2	13844	A	1
NC_045512.2	13845	T	1
NC_045512.2	13846	G	1
NC_045512.2	13847	A	0
NC_045512.2	13848	A	0
NC_045512.2	13849	G	0
NC_045512.2	13850	G	0
NC_045512.2	13851	T	0
NC_045512.2	13852	A	0
NC_045512.2	13853	A	0
NC_045512.2	13854	T	0
NC_045512.2	13855	T	0
NC_045512.2	13856	G	0
NC_045512.2	13857	T	0
NC_045512.2	13858	G	0
NC_045512.2	13859	A	0
NC_045512.2	13860	C	0
NC_045512.2	13861	A	0
NC_045512.2	13862	C	0
NC_045512.2	13863	A	0
NC_045512.2	13864	T	0
NC_045512.2	13865	T	0
NC_045512.2	13866	A	0
NC_045512.2	13867	A	0
NC_045512.2	13868	A	0
NC_045512.2	13869	A	0
NC_045512.2	13870	G	0
NC_045512.2	13871	A	0
NC_045512.2	13872	A	0
NC_045512.2	13873	A	0
NC_045512.2	13874	T	0
NC_045512.2	13875	A	0
NC_045512.2	13876	C	0
NC_045512.2	13877	T	0
NC_045512.2	13878	T	0
NC_045512.2	13879	G	0
NC_045512.2	13880	T	1
NC_045512.2	13881	C	1
NC_045512.2	13882	A	5
NC_045512.2	13883	C	5
NC_045512.2	13884	A	12
NC_045512.2	13885	T	12
NC_045512.2	13886	A	14
NC_045512.2	13887	C	18
NC_045512.2	13888	A	28
NC_045512.2	13889	A	25
NC_045512.2	13890	T	32
NC_045512.2	13891	T	30
NC_045512.2	13892	G	32
NC_045512.2	13893	T	31
NC_045512.2	13894	T	35
NC_045512.2	13895	G	33
NC_045512.2	13896	T	36
NC_045512.2	13897	G	39
NC_045512.2	13898	A	43
NC_045512.2	13899	T	46
NC_045512.2	13900	G	50
NC_045512.2	13901	A	49
NC_045512.2	13902	T	51
NC_045512.2	13903	G	49
NC_045512.2	13904	A	48
NC_045512.2	13905	T	52
NC_045512.2	13906	T	52
NC_045512.2	13907	A	50
NC_045512.2	13908	T	50
NC_045512.2	13909	T	51
NC_045512.2	13910	T	51
NC_045512.2	13911	C	47
NC_045512.2	13912	A	47
NC_045512.2	13913	A	50
NC_045512.2	13914	T	48
NC_045512.2	13915	A	48
NC_045512.2	13916	A	47
NC_045512.2	13917	A	44
NC_045512.2	13918	A	40
NC_045512.2	13919	A	46
NC_045512.2	13920	G	43
NC_045512.2	13921	G	42
NC_045512.2	13922	A	43
NC_045512.2	13923	C	45
NC_045512.2	13924	T	42
NC_045512.2	13925	G	44
NC_045512.2	13926	G	42
NC_045512.2	13927	T	41
NC_045512.2	13928	A	39
NC_045512.2	13929	T	39
NC_045512.2	13930	G	38
NC_045512.2	13931	A	47
NC_045512.2	13932	T	47
NC_045512.2	13933	T	45
NC_045512.2	13934	T	44
NC_045512.2	13935	T	47
NC_045512.2	13936	G	47
NC_045512.2	13937	T	50
NC_045512.2	13938	A	49
NC_045512.2	13939	G	49
NC_045512.2	13940	A	49
NC_045512.2	13941	A	48
NC_045512.2	13942	A	62
NC_045512.2	13943	A	58
NC_045512.2	13944	C	53
NC_045512.2	13945	C	56
NC_045512.2	13946	C	55
NC_045512.2	13947	A	55
NC_045512.2	13948	G	55
NC_045512.2	13949	A	53
NC_045512.2	13950	T	55
NC_045512.2	13951	A	56
NC_045512.2	13952	T	57
NC_045512.2	13953	A	56
NC_045512.2	13954	T	53
NC_045512.2	13955	T	51
NC_045512.2	13956	A	52
NC_045512.2	13957	C	44
NC_045512.2	13958	G	41
NC_045512.2	13959	C	40
NC_045512.2	13960	G	47
NC_045512.2	13961	T	39
NC_045512.2	13962	A	38
NC_045512.2	13963	T	39
NC_045512.2	13964	A	41
NC_045512.2	13965	C	38
NC_045512.2	13966	G	39
NC_045512.2	13967	C	38
NC_045512.2	13968	C	32
NC_045512.2	13969	A	42
NC_045512.2	13970	A	46
NC_045512.2	13971	C	45
NC_045512.2	13972	T	33
NC_045512.2	13973	T	32
NC_045512.2	13974	A	40
NC_045512.2	13975	G	36
NC_045512.2	13976	G	36
NC_045512.2	13977	T	37
NC_045512.2	13978	G	37
NC_045512.2	13979	A	49
NC_045512.2	13980	A	47
NC_045512.2	13981	C	67
NC_045512.2	13982	G	70
NC_045512.2	13983	T	69
NC_045512.2	13984	G	76
NC_045512.2	13985	T	75
NC_045512.2	13986	A	76
NC_045512.2	13987	C	80
NC_045512.2	13988	G	77
NC_045512.2	13989	C	74
NC_045512.2	13990	C	71
NC_045512.2	13991	A	73
NC_045512.2	13992	A	73
NC_045512.2	13993	G	72
NC_045512.2	13994	C	69
NC_045512.2	13995	T	69
NC_045512.2	13996	T	69
NC_045512.2	13997	T	68
NC_045512.2	13998	G	67
NC_045512.2	13999	T	67
NC_045512.2	14000	T	64
NC_045512.2	14001	A	62
NC_045512.2	14002	A	64
NC_045512.2	14003	A	64
NC_045512.2	14004	A	54
NC_045512.2	14005	A	53
NC_045512.2	14006	C	54
NC_045512.2	14007	A	55
NC_045512.2	14008	G	54
NC_045512.2	14009	T	34
NC_045512.2	14010	A	34
NC_045512.2	14011	C	11
NC_045512.2	14012	A	10
NC_045512.2	14013	A	11
NC_045512.2	14014	T	3
NC_045512.2	14015	T	1
NC_045512.2	14016	C	1
NC_045512.2	14017	T	0
NC_045512.2	14018	G	0
NC_045512.2	14019	T	0
NC_045512.2	14020	G	0
NC_045512.2	14021	A	0
NC_045512.2	14022	T	0
NC_045512.2	14023	G	0
NC_045512.2	14024	C	0
NC_045512.2	14025	C	0
NC_045512.2	14026	A	0
NC_045512.2	14027	T	0
NC_045512.2	14028	G	0
NC_045512.2	14029	C	0
NC_045512.2	14030	G	0
NC_045512.2	14031	A	0
NC_045512.2	14032	A	0
NC_045512.2	14033	A	0
NC_045512.2	14034	T	0
NC_045512.2	14035	G	0
NC_045512.2	14036	C	0
NC_045512.2	14037	T	0
NC_045512.2	14038	G	0
NC_045512.2	14039	G	0
NC_045512.2	14040	T	0
NC_045512.2	14041	A	0
NC_045512.2	14042	T	0
NC_045512.2	14043	T	0
NC_045512.2	14044	G	0
NC_045512.2	14045	T	0
NC_045512.2	14046	T	0
NC_045512.2	14047	G	0
NC_045512.2	14048	G	0
NC_045512.2	14049	T	0
NC_045512.2	14050	G	0
NC_045512.2	14051	T	0
NC_045512.2	14052	A	0
NC_045512.2	14053	C	0
NC_045512.2	14054	T	0
NC_045512.2	14055	G	0
NC_045512.2	14056	A	0
NC_045512.2	14057	C	0
NC_045512.2	14058	A	0
NC_045512.2	14059	T	0
NC_045512.2	14060	T	0
NC_045512.2	14061	A	0
NC_045512.2	14062	G	0
NC_045512.2	14063	A	0
NC_045512.2	14064	T	0
NC_045512.2	14065	A	0
NC_045512.2	14066	A	0
NC_045512.2	14067	T	0
NC_045512.2	14068	C	0
NC_045512.2	14069	A	0
NC_045512.2	14070	A	0
NC_045512.2	14071	G	0
NC_045512.2	14072	A	0
NC_045512.2	14073	T	0
NC_045512.2	14074	C	0
NC_045512.2	14075	T	0
NC_045512.2	14076	C	0
NC_045512.2	14077	A	0
NC_045512.2	14078	A	0
NC_045512.2	14079	T	0
NC_045512.2	14080	G	0
NC_045512.2	14081	G	0
NC_045512.2	14082	T	0
NC_045512.2	14083	A	0
NC_045512.2	14084	A	0
NC_045512.2	14085	C	0
NC_045512.2	14086	T	0
NC_045512.2	14087	G	0
NC_045512.2	14088	G	0
NC_045512.2	14089	T	0
NC_045512.2	14090	A	0
NC_045512.2	14091	T	0
NC_045512.2	14092	G	0
NC_045512.2	14093	A	0
NC_045512.2	14094	T	0
NC_045512.2	14095	T	0
NC_045512.2	14096	T	0
NC_045512.2	14097	C	0
NC_045512.2	14098	G	0
NC_045512.2	14099	G	0
NC_045512.2	14100	T	0
NC_045512.2	14101	G	0
NC_045512.2	14102	A	0
NC_045512.2	14103	T	0
NC_045512.2	14104	T	0
NC_045512.2	14105	T	0
NC_045512.2	14106	C	0
NC_045512.2	14107	A	0
NC_045512.2	14108	T	0
NC_045512.2	14109	A	0
NC_045512.2	14110	C	0
NC_045512.2	14111	A	0
NC_045512.2	14112	A	0
NC_045512.2	14113	A	0
NC_045512.2	14114	C	0
NC_045512.2	14115	C	0
NC_045512.2	14116	A	0
NC_045512.2	14117	C	0
NC_045512.2	14118	G	0
NC_045512.2	14119	C	0
NC_045512.2	14120	C	0
NC_045512.2	14121	A	0
NC_045512.2	14122	G	0
NC_045512.2	14123	G	0
NC_045512.2	14124	T	0
NC_045512.2	14125	A	0
NC_045512.2	14126	G	0
NC_045512.2	14127	T	0
NC_045512.2	14128	G	0
NC_045512.2	14129	G	0
NC_045512.2	14130	A	0
NC_045512.2	14131	G	0
NC_045512.2	14132	T	0
NC_045512.2	14133	T	0
NC_045512.2	14134	C	0
NC_045512.2	14135	C	0
NC_045512.2	14136	T	0
NC_045512.2	14137	G	0
NC_045512.2	14138	T	0
NC_045512.2	14139	T	0
NC_045512.2	14140	G	0
NC_045512.2	14141	T	0
NC_045512.2	14142	A	0
NC_045512.2	14143	G	0
NC_045512.2	14144	A	0
NC_045512.2	14145	T	0
NC_045512.2	14146	T	0
NC_045512.2	14147	C	0
NC_045512.2	14148	T	0
NC_045512.2	14149	T	0
NC_045512.2	14150	A	0
NC_045512.2	14151	T	0
NC_045512.2	14152	T	0
NC_045512.2	14153	A	0
NC_045512.2	14154	T	0
NC_045512.2	14155	T	0
NC_045512.2	14156	C	0
NC_045512.2	14157	A	0
NC_045512.2	14158	T	0
NC_045512.2	14159	T	0
NC_045512.2	14160	G	0
NC_045512.2	14161	T	0
NC_045512.2	14162	T	0
NC_045512.2	14163	A	0
NC_045512.2	14164	A	0
NC_045512.2	14165	T	0
NC_045512.2	14166	G	0
NC_045512.2	14167	C	0
NC_045512.2	14168	C	0
NC_045512.2	14169	T	0
NC_045512.2	14170	A	0
NC_045512.2	14171	T	0
NC_045512.2	14172	A	0
NC_045512.2	14173	T	0
NC_045512.2	14174	T	0
NC_045512.2	14175	A	0
NC_045512.2	14176	A	3
NC_045512.2	14177	C	6
NC_045512.2	14178	C	9
NC_045512.2	14179	T	10
NC_045512.2	14180	T	10
NC_045512.2	14181	G	9
NC_045512.2	14182	A	9
NC_045512.2	14183	C	10
NC_045512.2	14184	C	10
NC_045512.2	14185	A	8
NC_045512.2	14186	G	10
NC_045512.2	14187	G	9
NC_045512.2	14188	G	10
NC_045512.2	14189	C	11
NC_045512.2	14190	T	11
NC_045512.2	14191	T	11
NC_045512.2	14192	T	12
NC_045512.2	14193	A	12
NC_045512.2	14194	A	14
NC_045512.2	14195	C	14
NC_045512.2	14196	T	14
NC_045512.2	14197	G	15
NC_045512.2	14198	C	15
NC_045512.2	14199	A	15
NC_045512.2	14200	G	15
NC_045512.2	14201	A	15
NC_045512.2	14202	G	15
NC_045512.2	14203	T	15
NC_045512.2	14204	C	15
NC_045512.2	14205	A	15
NC_045512.2	14206	C	13
NC_045512.2	14207	A	13
NC_045512.2	14208	T	10
NC_045512.2	14209	G	10
NC_045512.2	14210	T	11
NC_045512.2	14211	T	11
NC_045512.2	14212	G	11
NC_045512.2	14213	A	12
NC_045512.2	14214	C	11
NC_045512.2	14215	A	13
NC_045512.2	14216	C	13
NC_045512.2	14217	T	13
NC_045512.2	14218	G	13
NC_045512.2	14219	A	13
NC_045512.2	14220	C	12
NC_045512.2	14221	T	12
NC_045512.2	14222	T	9
NC_045512.2	14223	A	11
NC_045512.2	14224	A	9
NC_045512.2	14225	C	9
NC_045512.2	14226	A	8
NC_045512.2	14227	A	10
NC_045512.2	14228	A	12
NC_045512.2	14229	G	11
NC_045512.2	14230	C	11
NC_045512.2	14231	C	11
NC_045512.2	14232	T	11
NC_045512.2	14233	T	12
NC_045512.2	14234	A	12
NC_045512.2	14235	C	11
NC_045512.2	14236	A	11
NC_045512.2	14237	T	11
NC_045512.2	14238	T	10
NC_045512.2	14239	A	10
NC_045512.2	14240	A	9
NC_045512.2	14241	G	9
NC_045512.2	14242	T	8
NC_045512.2	14243	G	8
NC_045512.2	14244	G	8
NC_045512.2	14245	G	7
NC_045512.2	14246	A	7
NC_045512.2	14247	T	5
NC_045512.2	14248	T	5
NC_045512.2	14249	T	5
NC_045512.2	14250	G	5
NC_045512.2	14251	T	5
NC_045512.2	14252	T	5
NC_045512.2	14253	A	3
NC_045512.2	14254	A	3
NC_045512.2	14255	A	3
NC_045512.2	14256	A	3
NC_045512.2	14257	T	2
NC_045512.2	14258	A	4
NC_045512.2	14259	T	4
NC_045512.2	14260	G	4
NC_045512.2	14261	A	4
NC_045512.2	14262	C	4
NC_045512.2	14263	T	4
NC_045512.2	14264	T	4
NC_045512.2	14265	C	4
NC_045512.2	14266	A	4
NC_045512.2	14267	C	4
NC_045512.2	14268	G	4
NC_045512.2	14269	G	4
NC_045512.2	14270	A	4
NC_045512.2	14271	A	4
NC_045512.2	14272	G	4
NC_045512.2	14273	A	4
NC_045512.2	14274	G	4
NC_045512.2	14275	A	4
NC_045512.2	14276	G	4
NC_045512.2	14277	G	4
NC_045512.2	14278	T	6
NC_045512.2	14279	T	6
NC_045512.2	14280	A	6
NC_045512.2	14281	A	7
NC_045512.2	14282	A	7
NC_045512.2	14283	A	7
NC_045512.2	14284	C	7
NC_045512.2	14285	T	7
NC_045512.2	14286	C	7
NC_045512.2	14287	T	6
NC_045512.2	14288	T	4
NC_045512.2	14289	T	4
NC_045512.2	14290	G	5
NC_045512.2	14291	A	5
NC_045512.2	14292	C	5
NC_045512.2	14293	C	5
NC_045512.2	14294	G	5
NC_045512.2	14295	T	5
NC_045512.2	14296	T	5
NC_045512.2	14297	A	5
NC_045512.2	14298	T	5
NC_045512.2	14299	T	5
NC_045512.2	14300	T	5
NC_045512.2	14301	T	5
NC_045512.2	14302	A	5
NC_045512.2	14303	A	5
NC_045512.2	14304	A	5
NC_045512.2	14305	T	6
NC_045512.2	14306	A	6
NC_045512.2	14307	T	6
NC_045512.2	14308	T	4
NC_045512.2	14309	G	4
NC_045512.2	14310	G	4
NC_045512.2	14311	G	3
NC_045512.2	14312	A	3
NC_045512.2	14313	T	2
NC_045512.2	14314	C	3
NC_045512.2	14315	A	3
NC_045512.2	14316	G	3
NC_045512.2	14317	A	3
NC_045512.2	14318	C	3
NC_045512.2	14319	A	3
NC_045512.2	14320	T	1
NC_045512.2	14321	A	2
NC_045512.2	14322	C	2
NC_045512.2	14323	C	2
NC_045512.2	14324	A	1
NC_045512.2	14325	C	2
NC_045512.2	14326	C	1
NC_045512.2	14327	C	1
NC_045512.2	14328	A	1
NC_045512.2	14329	A	1
NC_045512.2	14330	A	1
NC_045512.2	14331	T	1
NC_045512.2	14332	T	1
NC_045512.2	14333	G	1
NC_045512.2	14334	T	1
NC_045512.2	14335	G	0
NC_045512.2	14336	T	0
NC_045512.2	14337	T	0
NC_045512.2	14338	A	0
NC_045512.2	14339	A	0
NC_045512.2	14340	C	0
NC_045512.2	14341	T	0
NC_045512.2	14342	G	0
NC_045512.2	14343	T	0
NC_045512.2	14344	T	0
NC_045512.2	14345	T	0
NC_045512.2	14346	G	0
NC_045512.2	14347	G	0
NC_045512.2	14348	A	0
NC_045512.2	14349	T	0
NC_045512.2	14350	G	0
NC_045512.2	14351	A	0
NC_045512.2	14352	C	0
NC_045512.2	14353	A	0
NC_045512.2	14354	G	0
NC_045512.2	14355	A	0
NC_045512.2	14356	T	0
NC_045512.2	14357	G	0
NC_045512.2	14358	C	0
NC_045512.2	14359	A	0
NC_045512.2	14360	T	0
NC_045512.2	14361	T	0
NC_045512.2	14362	C	0
NC_045512.2	14363	T	0
NC_045512.2	14364	G	0
NC_045512.2	14365	C	0
NC_045512.2	14366	A	0
NC_045512.2	14367	T	0
NC_045512.2	14368	T	0
NC_045512.2	14369	G	0
NC_045512.2	14370	T	0
NC_045512.2	14371	G	0
NC_045512.2	14372	C	0
NC_045512.2	14373	A	0
NC_045512.2	14374	A	0
NC_045512.2	14375	A	0
NC_045512.2	14376	C	0
NC_045512.2	14377	T	0
NC_045512.2	14378	T	0
NC_045512.2	14379	T	0
NC_045512.2	14380	A	0
NC_045512.2	14381	A	0
NC_045512.2	14382	T	0
NC_045512.2	14383	G	0
NC_045512.2	14384	T	0
NC_045512.2	14385	T	0
NC_045512.2	14386	T	0
NC_045512.2	14387	T	0
NC_045512.2	14388	A	0
NC_045512.2	14389	T	0
NC_045512.2	14390	T	0
NC_045512.2	14391	C	0
NC_045512.2	14392	T	0
NC_045512.2	14393	C	0
NC_045512.2	14394	T	0
NC_045512.2	14395	A	0
NC_045512.2	14396	C	0
NC_045512.2	14397	A	0
NC_045512.2	14398	G	0
NC_045512.2	14399	T	0
NC_045512.2	14400	G	0
NC_045512.2	14401	T	0
NC_045512.2	14402	T	0
NC_045512.2	14403	C	0
NC_045512.2	14404	C	0
NC_045512.2	14405	C	0
NC_045512.2	14406	A	0
NC_045512.2	14407	C	0
NC_045512.2	14408	C	0
NC_045512.2	14409	T	0
NC_045512.2	14410	A	0
NC_045512.2	14411	C	0
NC_045512.2	14412	A	0
NC_045512.2	14413	A	0
NC_045512.2	14414	G	0
NC_045512.2	14415	T	0
NC_045512.2	14416	T	0
NC_045512.2	14417	T	0
NC_045512.2	14418	T	0
NC_045512.2	14419	G	0
NC_045512.2	14420	G	0
NC_045512.2	14421	A	0
NC_045512.2	14422	C	0
NC_045512.2	14423	C	0
NC_045512.2	14424	A	0
NC_045512.2	14425	C	0
NC_045512.2	14426	T	0
NC_045512.2	14427	A	0
NC_045512.2	14428	G	0
NC_045512.2	14429	T	0
NC_045512.2	14430	G	0
NC_045512.2	14431	A	0
NC_045512.2	14432	G	0
NC_045512.2	14433	A	0
NC_045512.2	14434	A	0
NC_045512.2	14435	A	0
NC_045512.2	14436	A	0
NC_045512.2	14437	A	0
NC_045512.2	14438	T	0
NC_045512.2	14439	A	0
NC_045512.2	14440	T	0
NC_045512.2	14441	T	0
NC_045512.2	14442	T	0
NC_045512.2	14443	G	0
NC_045512.2	14444	T	0
NC_045512.2	14445	T	0
NC_045512.2	14446	G	0
NC_045512.2	14447	A	0
NC_045512.2	14448	T	0
NC_045512.2	14449	G	0
NC_045512.2	14450	G	0
NC_045512.2	14451	T	0
NC_045512.2	14452	G	0
NC_045512.2	14453	T	0
NC_045512.2	14454	T	1
NC_045512.2	14455	C	1
NC_045512.2	14456	C	1
NC_045512.2	14457	A	1
NC_045512.2	14458	T	1
NC_045512.2	14459	T	1
NC_045512.2	14460	T	1
NC_045512.2	14461	G	1
NC_045512.2	14462	T	1
NC_045512.2	14463	A	1
NC_045512.2	14464	G	1
NC_045512.2	14465	T	1
NC_045512.2	14466	T	1
NC_045512.2	14467	T	1
NC_045512.2	14468	C	2
NC_045512.2	14469	A	2
NC_045512.2	14470	A	2
NC_045512.2	14471	C	2
NC_045512.2	14472	T	3
NC_045512.2	14473	G	7
NC_045512.2	14474	G	6
NC_045512.2	14475	A	11
NC_045512.2	14476	T	12
NC_045512.2	14477	A	12
NC_045512.2	14478	C	13
NC_045512.2	14479	C	12
NC_045512.2	14480	A	24
NC_045512.2	14481	C	25
NC_045512.2	14482	T	25
NC_045512.2	14483	T	26
NC_045512.2	14484	C	25
NC_045512.2	14485	A	27
NC_045512.2	14486	G	27
NC_045512.2	14487	A	27
NC_045512.2	14488	G	27
NC_045512.2	14489	A	27
NC_045512.2	14490	G	32
NC_045512.2	14491	C	32
NC_045512.2	14492	T	31
NC_045512.2	14493	A	32
NC_045512.2	14494	G	30
NC_045512.2	14495	G	32
NC_045512.2	14496	T	31
NC_045512.2	14497	G	34
NC_045512.2	14498	T	33
NC_045512.2	14499	T	34
NC_045512.2	14500	G	34
NC_045512.2	14501	T	34
NC_045512.2	14502	A	34
NC_045512.2	14503	C	30
NC_045512.2	14504	A	34
NC_045512.2	14505	T	30
NC_045512.2	14506	A	31
NC_045512.2	14507	A	31
NC_045512.2	14508	T	29
NC_045512.2	14509	C	32
NC_045512.2	14510	A	24
NC_045512.2	14511	G	24
NC_045512.2	14512	G	24
NC_045512.2	14513	A	23
NC_045512.2	14514	T	24
NC_045512.2	14515	G	23
NC_045512.2	14516	T	24
NC_045512.2	14517	A	24
NC_045512.2	14518	A	23
NC_045512.2	14519	A	25
NC_045512.2	14520	C	20
NC_045512.2	14521	T	23
NC_045512.2	14522	T	23
NC_045512.2	14523	A	23
NC_045512.2	14524	C	25
NC_045512.2	14525	A	25
NC_045512.2	14526	T	25
NC_045512.2	14527	A	23
NC_045512.2	14528	G	24
NC_045512.2	14529	C	22
NC_045512.2	14530	T	22
NC_045512.2	14531	C	20
NC_045512.2	14532	T	21
NC_045512.2	14533	A	21
NC_045512.2	14534	G	16
NC_045512.2	14535	A	18
NC_045512.2	14536	C	19
NC_045512.2	14537	T	19
NC_045512.2	14538	T	20
NC_045512.2	14539	A	15
NC_045512.2	14540	G	16
NC_045512.2	14541	T	13
NC_045512.2	14542	T	14
NC_045512.2	14543	T	15
NC_045512.2	14544	T	14
NC_045512.2	14545	A	14
NC_045512.2	14546	A	16
NC_045512.2	14547	G	15
NC_045512.2	14548	G	16
NC_045512.2	14549	A	12
NC_045512.2	14550	A	15
NC_045512.2	14551	T	15
NC_045512.2	14552	T	17
NC_045512.2	14553	A	20
NC_045512.2	14554	C	19
NC_045512.2	14555	T	20
NC_045512.2	14556	T	21
NC_045512.2	14557	G	21
NC_045512.2	14558	T	20
NC_045512.2	14559	G	20
NC_045512.2	14560	T	22
NC_045512.2	14561	A	23
NC_045512.2	14562	T	23
NC_045512.2	14563	G	23
NC_045512.2	14564	C	23
NC_045512.2	14565	T	20
NC_045512.2	14566	G	22
NC_045512.2	14567	C	21
NC_045512.2	14568	T	23
NC_045512.2	14569	G	24
NC_045512.2	14570	A	43
NC_045512.2	14571	C	47
NC_045512.2	14572	C	47
NC_045512.2	14573	C	49
NC_045512.2	14574	T	48
NC_045512.2	14575	G	48
NC_045512.2	14576	C	51
NC_045512.2	14577	T	51
NC_045512.2	14578	A	49
NC_045512.2	14579	T	50
NC_045512.2	14580	G	49
NC_045512.2	14581	C	48
NC_045512.2	14582	A	48
NC_045512.2	14583	C	46
NC_045512.2	14584	G	42
NC_045512.2	14585	C	39
NC_045512.2	14586	T	43
NC_045512.2	14587	G	42
NC_045512.2	14588	C	42
NC_045512.2	14589	T	40
NC_045512.2	14590	T	41
NC_045512.2	14591	C	39
NC_045512.2	14592	T	42
NC_045512.2	14593	G	42
NC_045512.2	14594	G	40
NC_045512.2	14595	T	40
NC_045512.2	14596	A	41
NC_045512.2	14597	A	38
NC_045512.2	14598	T	37
NC_045512.2	14599	C	39
NC_045512.2	14600	T	9
NC_045512.2	14601	A	9
NC_045512.2	14602	T	9
NC_045512.2	14603	T	9
NC_045512.2	14604	A	9
NC_045512.2	14605	C	9
NC_045512.2	14606	T	6
NC_045512.2	14607	A	6
NC_045512.2	14608	G	6
NC_045512.2	14609	A	6
NC_045512.2	14610	T	6
NC_045512.2	14611	A	4
NC_045512.2	14612	A	1
NC_045512.2	14613	A	1
NC_045512.2	14614	C	1
NC_045512.2	14615	G	1
NC_045512.2	14616	C	0
NC_045512.2	14617	A	0
NC_045512.2	14618	C	0
NC_045512.2	14619	T	0
NC_045512.2	14620	A	0
NC_045512.2	14621	C	0
NC_045512.2	14622	G	0
NC_045512.2	14623	T	0
NC_045512.2	14624	G	0
NC_045512.2	14625	C	0
NC_045512.2	14626	T	0
NC_045512.2	14627	T	0
NC_045512.2	14628	T	0
NC_045512.2	14629	T	0
NC_045512.2	14630	C	0
NC_045512.2	14631	A	0
NC_045512.2	14632	G	0
NC_045512.2	14633	T	0
NC_045512.2	14634	A	0
NC_045512.2	14635	G	0
NC_045512.2	14636	C	0
NC_045512.2	14637	T	0
NC_045512.2	14638	G	0
NC_045512.2	14639	C	0
NC_045512.2	14640	A	0
NC_045512.2	14641	C	0
NC_045512.2	14642	T	0
NC_045512.2	14643	T	0
NC_045512.2	14644	A	0
NC_045512.2	14645	C	0
NC_045512.2	14646	T	0
NC_045512.2	14647	A	0
NC_045512.2	14648	A	0
NC_045512.2	14649	C	0
NC_045512.2	14650	A	0
NC_045512.2	14651	A	0
NC_045512.2	14652	T	0
NC_045512.2	14653	G	0
NC_045512.2	14654	T	0
NC_045512.2	14655	T	0
NC_045512.2	14656	G	0
NC_045512.2	14657	C	0
NC_045512.2	14658	T	0
NC_045512.2	14659	T	0
NC_045512.2	14660	T	0
NC_045512.2	14661	T	0
NC_045512.2	14662	C	0
NC_045512.2	14663	A	0
NC_045512.2	14664	A	0
NC_045512.2	14665	A	0
NC_045512.2	14666	C	0
NC_045512.2	14667	T	0
NC_045512.2	14668	G	0
NC_045512.2	14669	T	0
NC_045512.2	14670	C	0
NC_045512.2	14671	A	0
NC_045512.2	14672	A	0
NC_045512.2	14673	A	0
NC_045512.2	14674	C	0
NC_045512.2	14675	C	0
NC_045512.2	14676	C	0
NC_045512.2	14677	G	0
NC_045512.2	14678	G	0
NC_045512.2	14679	T	0
NC_045512.2	14680	A	0
NC_045512.2	14681	A	0
NC_045512.2	14682	T	0
NC_045512.2	14683	T	0
NC_045512.2	14684	T	0
NC_045512.2	14685	T	0
NC_045512.2	14686	A	0
NC_045512.2	14687	A	0
NC_045512.2	14688	C	0
NC_045512.2	14689	A	0
NC_045512.2	14690	A	0
NC_045512.2	14691	A	0
NC_045512.2	14692	G	0
NC_045512.2	14693	A	0
NC_045512.2	14694	C	0
NC_045512.2	14695	T	0
NC_045512.2	14696	T	0
NC_045512.2	14697	C	0
NC_045512.2	14698	T	0
NC_045512.2	14699	A	0
NC_045512.2	14700	T	0
NC_045512.2	14701	G	0
NC_045512.2	14702	A	0
NC_045512.2	14703	C	0
NC_045512.2	14704	T	0
NC_045512.2	14705	T	0
NC_045512.2	14706	T	0
NC_045512.2	14707	G	0
NC_045512.2	14708	C	0
NC_045512.2	14709	T	0
NC_045512.2	14710	G	0
NC_045512.2	14711	T	0
NC_045512.2	14712	G	0
NC_045512.2	14713	T	0
NC_045512.2	14714	C	0
NC_045512.2	14715	T	0
NC_045512.2	14716	A	0
NC_045512.2	14717	A	0
NC_045512.2	14718	G	0
NC_045512.2	14719	G	0
NC_045512.2	14720	G	0
NC_045512.2	14721	T	0
NC_045512.2	14722	T	0
NC_045512.2	14723	T	0
NC_045512.2	14724	C	0
NC_045512.2	14725	T	0
NC_045512.2	14726	T	0
NC_045512.2	14727	T	0
NC_045512.2	14728	A	0
NC_045512.2	14729	A	0
NC_045512.2	14730	G	0
NC_045512.2	14731	G	0
NC_045512.2	14732	A	0
NC_045512.2	14733	A	0
NC_045512.2	14734	G	0
NC_045512.2	14735	G	0
NC_045512.2	14736	A	0
NC_045512.2	14737	A	0
NC_045512.2	14738	G	0
NC_045512.2	14739	T	0
NC_045512.2	14740	T	0
NC_045512.2	14741	C	0
NC_045512.2	14742	T	0
NC_045512.2	14743	G	0
NC_045512.2	14744	T	0
NC_045512.2	14745	T	0
NC_045512.2	14746	G	0
NC_045512.2	14747	A	0
NC_045512.2	14748	A	0
NC_045512.2	14749	T	0
NC_045512.2	14750	T	0
NC_045512.2	14751	A	0
NC_045512.2	14752	A	0
NC_045512.2	14753	A	0
NC_045512.2	14754	A	0
NC_045512.2	14755	C	0
NC_045512.2	14756	A	0
NC_045512.2	14757	C	0
NC_045512.2	14758	T	0
NC_045512.2	14759	T	1
NC_045512.2	14760	C	1
NC_045512.2	14761	T	1
NC_045512.2	14762	T	1
NC_045512.2	14763	C	1
NC_045512.2	14764	T	1
NC_045512.2	14765	T	1
NC_045512.2	14766	T	1
NC_045512.2	14767	G	1
NC_045512.2	14768	C	1
NC_045512.2	14769	T	1
NC_045512.2	14770	C	1
NC_045512.2	14771	A	1
NC_045512.2	14772	G	1
NC_045512.2	14773	G	1
NC_045512.2	14774	A	1
NC_045512.2	14775	T	1
NC_045512.2	14776	G	1
NC_045512.2	14777	G	1
NC_045512.2	14778	T	1
NC_045512.2	14779	A	1
NC_045512.2	14780	A	1
NC_045512.2	14781	T	1
NC_045512.2	14782	G	1
NC_045512.2	14783	C	1
NC_045512.2	14784	T	1
NC_045512.2	14785	G	1
NC_045512.2	14786	C	1
NC_045512.2	14787	T	1
NC_045512.2	14788	A	1
NC_045512.2	14789	T	0
NC_045512.2	14790	C	0
NC_045512.2	14791	A	0
NC_045512.2	14792	G	0
NC_045512.2	14793	C	0
NC_045512.2	14794	G	0
NC_045512.2	14795	A	0
NC_045512.2	14796	T	0
NC_045512.2	14797	T	0
NC_045512.2	14798	A	0
NC_045512.2	14799	T	0
NC_045512.2	14800	G	0
NC_045512.2	14801	A	0
NC_045512.2	14802	C	0
NC_045512.2	14803	T	0
NC_045512.2	14804	A	0
NC_045512.2	14805	C	0
NC_045512.2	14806	T	1
NC_045512.2	14807	A	1
NC_045512.2	14808	T	1
NC_045512.2	14809	C	1
NC_045512.2	14810	G	1
NC_045512.2	14811	T	1
NC_045512.2	14812	T	1
NC_045512.2	14813	A	1
NC_045512.2	14814	T	1
NC_045512.2	14815	A	1
NC_045512.2	14816	A	1
NC_045512.2	14817	T	1
NC_045512.2	14818	C	1
NC_045512.2	14819	T	1
NC_045512.2	14820	A	1
NC_045512.2	14821	C	1
NC_045512.2	14822	C	1
NC_045512.2	14823	A	1
NC_045512.2	14824	A	1
NC_045512.2	14825	C	1
NC_045512.2	14826	A	1
NC_045512.2	14827	A	1
NC_045512.2	14828	T	1
NC_045512.2	14829	G	1
NC_045512.2	14830	T	1
NC_045512.2	14831	G	1
NC_045512.2	14832	T	1
NC_045512.2	14833	G	1
NC_045512.2	14834	A	1
NC_045512.2	14835	T	1
NC_045512.2	14836	A	0
NC_045512.2	14837	T	0
NC_045512.2	14838	C	0
NC_045512.2	14839	A	0
NC_045512.2	14840	G	0
NC_045512.2	14841	A	0
NC_045512.2	14842	C	0
NC_045512.2	14843	A	0
NC_045512.2	14844	A	0
NC_045512.2	14845	C	0
NC_045512.2	14846	T	0
NC_045512.2	14847	A	0
NC_045512.2	14848	C	0
NC_045512.2	14849	T	0
NC_045512.2	14850	A	0
NC_045512.2	14851	T	0
NC_045512.2	14852	T	0
NC_045512.2	14853	T	0
NC_045512.2	14854	G	0
NC_045512.2	14855	T	0
NC_045512.2	14856	A	0
NC_045512.2	14857	G	0
NC_045512.2	14858	T	0
NC_045512.2	14859	T	0
NC_045512.2	14860	G	0
NC_045512.2	14861	A	0
NC_045512.2	14862	A	0
NC_045512.2	14863	G	0
NC_045512.2	14864	T	0
NC_045512.2	14865	T	0
NC_045512.2	14866	G	0
NC_045512.2	14867	T	0
NC_045512.2	14868	T	0
NC_045512.2	14869	G	0
NC_045512.2	14870	A	0
NC_045512.2	14871	T	0
NC_045512.2	14872	A	0
NC_045512.2	14873	A	0
NC_045512.2	14874	G	0
NC_045512.2	14875	T	0
NC_045512.2	14876	A	0
NC_045512.2	14877	C	0
NC_045512.2	14878	T	0
NC_045512.2	14879	T	0
NC_045512.2	14880	T	0
NC_045512.2	14881	G	0
NC_045512.2	14882	A	0
NC_045512.2	14883	T	0
NC_045512.2	14884	T	0
NC_045512.2	14885	G	0
NC_045512.2	14886	T	0
NC_045512.2	14887	T	0
NC_045512.2	14888	A	0
NC_045512.2	14889	C	0
NC_045512.2	14890	G	0
NC_045512.2	14891	A	0
NC_045512.2	14892	T	0
NC_045512.2	14893	G	0
NC_045512.2	14894	G	0
NC_045512.2	14895	T	0
NC_045512.2	14896	G	0
NC_045512.2	14897	G	0
NC_045512.2	14898	C	0
NC_045512.2	14899	T	0
NC_045512.2	14900	G	0
NC_045512.2	14901	T	0
NC_045512.2	14902	A	0
NC_045512.2	14903	T	0
NC_045512.2	14904	T	0
NC_045512.2	14905	A	0
NC_045512.2	14906	A	0
NC_045512.2	14907	T	0
NC_045512.2	14908	G	0
NC_045512.2	14909	C	0
NC_045512.2	14910	T	0
NC_045512.2	14911	A	0
NC_045512.2	14912	A	0
NC_045512.2	14913	C	0
NC_045512.2	14914	C	0
NC_045512.2	14915	A	0
NC_045512.2	14916	A	0
NC_045512.2	14917	G	0
NC_045512.2	14918	T	0
NC_045512.2	14919	C	0
NC_045512.2	14920	A	0
NC_045512.2	14921	T	0
NC_045512.2	14922	C	0
NC_045512.2	14923	G	0
NC_045512.2	14924	T	0
NC_045512.2	14925	C	0
NC_045512.2	14926	A	0
NC_045512.2	14927	A	0
NC_045512.2	14928	C	0
NC_045512.2	14929	A	0
NC_045512.2	14930	A	0
NC_045512.2	14931	C	0
NC_045512.2	14932	C	0
NC_045512.2	14933	T	0
NC_045512.2	14934	A	0
NC_045512.2	14935	G	0
NC_045512.2	14936	A	0
NC_045512.2	14937	C	0
NC_045512.2	14938	A	0
NC_045512.2	14939	A	0
NC_045512.2	14940	A	0
NC_045512.2	14941	T	0
NC_045512.2	14942	C	0
NC_045512.2	14943	A	0
NC_045512.2	14944	G	0
NC_045512.2	14945	C	0
NC_045512.2	14946	T	0
NC_045512.2	14947	G	0
NC_045512.2	14948	G	0
NC_045512.2	14949	T	0
NC_045512.2	14950	T	0
NC_045512.2	14951	T	0
NC_045512.2	14952	T	0
NC_045512.2	14953	C	0
NC_045512.2	14954	C	0
NC_045512.2	14955	A	0
NC_045512.2	14956	T	0
NC_045512.2	14957	T	0
NC_045512.2	14958	T	0
NC_045512.2	14959	A	0
NC_045512.2	14960	A	0
NC_045512.2	14961	T	0
NC_045512.2	14962	A	0
NC_045512.2	14963	A	0
NC_045512.2	14964	A	0
NC_045512.2	14965	T	0
NC_045512.2	14966	G	0
NC_045512.2	14967	G	0
NC_045512.2	14968	G	0
NC_045512.2	14969	G	0
NC_045512.2	14970	T	0
NC_045512.2	14971	A	0
NC_045512.2	14972	A	0
NC_045512.2	14973	G	0
NC_045512.2	14974	G	0
NC_045512.2	14975	C	0
NC_045512.2	14976	T	0
NC_045512.2	14977	A	0
NC_045512.2	14978	G	0
NC_045512.2	14979	A	0
NC_045512.2	14980	C	0
NC_045512.2	14981	T	0
NC_045512.2	14982	T	0
NC_045512.2	14983	T	0
NC_045512.2	14984	A	0
NC_045512.2	14985	T	0
NC_045512.2	14986	T	0
NC_045512.2	14987	A	1
NC_045512.2	14988	T	0
NC_045512.2	14989	G	1
NC_045512.2	14990	A	1
NC_045512.2	14991	T	0
NC_045512.2	14992	T	0
NC_045512.2	14993	C	1
NC_045512.2	14994	A	1
NC_045512.2	14995	A	1
NC_045512.2	14996	T	0
NC_045512.2	14997	G	1
NC_045512.2	14998	A	1
NC_045512.2	14999	G	1
NC_045512.2	15000	T	1
NC_045512.2	15001	T	1
NC_045512.2	15002	A	1
NC_045512.2	15003	T	1
NC_045512.2	15004	G	1
NC_045512.2	15005	A	1
NC_045512.2	15006	G	1
NC_045512.2	15007	G	1
NC_045512.2	15008	A	1
NC_045512.2	15009	T	0
NC_045512.2	15010	C	1
NC_045512.2	15011	A	1
NC_045512.2	15012	A	1
NC_045512.2	15013	G	1
NC_045512.2	15014	A	1
NC_045512.2	15015	T	0
NC_045512.2	15016	G	0
NC_045512.2	15017	C	0
NC_045512.2	15018	A	0
NC_045512.2	15019	C	0
NC_045512.2	15020	T	0
NC_045512.2	15021	T	0
NC_045512.2	15022	T	0
NC_045512.2	15023	T	0
NC_045512.2	15024	C	0
NC_045512.2	15025	G	0
NC_045512.2	15026	C	0
NC_045512.2	15027	A	0
NC_045512.2	15028	T	0
NC_045512.2	15029	A	0
NC_045512.2	15030	T	0
NC_045512.2	15031	A	0
NC_045512.2	15032	C	0
NC_045512.2	15033	A	0
NC_045512.2	15034	A	0
NC_045512.2	15035	A	0
NC_045512.2	15036	A	0
NC_045512.2	15037	C	0
NC_045512.2	15038	G	0
NC_045512.2	15039	T	0
NC_045512.2	15040	A	0
NC_045512.2	15041	A	0
NC_045512.2	15042	T	0
NC_045512.2	15043	G	0
NC_045512.2	15044	T	0
NC_045512.2	15045	C	0
NC_045512.2	15046	A	0
NC_045512.2	15047	T	0
NC_045512.2	15048	C	0
NC_045512.2	15049	C	0
NC_045512.2	15050	C	0
NC_045512.2	15051	T	0
NC_045512.2	15052	A	0
NC_045512.2	15053	C	0
NC_045512.2	15054	T	0
NC_045512.2	15055	A	0
NC_045512.2	15056	T	0
NC_045512.2	15057	A	0
NC_045512.2	15058	A	0
NC_045512.2	15059	C	0
NC_045512.2	15060	T	0
NC_045512.2	15061	C	0
NC_045512.2	15062	A	0
NC_045512.2	15063	A	0
NC_045512.2	15064	A	0
NC_045512.2	15065	T	0
NC_045512.2	15066	G	0
NC_045512.2	15067	A	0
NC_045512.2	15068	A	0
NC_045512.2	15069	T	0
NC_045512.2	15070	C	0
NC_045512.2	15071	T	0
NC_045512.2	15072	T	0
NC_045512.2	15073	A	0
NC_045512.2	15074	A	0
NC_045512.2	15075	G	0
NC_045512.2	15076	T	0
NC_045512.2	15077	A	0
NC_045512.2	15078	T	0
NC_045512.2	15079	G	0
NC_045512.2	15080	C	0
NC_045512.2	15081	C	0
NC_045512.2	15082	A	1
NC_045512.2	15083	T	1
NC_045512.2	15084	T	1
NC_045512.2	15085	A	1
NC_045512.2	15086	G	1
NC_045512.2	15087	T	1
NC_045512.2	15088	G	8
NC_045512.2	15089	C	7
NC_045512.2	15090	A	8
NC_045512.2	15091	A	8
NC_045512.2	15092	A	8
NC_045512.2	15093	G	10
NC_045512.2	15094	A	13
NC_045512.2	15095	A	14
NC_045512.2	15096	T	14
NC_045512.2	15097	A	14
NC_045512.2	15098	G	13
NC_045512.2	15099	A	14
NC_045512.2	15100	G	16
NC_045512.2	15101	C	19
NC_045512.2	15102	T	18
NC_045512.2	15103	C	19
NC_045512.2	15104	G	18
NC_045512.2	15105	C	18
NC_045512.2	15106	A	19
NC_045512.2	15107	C	19
NC_045512.2	15108	C	19
NC_045512.2	15109	G	19
NC_045512.2	15110	T	19
NC_045512.2	15111	A	20
NC_045512.2	15112	G	19
NC_045512.2	15113	C	19
NC_045512.2	15114	T	20
NC_045512.2	15115	G	20
NC_045512.2	15116	G	20
NC_045512.2	15117	T	19
NC_045512.2	15118	G	13
NC_045512.2	15119	T	14
NC_045512.2	15120	C	14
NC_045512.2	15121	T	15
NC_045512.2	15122	C	14
NC_045512.2	15123	T	13
NC_045512.2	15124	A	9
NC_045512.2	15125	T	8
NC_045512.2	15126	C	9
NC_045512.2	15127	T	11
NC_045512.2	15128	G	10
NC_045512.2	15129	T	9
NC_045512.2	15130	A	10
NC_045512.2	15131	G	7
NC_045512.2	15132	T	8
NC_045512.2	15133	A	10
NC_045512.2	15134	C	10
NC_045512.2	15135	T	10
NC_045512.2	15136	A	11
NC_045512.2	15137	T	10
NC_045512.2	15138	G	10
NC_045512.2	15139	A	10
NC_045512.2	15140	C	10
NC_045512.2	15141	C	8
NC_045512.2	15142	A	9
NC_045512.2	15143	A	9
NC_045512.2	15144	T	10
NC_045512.2	15145	A	12
NC_045512.2	15146	G	12
NC_045512.2	15147	A	11
NC_045512.2	15148	C	12
NC_045512.2	15149	A	12
NC_045512.2	15150	G	11
NC_045512.2	15151	T	12
NC_045512.2	15152	T	12
NC_045512.2	15153	T	10
NC_045512.2	15154	C	11
NC_045512.2	15155	A	11
NC_045512.2	15156	T	8
NC_045512.2	15157	C	10
NC_045512.2	15158	A	15
NC_045512.2	15159	A	16
NC_045512.2	15160	A	15
NC_045512.2	15161	A	15
NC_045512.2	15162	A	12
NC_045512.2	15163	T	13
NC_045512.2	15164	T	12
NC_045512.2	15165	A	13
NC_045512.2	15166	T	14
NC_045512.2	15167	T	9
NC_045512.2	15168	G	10
NC_045512.2	15169	A	14
NC_045512.2	15170	A	16
NC_045512.2	15171	A	14
NC_045512.2	15172	T	11
NC_045512.2	15173	C	13
NC_045512.2	15174	A	14
NC_045512.2	15175	A	13
NC_045512.2	15176	T	13
NC_045512.2	15177	A	15
NC_045512.2	15178	G	15
NC_045512.2	15179	C	15
NC_045512.2	15180	C	16
NC_045512.2	15181	G	16
NC_045512.2	15182	C	14
NC_045512.2	15183	C	17
NC_045512.2	15184	A	17
NC_045512.2	15185	C	20
NC_045512.2	15186	T	19
NC_045512.2	15187	A	20
NC_045512.2	15188	G	20
NC_045512.2	15189	A	19
NC_045512.2	15190	G	20
NC_045512.2	15191	G	19
NC_045512.2	15192	A	20
NC_045512.2	15193	G	20
NC_045512.2	15194	C	16
NC_045512.2	15195	T	17
NC_045512.2	15196	A	18
NC_045512.2	15197	C	19
NC_045512.2	15198	T	19
NC_045512.2	15199	G	19
NC_045512.2	15200	T	17
NC_045512.2	15201	A	14
NC_045512.2	15202	G	17
NC_045512.2	15203	T	17
NC_045512.2	15204	A	17
NC_045512.2	15205	A	16
NC_045512.2	15206	T	15
NC_045512.2	15207	T	13
NC_045512.2	15208	G	14
NC_045512.2	15209	G	14
NC_045512.2	15210	A	13
NC_045512.2	15211	A	13
NC_045512.2	15212	C	13
NC_045512.2	15213	A	13
NC_045512.2	15214	A	12
NC_045512.2	15215	G	7
NC_045512.2	15216	C	7
NC_045512.2	15217	A	7
NC_045512.2	15218	A	7
NC_045512.2	15219	A	7
NC_045512.2	15220	T	5
NC_045512.2	15221	T	5
NC_045512.2	15222	C	4
NC_045512.2	15223	T	4
NC_045512.2	15224	A	4
NC_045512.2	15225	T	4
NC_045512.2	15226	G	4
NC_045512.2	15227	G	3
NC_045512.2	15228	T	3
NC_045512.2	15229	G	3
NC_045512.2	15230	G	3
NC_045512.2	15231	T	3
NC_045512.2	15232	T	0
NC_045512.2	15233	G	0
NC_045512.2	15234	G	0
NC_045512.2	15235	C	0
NC_045512.2	15236	A	0
NC_045512.2	15237	C	0
NC_045512.2	15238	A	0
NC_045512.2	15239	A	0
NC_045512.2	15240	C	0
NC_045512.2	15241	A	0
NC_045512.2	15242	T	0
NC_045512.2	15243	G	0
NC_045512.2	15244	T	0
NC_045512.2	15245	T	0
NC_045512.2	15246	A	0
NC_045512.2	15247	A	0
NC_045512.2	15248	A	0
NC_045512.2	15249	A	0
NC_045512.2	15250	A	0
NC_045512.2	15251	C	0
NC_045512.2	15252	T	0
NC_045512.2	15253	G	0
NC_045512.2	15254	T	0
NC_045512.2	15255	T	0
NC_045512.2	15256	T	0
NC_045512.2	15257	A	0
NC_045512.2	15258	T	0
NC_045512.2	15259	A	0
NC_045512.2	15260	G	0
NC_045512.2	15261	T	0
NC_045512.2	15262	G	0
NC_045512.2	15263	A	0
NC_045512.2	15264	T	0
NC_045512.2	15265	G	0
NC_045512.2	15266	T	0
NC_045512.2	15267	A	0
NC_045512.2	15268	G	0
NC_045512.2	15269	A	0
NC_045512.2	15270	A	0
NC_045512.2	15271	A	0
NC_045512.2	15272	A	0
NC_045512.2	15273	C	0
NC_045512.2	15274	C	0
NC_045512.2	15275	C	0
NC_045512.2	15276	T	0
NC_045512.2	15277	C	0
NC_045512.2	15278	A	0
NC_045512.2	15279	C	0
NC_045512.2	15280	C	0
NC_045512.2	15281	T	0
NC_045512.2	15282	T	0
NC_045512.2	15283	A	0
NC_045512.2	15284	T	0
NC_045512.2	15285	G	0
NC_045512.2	15286	G	0
NC_045512.2	15287	G	0
NC_045512.2	15288	T	0
NC_045512.2	15289	T	0
NC_045512.2	15290	G	0
NC_045512.2	15291	G	0
NC_045512.2	15292	G	0
NC_045512.2	15293	A	0
NC_045512.2	15294	T	0
NC_045512.2	15295	T	0
NC_045512.2	15296	A	0
NC_045512.2	15297	T	0
NC_045512.2	15298	C	0
NC_045512.2	15299	C	0
NC_045512.2	15300	T	0
NC_045512.2	15301	A	0
NC_045512.2	15302	A	0
NC_045512.2	15303	A	0
NC_045512.2	15304	T	0
NC_045512.2	15305	G	0
NC_045512.2	15306	T	0
NC_045512.2	15307	G	0
NC_045512.2	15308	A	0
NC_045512.2	15309	T	0
NC_045512.2	15310	A	0
NC_045512.2	15311	G	0
NC_045512.2	15312	A	0
NC_045512.2	15313	G	0
NC_045512.2	15314	C	0
NC_045512.2	15315	C	0
NC_045512.2	15316	A	1
NC_045512.2	15317	T	1
NC_045512.2	15318	G	0
NC_045512.2	15319	C	0
NC_045512.2	15320	C	1
NC_045512.2	15321	T	0
NC_045512.2	15322	A	1
NC_045512.2	15323	A	1
NC_045512.2	15324	C	0
NC_045512.2	15325	A	0
NC_045512.2	15326	T	1
NC_045512.2	15327	G	0
NC_045512.2	15328	C	0
NC_045512.2	15329	T	0
NC_045512.2	15330	T	1
NC_045512.2	15331	A	0
NC_045512.2	15332	G	0
NC_045512.2	15333	A	0
NC_045512.2	15334	A	1
NC_045512.2	15335	T	0
NC_045512.2	15336	T	1
NC_045512.2	15337	A	0
NC_045512.2	15338	T	1
NC_045512.2	15339	G	0
NC_045512.2	15340	G	0
NC_045512.2	15341	C	1
NC_045512.2	15342	C	0
NC_045512.2	15343	T	0
NC_045512.2	15344	C	0
NC_045512.2	15345	A	0
NC_045512.2	15346	C	0
NC_045512.2	15347	T	0
NC_045512.2	15348	T	0
NC_045512.2	15349	G	0
NC_045512.2	15350	T	0
NC_045512.2	15351	T	0
NC_045512.2	15352	C	0
NC_045512.2	15353	T	0
NC_045512.2	15354	T	0
NC_045512.2	15355	G	0
NC_045512.2	15356	C	0
NC_045512.2	15357	T	0
NC_045512.2	15358	C	0
NC_045512.2	15359	G	0
NC_045512.2	15360	C	0
NC_045512.2	15361	A	0
NC_045512.2	15362	A	0
NC_045512.2	15363	A	0
NC_045512.2	15364	C	0
NC_045512.2	15365	A	0
NC_045512.2	15366	T	0
NC_045512.2	15367	A	0
NC_045512.2	15368	C	0
NC_045512.2	15369	A	0
NC_045512.2	15370	A	0
NC_045512.2	15371	C	0
NC_045512.2	15372	G	0
NC_045512.2	15373	T	0
NC_045512.2	15374	G	0
NC_045512.2	15375	T	0
NC_045512.2	15376	T	0
NC_045512.2	15377	G	0
NC_045512.2	15378	T	0
NC_045512.2	15379	A	0
NC_045512.2	15380	G	0
NC_045512.2	15381	C	0
NC_045512.2	15382	T	0
NC_045512.2	15383	T	0
NC_045512.2	15384	G	0
NC_045512.2	15385	T	0
NC_045512.2	15386	C	0
NC_045512.2	15387	A	0
NC_045512.2	15388	C	0
NC_045512.2	15389	A	0
NC_045512.2	15390	C	0
NC_045512.2	15391	C	0
NC_045512.2	15392	G	0
NC_045512.2	15393	T	0
NC_045512.2	15394	T	0
NC_045512.2	15395	T	0
NC_045512.2	15396	C	0
NC_045512.2	15397	T	0
NC_045512.2	15398	A	0
NC_045512.2	15399	T	0
NC_045512.2	15400	A	0
NC_045512.2	15401	G	0
NC_045512.2	15402	A	0
NC_045512.2	15403	T	0
NC_045512.2	15404	T	0
NC_045512.2	15405	A	0
NC_045512.2	15406	G	0
NC_045512.2	15407	C	0
NC_045512.2	15408	T	0
NC_045512.2	15409	A	0
NC_045512.2	15410	A	0
NC_045512.2	15411	T	0
NC_045512.2	15412	G	0
NC_045512.2	15413	A	0
NC_045512.2	15414	G	0
NC_045512.2	15415	T	0
NC_045512.2	15416	G	0
NC_045512.2	15417	T	0
NC_045512.2	15418	G	0
NC_045512.2	15419	C	0
NC_045512.2	15420	T	0
NC_045512.2	15421	C	0
NC_045512.2	15422	A	0
NC_045512.2	15423	A	0
NC_045512.2	15424	G	0
NC_045512.2	15425	T	0
NC_045512.2	15426	A	0
NC_045512.2	15427	T	0
NC_045512.2	15428	T	0
NC_045512.2	15429	G	0
NC_045512.2	15430	A	0
NC_045512.2	15431	G	0
NC_045512.2	15432	T	0
NC_045512.2	15433	G	0
NC_045512.2	15434	A	0
NC_045512.2	15435	A	0
NC_045512.2	15436	A	0
NC_045512.2	15437	T	0
NC_045512.2	15438	G	0
NC_045512.2	15439	G	0
NC_045512.2	15440	T	0
NC_045512.2	15441	C	0
NC_045512.2	15442	A	0
NC_045512.2	15443	T	0
NC_045512.2	15444	G	0
NC_045512.2	15445	T	0
NC_045512.2	15446	G	0
NC_045512.2	15447	T	0
NC_045512.2	15448	G	0
NC_045512.2	15449	G	0
NC_045512.2	15450	C	0
NC_045512.2	15451	G	0
NC_045512.2	15452	G	0
NC_045512.2	15453	T	0
NC_045512.2	15454	T	0
NC_045512.2	15455	C	0
NC_045512.2	15456	A	0
NC_045512.2	15457	C	0
NC_045512.2	15458	T	0
NC_045512.2	15459	A	0
NC_045512.2	15460	T	0
NC_045512.2	15461	A	0
NC_045512.2	15462	T	0
NC_045512.2	15463	G	0
NC_045512.2	15464	T	0
NC_045512.2	15465	T	0
NC_045512.2	15466	A	0
NC_045512.2	15467	A	0
NC_045512.2	15468	A	0
NC_045512.2	15469	C	0
NC_045512.2	15470	C	0
NC_045512.2	15471	A	0
NC_045512.2	15472	G	0
NC_045512.2	15473	G	0
NC_045512.2	15474	T	0
NC_045512.2	15475	G	0
NC_045512.2	15476	G	0
NC_045512.2	15477	A	0
NC_045512.2	15478	A	0
NC_045512.2	15479	C	0
NC_045512.2	15480	C	0
NC_045512.2	15481	T	0
NC_045512.2	15482	C	0
NC_045512.2	15483	A	0
NC_045512.2	15484	T	0
NC_045512.2	15485	C	0
NC_045512.2	15486	A	0
NC_045512.2	15487	G	0
NC_045512.2	15488	G	0
NC_045512.2	15489	A	0
NC_045512.2	15490	G	0
NC_045512.2	15491	A	0
NC_045512.2	15492	T	0
NC_045512.2	15493	G	0
NC_045512.2	15494	C	0
NC_045512.2	15495	C	0
NC_045512.2	15496	A	0
NC_045512.2	15497	C	0
NC_045512.2	15498	A	0
NC_045512.2	15499	A	0
NC_045512.2	15500	C	0
NC_045512.2	15501	T	0
NC_045512.2	15502	G	0
NC_045512.2	15503	C	0
NC_045512.2	15504	T	0
NC_045512.2	15505	T	0
NC_045512.2	15506	A	0
NC_045512.2	15507	T	0
NC_045512.2	15508	G	0
NC_045512.2	15509	C	0
NC_045512.2	15510	T	0
NC_045512.2	15511	A	0
NC_045512.2	15512	A	0
NC_045512.2	15513	T	0
NC_045512.2	15514	A	0
NC_045512.2	15515	G	0
NC_045512.2	15516	T	0
NC_045512.2	15517	G	0
NC_045512.2	15518	T	0
NC_045512.2	15519	T	0
NC_045512.2	15520	T	0
NC_045512.2	15521	T	0
NC_045512.2	15522	T	0
NC_045512.2	15523	A	0
NC_045512.2	15524	A	0
NC_045512.2	15525	C	0
NC_045512.2	15526	A	0
NC_045512.2	15527	T	0
NC_045512.2	15528	T	0
NC_045512.2	15529	T	0
NC_045512.2	15530	G	0
NC_045512.2	15531	T	0
NC_045512.2	15532	C	0
NC_045512.2	15533	A	0
NC_045512.2	15534	A	0
NC_045512.2	15535	G	0
NC_045512.2	15536	C	0
NC_045512.2	15537	T	0
NC_045512.2	15538	G	0
NC_045512.2	15539	T	0
NC_045512.2	15540	C	0
NC_045512.2	15541	A	0
NC_045512.2	15542	C	0
NC_045512.2	15543	G	0
NC_045512.2	15544	G	0
NC_045512.2	15545	C	0
NC_045512.2	15546	C	0
NC_045512.2	15547	A	0
NC_045512.2	15548	A	0
NC_045512.2	15549	T	0
NC_045512.2	15550	G	0
NC_045512.2	15551	T	0
NC_045512.2	15552	T	0
NC_045512.2	15553	A	0
NC_045512.2	15554	A	0
NC_045512.2	15555	T	0
NC_045512.2	15556	G	0
NC_045512.2	15557	C	0
NC_045512.2	15558	A	0
NC_045512.2	15559	C	0
NC_045512.2	15560	T	0
NC_045512.2	15561	T	0
NC_045512.2	15562	T	0
NC_045512.2	15563	T	0
NC_045512.2	15564	A	0
NC_045512.2	15565	T	0
NC_045512.2	15566	C	0
NC_045512.2	15567	T	0
NC_045512.2	15568	A	0
NC_045512.2	15569	C	0
NC_045512.2	15570	T	0
NC_045512.2	15571	G	0
NC_045512.2	15572	A	0
NC_045512.2	15573	T	0
NC_045512.2	15574	G	0
NC_045512.2	15575	G	0
NC_045512.2	15576	T	0
NC_045512.2	15577	A	0
NC_045512.2	15578	A	0
NC_045512.2	15579	C	0
NC_045512.2	15580	A	0
NC_045512.2	15581	A	0
NC_045512.2	15582	A	0
NC_045512.2	15583	A	0
NC_045512.2	15584	T	0
NC_045512.2	15585	T	0
NC_045512.2	15586	G	0
NC_045512.2	15587	C	0
NC_045512.2	15588	C	0
NC_045512.2	15589	G	0
NC_045512.2	15590	A	0
NC_045512.2	15591	T	0
NC_045512.2	15592	A	0
NC_045512.2	15593	A	0
NC_045512.2	15594	G	0
NC_045512.2	15595	T	0
NC_045512.2	15596	A	0
NC_045512.2	15597	T	0
NC_045512.2	15598	G	0
NC_045512.2	15599	T	0
NC_045512.2	15600	C	0
NC_045512.2	15601	C	0
NC_045512.2	15602	G	0
NC_045512.2	15603	C	0
NC_045512.2	15604	A	0
NC_045512.2	15605	A	0
NC_045512.2	15606	T	0
NC_045512.2	15607	T	0
NC_045512.2	15608	T	0
NC_045512.2	15609	A	0
NC_045512.2	15610	C	0
NC_045512.2	15611	A	0
NC_045512.2	15612	A	0
NC_045512.2	15613	C	0
NC_045512.2	15614	A	0
NC_045512.2	15615	C	0
NC_045512.2	15616	A	0
NC_045512.2	15617	G	0
NC_045512.2	15618	A	0
NC_045512.2	15619	C	0
NC_045512.2	15620	T	0
NC_045512.2	15621	T	0
NC_045512.2	15622	T	0
NC_045512.2	15623	A	0
NC_045512.2	15624	T	0
NC_045512.2	15625	G	0
NC_045512.2	15626	A	0
NC_045512.2	15627	G	0
NC_045512.2	15628	T	0
NC_045512.2	15629	G	0
NC_045512.2	15630	T	0
NC_045512.2	15631	C	0
NC_045512.2	15632	T	0
NC_045512.2	15633	C	0
NC_045512.2	15634	T	0
NC_045512.2	15635	A	0
NC_045512.2	15636	T	0
NC_045512.2	15637	A	0
NC_045512.2	15638	G	0
NC_045512.2	15639	A	0
NC_045512.2	15640	A	0
NC_045512.2	15641	A	0
NC_045512.2	15642	T	0
NC_045512.2	15643	A	0
NC_045512.2	15644	G	0
NC_045512.2	15645	A	0
NC_045512.2	15646	G	0
NC_045512.2	15647	A	0
NC_045512.2	15648	T	0
NC_045512.2	15649	G	0
NC_045512.2	15650	T	0
NC_045512.2	15651	T	0
NC_045512.2	15652	G	0
NC_045512.2	15653	A	0
NC_045512.2	15654	C	0
NC_045512.2	15655	A	0
NC_045512.2	15656	C	0
NC_045512.2	15657	A	0
NC_045512.2	15658	G	0
NC_045512.2	15659	A	0
NC_045512.2	15660	C	0
NC_045512.2	15661	T	0
NC_045512.2	15662	T	0
NC_045512.2	15663	T	4
NC_045512.2	15664	G	18
NC_045512.2	15665	T	43
NC_045512.2	15666	G	43
NC_045512.2	15667	A	49
NC_045512.2	15668	A	41
NC_045512.2	15669	T	77
NC_045512.2	15670	G	80
NC_045512.2	15671	A	95
NC_045512.2	15672	G	96
NC_045512.2	15673	T	97
NC_045512.2	15674	T	97
NC_045512.2	15675	T	99
NC_045512.2	15676	T	99
NC_045512.2	15677	A	94
NC_045512.2	15678	C	97
NC_045512.2	15679	G	91
NC_045512.2	15680	C	123
NC_045512.2	15681	A	124
NC_045512.2	15682	T	160
NC_045512.2	15683	A	160
NC_045512.2	15684	T	170
NC_045512.2	15685	T	169
NC_045512.2	15686	T	168
NC_045512.2	15687	G	171
NC_045512.2	15688	C	172
NC_045512.2	15689	G	182
NC_045512.2	15690	T	182
NC_045512.2	15691	A	184
NC_045512.2	15692	A	180
NC_045512.2	15693	A	172
NC_045512.2	15694	C	163
NC_045512.2	15695	A	135
NC_045512.2	15696	T	137
NC_045512.2	15697	T	136
NC_045512.2	15698	T	137
NC_045512.2	15699	C	105
NC_045512.2	15700	T	96
NC_045512.2	15701	C	92
NC_045512.2	15702	A	87
NC_045512.2	15703	A	86
NC_045512.2	15704	T	88
NC_045512.2	15705	G	84
NC_045512.2	15706	A	79
NC_045512.2	15707	T	86
NC_045512.2	15708	G	82
NC_045512.2	15709	A	79
NC_045512.2	15710	T	56
NC_045512.2	15711	A	52
NC_045512.2	15712	C	22
NC_045512.2	15713	T	32
NC_045512.2	15714	C	27
NC_045512.2	15715	T	39
NC_045512.2	15716	C	38
NC_045512.2	15717	T	34
NC_045512.2	15718	G	33
NC_045512.2	15719	A	27
NC_045512.2	15720	C	28
NC_045512.2	15721	G	31
NC_045512.2	15722	A	29
NC_045512.2	15723	T	31
NC_045512.2	15724	G	31
NC_045512.2	15725	C	32
NC_045512.2	15726	T	46
NC_045512.2	15727	G	48
NC_045512.2	15728	T	58
NC_045512.2	15729	T	59
NC_045512.2	15730	G	59
NC_045512.2	15731	T	63
NC_045512.2	15732	G	63
NC_045512.2	15733	T	69
NC_045512.2	15734	G	71
NC_045512.2	15735	T	69
NC_045512.2	15736	T	69
NC_045512.2	15737	T	74
NC_045512.2	15738	C	102
NC_045512.2	15739	A	103
NC_045512.2	15740	A	148
NC_045512.2	15741	T	156
NC_045512.2	15742	A	157
NC_045512.2	15743	G	142
NC_045512.2	15744	C	151
NC_045512.2	15745	A	149
NC_045512.2	15746	C	147
NC_045512.2	15747	T	145
NC_045512.2	15748	T	150
NC_045512.2	15749	A	149
NC_045512.2	15750	T	156
NC_045512.2	15751	G	153
NC_045512.2	15752	C	156
NC_045512.2	15753	A	158
NC_045512.2	15754	T	181
NC_045512.2	15755	C	179
NC_045512.2	15756	T	172
NC_045512.2	15757	C	169
NC_045512.2	15758	A	168
NC_045512.2	15759	A	166
NC_045512.2	15760	G	176
NC_045512.2	15761	G	176
NC_045512.2	15762	T	179
NC_045512.2	15763	C	172
NC_045512.2	15764	T	188
NC_045512.2	15765	A	190
NC_045512.2	15766	G	192
NC_045512.2	15767	T	183
NC_045512.2	15768	G	171
NC_045512.2	15769	G	188
NC_045512.2	15770	C	154
NC_045512.2	15771	T	164
NC_045512.2	15772	A	158
NC_045512.2	15773	G	166
NC_045512.2	15774	C	176
NC_045512.2	15775	A	183
NC_045512.2	15776	T	188
NC_045512.2	15777	A	194
NC_045512.2	15778	A	190
NC_045512.2	15779	A	218
NC_045512.2	15780	G	207
NC_045512.2	15781	A	210
NC_045512.2	15782	A	207
NC_045512.2	15783	C	211
NC_045512.2	15784	T	188
NC_045512.2	15785	T	239
NC_045512.2	15786	T	237
NC_045512.2	15787	A	243
NC_045512.2	15788	A	239
NC_045512.2	15789	G	237
NC_045512.2	15790	T	229
NC_045512.2	15791	C	234
NC_045512.2	15792	A	237
NC_045512.2	15793	G	238
NC_045512.2	15794	T	201
NC_045512.2	15795	T	196
NC_045512.2	15796	C	194
NC_045512.2	15797	T	185
NC_045512.2	15798	T	187
NC_045512.2	15799	T	184
NC_045512.2	15800	A	183
NC_045512.2	15801	T	168
NC_045512.2	15802	T	166
NC_045512.2	15803	A	167
NC_045512.2	15804	T	149
NC_045512.2	15805	C	128
NC_045512.2	15806	A	125
NC_045512.2	15807	A	119
NC_045512.2	15808	A	109
NC_045512.2	15809	A	76
NC_045512.2	15810	C	74
NC_045512.2	15811	A	72
NC_045512.2	15812	A	69
NC_045512.2	15813	T	69
NC_045512.2	15814	G	58
NC_045512.2	15815	T	2
NC_045512.2	15816	T	1
NC_045512.2	15817	T	1
NC_045512.2	15818	T	1
NC_045512.2	15819	T	1
NC_045512.2	15820	A	0
NC_045512.2	15821	T	0
NC_045512.2	15822	G	0
NC_045512.2	15823	T	0
NC_045512.2	15824	C	0
NC_045512.2	15825	T	0
NC_045512.2	15826	G	0
NC_045512.2	15827	A	0
NC_045512.2	15828	A	0
NC_045512.2	15829	G	0
NC_045512.2	15830	C	0
NC_045512.2	15831	A	0
NC_045512.2	15832	A	0
NC_045512.2	15833	A	0
NC_045512.2	15834	A	0
NC_045512.2	15835	T	0
NC_045512.2	15836	G	0
NC_045512.2	15837	T	0
NC_045512.2	15838	T	0
NC_045512.2	15839	G	0
NC_045512.2	15840	G	0
NC_045512.2	15841	A	0
NC_045512.2	15842	C	0
NC_045512.2	15843	T	1
NC_045512.2	15844	G	1
NC_045512.2	15845	A	1
NC_045512.2	15846	G	1
NC_045512.2	15847	A	1
NC_045512.2	15848	C	1
NC_045512.2	15849	T	1
NC_045512.2	15850	G	1
NC_045512.2	15851	A	1
NC_045512.2	15852	C	1
NC_045512.2	15853	C	1
NC_045512.2	15854	T	1
NC_045512.2	15855	T	1
NC_045512.2	15856	A	1
NC_045512.2	15857	C	1
NC_045512.2	15858	T	1
NC_045512.2	15859	A	1
NC_045512.2	15860	A	1
NC_045512.2	15861	A	1
NC_045512.2	15862	G	1
NC_045512.2	15863	G	1
NC_045512.2	15864	A	1
NC_045512.2	15865	C	1
NC_045512.2	15866	C	1
NC_045512.2	15867	T	1
NC_045512.2	15868	C	1
NC_045512.2	15869	A	1
NC_045512.2	15870	T	1
NC_045512.2	15871	G	1
NC_045512.2	15872	A	1
NC_045512.2	15873	A	0
NC_045512.2	15874	T	0
NC_045512.2	15875	T	0
NC_045512.2	15876	T	0
NC_045512.2	15877	T	0
NC_045512.2	15878	G	0
NC_045512.2	15879	C	0
NC_045512.2	15880	T	0
NC_045512.2	15881	C	0
NC_045512.2	15882	T	0
NC_045512.2	15883	C	0
NC_045512.2	15884	A	1
NC_045512.2	15885	A	1
NC_045512.2	15886	C	1
NC_045512.2	15887	A	1
NC_045512.2	15888	T	1
NC_045512.2	15889	A	1
NC_045512.2	15890	C	1
NC_045512.2	15891	A	1
NC_045512.2	15892	A	1
NC_045512.2	15893	T	1
NC_045512.2	15894	G	1
NC_045512.2	15895	C	1
NC_045512.2	15896	T	1
NC_045512.2	15897	A	1
NC_045512.2	15898	G	1
NC_045512.2	15899	T	1
NC_045512.2	15900	T	1
NC_045512.2	15901	A	1
NC_045512.2	15902	A	1
NC_045512.2	15903	A	1
NC_045512.2	15904	C	1
NC_045512.2	15905	A	1
NC_045512.2	15906	G	1
NC_045512.2	15907	G	1
NC_045512.2	15908	G	1
NC_045512.2	15909	T	1
NC_045512.2	15910	G	1
NC_045512.2	15911	A	1
NC_045512.2	15912	T	1
NC_045512.2	15913	G	1
NC_045512.2	15914	A	1
NC_045512.2	15915	T	1
NC_045512.2	15916	T	1
NC_045512.2	15917	A	1
NC_045512.2	15918	T	1
NC_045512.2	15919	G	1
NC_045512.2	15920	T	1
NC_045512.2	15921	G	1
NC_045512.2	15922	T	1
NC_045512.2	15923	A	2
NC_045512.2	15924	C	2
NC_045512.2	15925	C	2
NC_045512.2	15926	T	2
NC_045512.2	15927	T	2
NC_045512.2	15928	C	2
NC_045512.2	15929	C	2
NC_045512.2	15930	T	2
NC_045512.2	15931	T	2
NC_045512.2	15932	A	2
NC_045512.2	15933	C	1
NC_045512.2	15934	C	2
NC_045512.2	15935	C	2
NC_045512.2	15936	A	1
NC_045512.2	15937	G	2
NC_045512.2	15938	A	2
NC_045512.2	15939	T	2
NC_045512.2	15940	C	1
NC_045512.2	15941	C	1
NC_045512.2	15942	A	2
NC_045512.2	15943	T	2
NC_045512.2	15944	C	1
NC_045512.2	15945	A	1
NC_045512.2	15946	A	1
NC_045512.2	15947	G	0
NC_045512.2	15948	A	1
NC_045512.2	15949	A	1
NC_045512.2	15950	T	1
NC_045512.2	15951	C	0
NC_045512.2	15952	C	0
NC_045512.2	15953	T	0
NC_045512.2	15954	A	0
NC_045512.2	15955	G	0
NC_045512.2	15956	G	0
NC_045512.2	15957	G	0
NC_045512.2	15958	G	0
NC_045512.2	15959	C	0
NC_045512.2	15960	C	0
NC_045512.2	15961	G	0
NC_045512.2	15962	G	0
NC_045512.2	15963	C	0
NC_045512.2	15964	T	0
NC_045512.2	15965	G	0
NC_045512.2	15966	T	0
NC_045512.2	15967	T	0
NC_045512.2	15968	T	2
NC_045512.2	15969	T	2
NC_045512.2	15970	G	2
NC_045512.2	15971	T	2
NC_045512.2	15972	A	2
NC_045512.2	15973	G	2
NC_045512.2	15974	A	2
NC_045512.2	15975	T	2
NC_045512.2	15976	G	2
NC_045512.2	15977	A	2
NC_045512.2	15978	T	2
NC_045512.2	15979	A	2
NC_045512.2	15980	T	2
NC_045512.2	15981	C	2
NC_045512.2	15982	G	2
NC_045512.2	15983	T	2
NC_045512.2	15984	A	4
NC_045512.2	15985	A	4
NC_045512.2	15986	A	7
NC_045512.2	15987	A	9
NC_045512.2	15988	A	10
NC_045512.2	15989	C	18
NC_045512.2	15990	A	17
NC_045512.2	15991	G	17
NC_045512.2	15992	A	18
NC_045512.2	15993	T	17
NC_045512.2	15994	G	19
NC_045512.2	15995	G	19
NC_045512.2	15996	T	20
NC_045512.2	15997	A	20
NC_045512.2	15998	C	19
NC_045512.2	15999	A	19
NC_045512.2	16000	C	21
NC_045512.2	16001	T	21
NC_045512.2	16002	T	24
NC_045512.2	16003	A	24
NC_045512.2	16004	T	28
NC_045512.2	16005	G	28
NC_045512.2	16006	A	29
NC_045512.2	16007	T	30
NC_045512.2	16008	T	32
NC_045512.2	16009	G	32
NC_045512.2	16010	A	33
NC_045512.2	16011	A	32
NC_045512.2	16012	C	33
NC_045512.2	16013	G	34
NC_045512.2	16014	G	32
NC_045512.2	16015	T	33
NC_045512.2	16016	T	31
NC_045512.2	16017	C	33
NC_045512.2	16018	G	34
NC_045512.2	16019	T	28
NC_045512.2	16020	G	30
NC_045512.2	16021	T	33
NC_045512.2	16022	C	33
NC_045512.2	16023	T	32
NC_045512.2	16024	T	34
NC_045512.2	16025	T	35
NC_045512.2	16026	A	35
NC_045512.2	16027	G	40
NC_045512.2	16028	C	40
NC_045512.2	16029	T	39
NC_045512.2	16030	A	40
NC_045512.2	16031	T	37
NC_045512.2	16032	A	37
NC_045512.2	16033	G	35
NC_045512.2	16034	A	31
NC_045512.2	16035	T	31
NC_045512.2	16036	G	30
NC_045512.2	16037	C	27
NC_045512.2	16038	T	31
NC_045512.2	16039	T	30
NC_045512.2	16040	A	31
NC_045512.2	16041	C	28
NC_045512.2	16042	C	27
NC_045512.2	16043	C	28
NC_045512.2	16044	A	29
NC_045512.2	16045	C	27
NC_045512.2	16046	T	30
NC_045512.2	16047	T	26
NC_045512.2	16048	A	39
NC_045512.2	16049	C	38
NC_045512.2	16050	T	40
NC_045512.2	16051	A	37
NC_045512.2	16052	A	40
NC_045512.2	16053	A	43
NC_045512.2	16054	C	43
NC_045512.2	16055	A	42
NC_045512.2	16056	T	41
NC_045512.2	16057	C	34
NC_045512.2	16058	C	36
NC_045512.2	16059	T	38
NC_045512.2	16060	A	36
NC_045512.2	16061	A	33
NC_045512.2	16062	T	36
NC_045512.2	16063	C	38
NC_045512.2	16064	A	33
NC_045512.2	16065	G	39
NC_045512.2	16066	G	39
NC_045512.2	16067	A	38
NC_045512.2	16068	G	36
NC_045512.2	16069	T	45
NC_045512.2	16070	A	46
NC_045512.2	16071	T	45
NC_045512.2	16072	G	45
NC_045512.2	16073	C	46
NC_045512.2	16074	T	44
NC_045512.2	16075	G	43
NC_045512.2	16076	A	46
NC_045512.2	16077	T	48
NC_045512.2	16078	G	38
NC_045512.2	16079	T	39
NC_045512.2	16080	C	39
NC_045512.2	16081	T	40
NC_045512.2	16082	T	38
NC_045512.2	16083	T	37
NC_045512.2	16084	C	38
NC_045512.2	16085	A	38
NC_045512.2	16086	T	57
NC_045512.2	16087	T	57
NC_045512.2	16088	T	61
NC_045512.2	16089	G	60
NC_045512.2	16090	T	59
NC_045512.2	16091	A	61
NC_045512.2	16092	C	61
NC_045512.2	16093	T	61
NC_045512.2	16094	T	63
NC_045512.2	16095	A	53
NC_045512.2	16096	C	60
NC_045512.2	16097	A	57
NC_045512.2	16098	A	58
NC_045512.2	16099	T	44
NC_045512.2	16100	A	44
NC_045512.2	16101	C	44
NC_045512.2	16102	A	47
NC_045512.2	16103	T	47
NC_045512.2	16104	A	48
NC_045512.2	16105	A	48
NC_045512.2	16106	G	45
NC_045512.2	16107	A	43
NC_045512.2	16108	A	45
NC_045512.2	16109	A	41
NC_045512.2	16110	G	42
NC_045512.2	16111	C	43
NC_045512.2	16112	T	43
NC_045512.2	16113	A	42
NC_045512.2	16114	C	38
NC_045512.2	16115	A	38
NC_045512.2	16116	T	21
NC_045512.2	16117	G	20
NC_045512.2	16118	A	14
NC_045512.2	16119	T	14
NC_045512.2	16120	G	12
NC_045512.2	16121	A	14
NC_045512.2	16122	G	13
NC_045512.2	16123	T	14
NC_045512.2	16124	T	12
NC_045512.2	16125	A	13
NC_045512.2	16126	A	5
NC_045512.2	16127	C	5
NC_045512.2	16128	A	3
NC_045512.2	16129	G	3
NC_045512.2	16130	G	3
NC_045512.2	16131	A	3
NC_045512.2	16132	C	2
NC_045512.2	16133	A	0
NC_045512.2	16134	C	0
NC_045512.2	16135	A	0
NC_045512.2	16136	T	0
NC_045512.2	16137	G	0
NC_045512.2	16138	T	0
NC_045512.2	16139	T	0
NC_045512.2	16140	A	0
NC_045512.2	16141	G	0
NC_045512.2	16142	A	0
NC_045512.2	16143	C	0
NC_045512.2	16144	A	0
NC_045512.2	16145	T	0
NC_045512.2	16146	G	0
NC_045512.2	16147	T	0
NC_045512.2	16148	A	0
NC_045512.2	16149	T	0
NC_045512.2	16150	T	0
NC_045512.2	16151	C	0
NC_045512.2	16152	T	0
NC_045512.2	16153	G	0
NC_045512.2	16154	T	0
NC_045512.2	16155	T	0
NC_045512.2	16156	A	0
NC_045512.2	16157	T	0
NC_045512.2	16158	G	0
NC_045512.2	16159	C	0
NC_045512.2	16160	T	0
NC_045512.2	16161	T	0
NC_045512.2	16162	A	0
NC_045512.2	16163	C	0
NC_045512.2	16164	T	0
NC_045512.2	16165	A	0
NC_045512.2	16166	A	0
NC_045512.2	16167	T	0
NC_045512.2	16168	G	0
NC_045512.2	16169	A	0
NC_045512.2	16170	T	0
NC_045512.2	16171	A	0
NC_045512.2	16172	A	0
NC_045512.2	16173	C	0
NC_045512.2	16174	A	0
NC_045512.2	16175	C	0
NC_045512.2	16176	T	0
NC_045512.2	16177	T	0
NC_045512.2	16178	C	0
NC_045512.2	16179	A	0
NC_045512.2	16180	A	0
NC_045512.2	16181	G	0
NC_045512.2	16182	G	0
NC_045512.2	16183	T	0
NC_045512.2	16184	A	0
NC_045512.2	16185	T	0
NC_045512.2	16186	T	0
NC_045512.2	16187	G	0
NC_045512.2	16188	G	0
NC_045512.2	16189	G	0
NC_045512.2	16190	A	0
NC_045512.2	16191	A	0
NC_045512.2	16192	C	0
NC_045512.2	16193	C	1
NC_045512.2	16194	T	1
NC_045512.2	16195	G	1
NC_045512.2	16196	A	0
NC_045512.2	16197	G	1
NC_045512.2	16198	T	1
NC_045512.2	16199	T	1
NC_045512.2	16200	T	1
NC_045512.2	16201	T	1
NC_045512.2	16202	A	1
NC_045512.2	16203	T	1
NC_045512.2	16204	G	1
NC_045512.2	16205	A	1
NC_045512.2	16206	G	1
NC_045512.2	16207	G	1
NC_045512.2	16208	C	1
NC_045512.2	16209	T	1
NC_045512.2	16210	A	1
NC_045512.2	16211	T	1
NC_045512.2	16212	G	1
NC_045512.2	16213	T	1
NC_045512.2	16214	A	1
NC_045512.2	16215	C	1
NC_045512.2	16216	A	1
NC_045512.2	16217	C	1
NC_045512.2	16218	A	1
NC_045512.2	16219	C	1
NC_045512.2	16220	C	1
NC_045512.2	16221	G	1
NC_045512.2	16222	C	1
NC_045512.2	16223	A	0
NC_045512.2	16224	T	0
NC_045512.2	16225	A	0
NC_045512.2	16226	C	0
NC_045512.2	16227	A	0
NC_045512.2	16228	G	0
NC_045512.2	16229	T	0
NC_045512.2	16230	C	0
NC_045512.2	16231	T	0
NC_045512.2	16232	T	0
NC_045512.2	16233	A	0
NC_045512.2	16234	C	0
NC_045512.2	16235	A	0
NC_045512.2	16236	G	0
NC_045512.2	16237	G	0
NC_045512.2	16238	C	0
NC_045512.2	16239	T	0
NC_045512.2	16240	G	0
NC_045512.2	16241	T	7
NC_045512.2	16242	T	10
NC_045512.2	16243	G	15
NC_045512.2	16244	G	15
NC_045512.2	16245	G	15
NC_045512.2	16246	G	15
NC_045512.2	16247	C	16
NC_045512.2	16248	T	17
NC_045512.2	16249	T	17
NC_045512.2	16250	G	19
NC_045512.2	16251	T	19
NC_045512.2	16252	G	19
NC_045512.2	16253	T	18
NC_045512.2	16254	T	19
NC_045512.2	16255	C	23
NC_045512.2	16256	T	24
NC_045512.2	16257	T	26
NC_045512.2	16258	T	26
NC_045512.2	16259	G	25
NC_045512.2	16260	C	26
NC_045512.2	16261	A	26
NC_045512.2	16262	A	23
NC_045512.2	16263	T	24
NC_045512.2	16264	T	27
NC_045512.2	16265	C	27
NC_045512.2	16266	A	26
NC_045512.2	16267	C	30
NC_045512.2	16268	A	31
NC_045512.2	16269	G	32
NC_045512.2	16270	A	31
NC_045512.2	16271	C	26
NC_045512.2	16272	T	34
NC_045512.2	16273	T	29
NC_045512.2	16274	C	30
NC_045512.2	16275	A	29
NC_045512.2	16276	T	28
NC_045512.2	16277	T	31
NC_045512.2	16278	A	31
NC_045512.2	16279	A	32
NC_045512.2	16280	G	31
NC_045512.2	16281	A	30
NC_045512.2	16282	T	31
NC_045512.2	16283	G	31
NC_045512.2	16284	T	28
NC_045512.2	16285	G	26
NC_045512.2	16286	G	31
NC_045512.2	16287	T	27
NC_045512.2	16288	G	31
NC_045512.2	16289	C	32
NC_045512.2	16290	T	31
NC_045512.2	16291	T	30
NC_045512.2	16292	G	30
NC_045512.2	16293	C	31
NC_045512.2	16294	A	31
NC_045512.2	16295	T	33
NC_045512.2	16296	A	36
NC_045512.2	16297	C	33
NC_045512.2	16298	G	32
NC_045512.2	16299	T	31
NC_045512.2	16300	A	31
NC_045512.2	16301	G	31
NC_045512.2	16302	A	28
NC_045512.2	16303	C	27
NC_045512.2	16304	C	29
NC_045512.2	16305	A	28
NC_045512.2	16306	T	27
NC_045512.2	16307	T	30
NC_045512.2	16308	C	24
NC_045512.2	16309	T	28
NC_045512.2	16310	T	26
NC_045512.2	16311	A	24
NC_045512.2	16312	T	24
NC_045512.2	16313	G	25
NC_045512.2	16314	T	25
NC_045512.2	16315	T	27
NC_045512.2	16316	G	26
NC_045512.2	16317	T	25
NC_045512.2	16318	A	25
NC_045512.2	16319	A	24
NC_045512.2	16320	A	25
NC_045512.2	16321	T	29
NC_045512.2	16322	G	28
NC_045512.2	16323	C	25
NC_045512.2	16324	T	20
NC_045512.2	16325	G	21
NC_045512.2	16326	T	19
NC_045512.2	16327	T	19
NC_045512.2	16328	A	19
NC_045512.2	16329	C	17
NC_045512.2	16330	G	19
NC_045512.2	16331	A	20
NC_045512.2	16332	C	20
NC_045512.2	16333	C	22
NC_045512.2	16334	A	21
NC_045512.2	16335	T	22
NC_045512.2	16336	G	21
NC_045512.2	16337	T	22
NC_045512.2	16338	C	21
NC_045512.2	16339	A	18
NC_045512.2	16340	T	21
NC_045512.2	16341	A	22
NC_045512.2	16342	T	23
NC_045512.2	16343	C	26
NC_045512.2	16344	A	28
NC_045512.2	16345	A	33
NC_045512.2	16346	C	34
NC_045512.2	16347	A	32
NC_045512.2	16348	T	36
NC_045512.2	16349	C	37
NC_045512.2	16350	A	35
NC_045512.2	16351	C	35
NC_045512.2	16352	A	35
NC_045512.2	16353	T	34
NC_045512.2	16354	A	36
NC_045512.2	16355	A	35
NC_045512.2	16356	A	31
NC_045512.2	16357	T	33
NC_045512.2	16358	T	32
NC_045512.2	16359	A	33
NC_045512.2	16360	G	31
NC_045512.2	16361	T	29
NC_045512.2	16362	C	31
NC_045512.2	16363	T	25
NC_045512.2	16364	T	26
NC_045512.2	16365	G	28
NC_045512.2	16366	T	27
NC_045512.2	16367	C	27
NC_045512.2	16368	T	26
NC_045512.2	16369	G	28
NC_045512.2	16370	T	23
NC_045512.2	16371	T	24
NC_045512.2	16372	A	22
NC_045512.2	16373	A	15
NC_045512.2	16374	T	13
NC_045512.2	16375	C	7
NC_045512.2	16376	C	6
NC_045512.2	16377	G	7
NC_045512.2	16378	T	1
NC_045512.2	16379	A	1
NC_045512.2	16380	T	1
NC_045512.2	16381	G	1
NC_045512.2	16382	T	0
NC_045512.2	16383	T	0
NC_045512.2	16384	T	0
NC_045512.2	16385	G	1
NC_045512.2	16386	C	1
NC_045512.2	16387	A	1
NC_045512.2	16388	A	1
NC_045512.2	16389	T	1
NC_045512.2	16390	G	1
NC_045512.2	16391	C	1
NC_045512.2	16392	T	2
NC_045512.2	16393	C	2
NC_045512.2	16394	C	2
NC_045512.2	16395	A	2
NC_045512.2	16396	G	2
NC_045512.2	16397	G	2
NC_045512.2	16398	T	1
NC_045512.2	16399	T	1
NC_045512.2	16400	G	2
NC_045512.2	16401	T	2
NC_045512.2	16402	G	2
NC_045512.2	16403	A	2
NC_045512.2	16404	T	2
NC_045512.2	16405	G	2
NC_045512.2	16406	T	2
NC_045512.2	16407	C	2
NC_045512.2	16408	A	2
NC_045512.2	16409	C	2
NC_045512.2	16410	A	2
NC_045512.2	16411	G	2
NC_045512.2	16412	A	2
NC_045512.2	16413	T	2
NC_045512.2	16414	G	2
NC_045512.2	16415	T	1
NC_045512.2	16416	G	1
NC_045512.2	16417	A	1
NC_045512.2	16418	C	1
NC_045512.2	16419	T	1
NC_045512.2	16420	C	1
NC_045512.2	16421	A	1
NC_045512.2	16422	A	0
NC_045512.2	16423	C	0
NC_045512.2	16424	T	0
NC_045512.2	16425	T	0
NC_045512.2	16426	T	0
NC_045512.2	16427	A	0
NC_045512.2	16428	C	0
NC_045512.2	16429	T	0
NC_045512.2	16430	T	0
NC_045512.2	16431	A	0
NC_045512.2	16432	G	0
NC_045512.2	16433	G	0
NC_045512.2	16434	A	0
NC_045512.2	16435	G	0
NC_045512.2	16436	G	0
NC_045512.2	16437	T	0
NC_045512.2	16438	A	0
NC_045512.2	16439	T	0
NC_045512.2	16440	G	0
NC_045512.2	16441	A	0
NC_045512.2	16442	G	0
NC_045512.2	16443	C	0
NC_045512.2	16444	T	0
NC_045512.2	16445	A	0
NC_045512.2	16446	T	0
NC_045512.2	16447	T	0
NC_045512.2	16448	A	0
NC_045512.2	16449	T	0
NC_045512.2	16450	T	0
NC_045512.2	16451	G	0
NC_045512.2	16452	T	0
NC_045512.2	16453	A	0
NC_045512.2	16454	A	0
NC_045512.2	16455	A	0
NC_045512.2	16456	T	0
NC_045512.2	16457	C	0
NC_045512.2	16458	A	0
NC_045512.2	16459	C	0
NC_045512.2	16460	A	0
NC_045512.2	16461	T	0
NC_045512.2	16462	A	0
NC_045512.2	16463	A	0
NC_045512.2	16464	A	0
NC_045512.2	16465	C	0
NC_045512.2	16466	C	0
NC_045512.2	16467	A	1
NC_045512.2	16468	C	1
NC_045512.2	16469	C	1
NC_045512.2	16470	C	1
NC_045512.2	16471	A	1
NC_045512.2	16472	T	1
NC_045512.2	16473	T	1
NC_045512.2	16474	A	1
NC_045512.2	16475	G	1
NC_045512.2	16476	T	1
NC_045512.2	16477	T	1
NC_045512.2	16478	T	1
NC_045512.2	16479	T	1
NC_045512.2	16480	C	1
NC_045512.2	16481	C	1
NC_045512.2	16482	A	1
NC_045512.2	16483	T	1
NC_045512.2	16484	T	1
NC_045512.2	16485	G	1
NC_045512.2	16486	T	1
NC_045512.2	16487	G	1
NC_045512.2	16488	T	1
NC_045512.2	16489	G	1
NC_045512.2	16490	C	1
NC_045512.2	16491	T	1
NC_045512.2	16492	A	1
NC_045512.2	16493	A	1
NC_045512.2	16494	T	1
NC_045512.2	16495	G	1
NC_045512.2	16496	G	1
NC_045512.2	16497	A	0
NC_045512.2	16498	C	0
NC_045512.2	16499	A	0
NC_045512.2	16500	A	0
NC_045512.2	16501	G	0
NC_045512.2	16502	T	0
NC_045512.2	16503	T	0
NC_045512.2	16504	T	0
NC_045512.2	16505	T	0
NC_045512.2	16506	T	0
NC_045512.2	16507	G	0
NC_045512.2	16508	G	0
NC_045512.2	16509	T	0
NC_045512.2	16510	T	0
NC_045512.2	16511	T	0
NC_045512.2	16512	A	1
NC_045512.2	16513	T	1
NC_045512.2	16514	A	1
NC_045512.2	16515	T	1
NC_045512.2	16516	A	5
NC_045512.2	16517	A	7
NC_045512.2	16518	A	8
NC_045512.2	16519	A	8
NC_045512.2	16520	A	8
NC_045512.2	16521	T	9
NC_045512.2	16522	A	9
NC_045512.2	16523	C	9
NC_045512.2	16524	A	9
NC_045512.2	16525	T	13
NC_045512.2	16526	G	15
NC_045512.2	16527	T	25
NC_045512.2	16528	G	26
NC_045512.2	16529	T	25
NC_045512.2	16530	T	25
NC_045512.2	16531	G	26
NC_045512.2	16532	G	26
NC_045512.2	16533	T	27
NC_045512.2	16534	A	27
NC_045512.2	16535	G	27
NC_045512.2	16536	C	25
NC_045512.2	16537	G	27
NC_045512.2	16538	A	27
NC_045512.2	16539	T	29
NC_045512.2	16540	A	29
NC_045512.2	16541	A	28
NC_045512.2	16542	T	28
NC_045512.2	16543	G	30
NC_045512.2	16544	T	31
NC_045512.2	16545	T	32
NC_045512.2	16546	A	29
NC_045512.2	16547	C	28
NC_045512.2	16548	T	32
NC_045512.2	16549	G	32
NC_045512.2	16550	A	31
NC_045512.2	16551	C	33
NC_045512.2	16552	T	32
NC_045512.2	16553	T	33
NC_045512.2	16554	T	34
NC_045512.2	16555	A	30
NC_045512.2	16556	A	32
NC_045512.2	16557	T	29
NC_045512.2	16558	G	26
NC_045512.2	16559	C	25
NC_045512.2	16560	A	27
NC_045512.2	16561	A	25
NC_045512.2	16562	T	27
NC_045512.2	16563	T	28
NC_045512.2	16564	G	34
NC_045512.2	16565	C	29
NC_045512.2	16566	A	28
NC_045512.2	16567	A	28
NC_045512.2	16568	C	30
NC_045512.2	16569	A	30
NC_045512.2	16570	T	28
NC_045512.2	16571	G	28
NC_045512.2	16572	T	25
NC_045512.2	16573	G	24
NC_045512.2	16574	A	22
NC_045512.2	16575	C	23
NC_045512.2	16576	T	18
NC_045512.2	16577	G	19
NC_045512.2	16578	G	17
NC_045512.2	16579	A	17
NC_045512.2	16580	C	18
NC_045512.2	16581	A	17
NC_045512.2	16582	A	16
NC_045512.2	16583	A	16
NC_045512.2	16584	T	18
NC_045512.2	16585	G	15
NC_045512.2	16586	C	14
NC_045512.2	16587	T	12
NC_045512.2	16588	G	13
NC_045512.2	16589	G	13
NC_045512.2	16590	T	14
NC_045512.2	16591	G	14
NC_045512.2	16592	A	14
NC_045512.2	16593	T	13
NC_045512.2	16594	T	9
NC_045512.2	16595	A	9
NC_045512.2	16596	C	10
NC_045512.2	16597	A	10
NC_045512.2	16598	T	10
NC_045512.2	16599	T	9
NC_045512.2	16600	T	9
NC_045512.2	16601	T	9
NC_045512.2	16602	A	9
NC_045512.2	16603	G	11
NC_045512.2	16604	C	11
NC_045512.2	16605	T	11
NC_045512.2	16606	A	13
NC_045512.2	16607	A	22
NC_045512.2	16608	C	19
NC_045512.2	16609	A	21
NC_045512.2	16610	C	19
NC_045512.2	16611	C	17
NC_045512.2	16612	T	20
NC_045512.2	16613	G	22
NC_045512.2	16614	T	21
NC_045512.2	16615	A	21
NC_045512.2	16616	C	21
NC_045512.2	16617	T	22
NC_045512.2	16618	G	21
NC_045512.2	16619	A	21
NC_045512.2	16620	A	20
NC_045512.2	16621	A	22
NC_045512.2	16622	G	21
NC_045512.2	16623	A	23
NC_045512.2	16624	C	23
NC_045512.2	16625	T	22
NC_045512.2	16626	C	22
NC_045512.2	16627	A	24
NC_045512.2	16628	A	24
NC_045512.2	16629	G	23
NC_045512.2	16630	C	24
NC_045512.2	16631	T	23
NC_045512.2	16632	T	22
NC_045512.2	16633	T	24
NC_045512.2	16634	T	24
NC_045512.2	16635	T	28
NC_045512.2	16636	G	27
NC_045512.2	16637	C	24
NC_045512.2	16638	A	22
NC_045512.2	16639	G	26
NC_045512.2	16640	C	24
NC_045512.2	16641	A	25
NC_045512.2	16642	G	25
NC_045512.2	16643	A	25
NC_045512.2	16644	A	24
NC_045512.2	16645	A	23
NC_045512.2	16646	C	23
NC_045512.2	16647	G	21
NC_045512.2	16648	C	23
NC_045512.2	16649	T	21
NC_045512.2	16650	C	20
NC_045512.2	16651	A	22
NC_045512.2	16652	A	20
NC_045512.2	16653	A	20
NC_045512.2	16654	G	19
NC_045512.2	16655	C	19
NC_045512.2	16656	T	18
NC_045512.2	16657	A	18
NC_045512.2	16658	C	16
NC_045512.2	16659	T	15
NC_045512.2	16660	G	15
NC_045512.2	16661	A	15
NC_045512.2	16662	G	15
NC_045512.2	16663	G	15
NC_045512.2	16664	A	13
NC_045512.2	16665	G	12
NC_045512.2	16666	A	10
NC_045512.2	16667	C	1
NC_045512.2	16668	A	1
NC_045512.2	16669	T	0
NC_045512.2	16670	T	0
NC_045512.2	16671	T	0
NC_045512.2	16672	A	0
NC_045512.2	16673	A	0
NC_045512.2	16674	A	0
NC_045512.2	16675	C	0
NC_045512.2	16676	T	0
NC_045512.2	16677	G	0
NC_045512.2	16678	T	0
NC_045512.2	16679	C	0
NC_045512.2	16680	T	0
NC_045512.2	16681	T	0
NC_045512.2	16682	A	1
NC_045512.2	16683	T	1
NC_045512.2	16684	G	1
NC_045512.2	16685	G	1
NC_045512.2	16686	T	1
NC_045512.2	16687	A	1
NC_045512.2	16688	T	1
NC_045512.2	16689	T	1
NC_045512.2	16690	G	1
NC_045512.2	16691	C	0
NC_045512.2	16692	T	1
NC_045512.2	16693	A	1
NC_045512.2	16694	C	1
NC_045512.2	16695	T	1
NC_045512.2	16696	G	1
NC_045512.2	16697	T	1
NC_045512.2	16698	A	1
NC_045512.2	16699	C	1
NC_045512.2	16700	G	1
NC_045512.2	16701	T	1
NC_045512.2	16702	G	1
NC_045512.2	16703	A	1
NC_045512.2	16704	A	1
NC_045512.2	16705	G	1
NC_045512.2	16706	T	1
NC_045512.2	16707	G	1
NC_045512.2	16708	C	1
NC_045512.2	16709	T	1
NC_045512.2	16710	G	1
NC_045512.2	16711	T	1
NC_045512.2	16712	C	0
NC_045512.2	16713	T	0
NC_045512.2	16714	G	0
NC_045512.2	16715	A	1
NC_045512.2	16716	C	1
NC_045512.2	16717	A	1
NC_045512.2	16718	G	1
NC_045512.2	16719	A	1
NC_045512.2	16720	G	1
NC_045512.2	16721	A	1
NC_045512.2	16722	A	1
NC_045512.2	16723	T	1
NC_045512.2	16724	T	1
NC_045512.2	16725	A	1
NC_045512.2	16726	C	1
NC_045512.2	16727	A	1
NC_045512.2	16728	T	1
NC_045512.2	16729	C	1
NC_045512.2	16730	T	1
NC_045512.2	16731	T	1
NC_045512.2	16732	T	1
NC_045512.2	16733	C	1
NC_045512.2	16734	A	1
NC_045512.2	16735	T	1
NC_045512.2	16736	G	1
NC_045512.2	16737	G	1
NC_045512.2	16738	G	1
NC_045512.2	16739	A	1
NC_045512.2	16740	A	1
NC_045512.2	16741	G	1
NC_045512.2	16742	T	1
NC_045512.2	16743	T	1
NC_045512.2	16744	G	1
NC_045512.2	16745	G	0
NC_045512.2	16746	T	0
NC_045512.2	16747	A	0
NC_045512.2	16748	A	0
NC_045512.2	16749	A	0
NC_045512.2	16750	C	0
NC_045512.2	16751	C	0
NC_045512.2	16752	T	0
NC_045512.2	16753	A	0
NC_045512.2	16754	G	0
NC_045512.2	16755	A	0
NC_045512.2	16756	C	0
NC_045512.2	16757	C	0
NC_045512.2	16758	A	0
NC_045512.2	16759	C	0
NC_045512.2	16760	C	0
NC_045512.2	16761	A	0
NC_045512.2	16762	C	0
NC_045512.2	16763	T	0
NC_045512.2	16764	T	0
NC_045512.2	16765	A	0
NC_045512.2	16766	A	0
NC_045512.2	16767	C	0
NC_045512.2	16768	C	0
NC_045512.2	16769	G	0
NC_045512.2	16770	A	0
NC_045512.2	16771	A	0
NC_045512.2	16772	A	0
NC_045512.2	16773	T	0
NC_045512.2	16774	T	0
NC_045512.2	16775	A	0
NC_045512.2	16776	T	0
NC_045512.2	16777	G	0
NC_045512.2	16778	T	0
NC_045512.2	16779	C	0
NC_045512.2	16780	T	0
NC_045512.2	16781	T	0
NC_045512.2	16782	T	0
NC_045512.2	16783	A	0
NC_045512.2	16784	C	0
NC_045512.2	16785	T	0
NC_045512.2	16786	G	0
NC_045512.2	16787	G	0
NC_045512.2	16788	T	0
NC_045512.2	16789	T	0
NC_045512.2	16790	A	0
NC_045512.2	16791	T	0
NC_045512.2	16792	C	0
NC_045512.2	16793	G	0
NC_045512.2	16794	T	0
NC_045512.2	16795	G	0
NC_045512.2	16796	T	0
NC_045512.2	16797	A	0
NC_045512.2	16798	A	1
NC_045512.2	16799	C	1
NC_045512.2	16800	T	1
NC_045512.2	16801	A	1
NC_045512.2	16802	A	1
NC_045512.2	16803	A	1
NC_045512.2	16804	A	1
NC_045512.2	16805	A	1
NC_045512.2	16806	C	1
NC_045512.2	16807	A	1
NC_045512.2	16808	G	1
NC_045512.2	16809	T	1
NC_045512.2	16810	A	1
NC_045512.2	16811	A	1
NC_045512.2	16812	A	1
NC_045512.2	16813	G	1
NC_045512.2	16814	T	1
NC_045512.2	16815	A	2
NC_045512.2	16816	C	2
NC_045512.2	16817	A	2
NC_045512.2	16818	A	2
NC_045512.2	16819	A	2
NC_045512.2	16820	T	3
NC_045512.2	16821	A	21
NC_045512.2	16822	G	22
NC_045512.2	16823	G	22
NC_045512.2	16824	A	23
NC_045512.2	16825	G	23
NC_045512.2	16826	A	40
NC_045512.2	16827	G	40
NC_045512.2	16828	T	45
NC_045512.2	16829	A	51
NC_045512.2	16830	C	50
NC_045512.2	16831	A	67
NC_045512.2	16832	C	67
NC_045512.2	16833	C	65
NC_045512.2	16834	T	67
NC_045512.2	16835	T	66
NC_045512.2	16836	T	70
NC_045512.2	16837	G	70
NC_045512.2	16838	A	69
NC_045512.2	16839	A	67
NC_045512.2	16840	A	68
NC_045512.2	16841	A	81
NC_045512.2	16842	A	82
NC_045512.2	16843	G	80
NC_045512.2	16844	G	80
NC_045512.2	16845	T	76
NC_045512.2	16846	G	81
NC_045512.2	16847	A	85
NC_045512.2	16848	C	87
NC_045512.2	16849	T	87
NC_045512.2	16850	A	84
NC_045512.2	16851	T	77
NC_045512.2	16852	G	75
NC_045512.2	16853	G	75
NC_045512.2	16854	T	68
NC_045512.2	16855	G	73
NC_045512.2	16856	A	61
NC_045512.2	16857	T	60
NC_045512.2	16858	G	57
NC_045512.2	16859	C	60
NC_045512.2	16860	T	62
NC_045512.2	16861	G	46
NC_045512.2	16862	T	48
NC_045512.2	16863	T	48
NC_045512.2	16864	G	49
NC_045512.2	16865	T	53
NC_045512.2	16866	T	54
NC_045512.2	16867	T	55
NC_045512.2	16868	A	54
NC_045512.2	16869	C	55
NC_045512.2	16870	C	69
NC_045512.2	16871	G	61
NC_045512.2	16872	A	62
NC_045512.2	16873	G	64
NC_045512.2	16874	G	62
NC_045512.2	16875	T	63
NC_045512.2	16876	A	60
NC_045512.2	16877	C	60
NC_045512.2	16878	A	60
NC_045512.2	16879	A	61
NC_045512.2	16880	C	62
NC_045512.2	16881	A	61
NC_045512.2	16882	A	58
NC_045512.2	16883	C	59
NC_045512.2	16884	T	57
NC_045512.2	16885	T	60
NC_045512.2	16886	A	63
NC_045512.2	16887	C	59
NC_045512.2	16888	A	58
NC_045512.2	16889	A	55
NC_045512.2	16890	A	54
NC_045512.2	16891	T	56
NC_045512.2	16892	T	52
NC_045512.2	16893	A	54
NC_045512.2	16894	A	52
NC_045512.2	16895	A	50
NC_045512.2	16896	T	48
NC_045512.2	16897	G	44
NC_045512.2	16898	T	48
NC_045512.2	16899	T	47
NC_045512.2	16900	G	37
NC_045512.2	16901	G	38
NC_045512.2	16902	T	37
NC_045512.2	16903	G	35
NC_045512.2	16904	A	34
NC_045512.2	16905	T	33
NC_045512.2	16906	T	33
NC_045512.2	16907	A	30
NC_045512.2	16908	T	28
NC_045512.2	16909	T	29
NC_045512.2	16910	T	24
NC_045512.2	16911	T	24
NC_045512.2	16912	G	24
NC_045512.2	16913	T	24
NC_045512.2	16914	G	25
NC_045512.2	16915	C	21
NC_045512.2	16916	T	22
NC_045512.2	16917	G	20
NC_045512.2	16918	A	21
NC_045512.2	16919	C	18
NC_045512.2	16920	A	16
NC_045512.2	16921	T	16
NC_045512.2	16922	C	16
NC_045512.2	16923	A	13
NC_045512.2	16924	C	17
NC_045512.2	16925	A	18
NC_045512.2	16926	T	19
NC_045512.2	16927	A	17
NC_045512.2	16928	C	15
NC_045512.2	16929	A	15
NC_045512.2	16930	G	8
NC_045512.2	16931	T	7
NC_045512.2	16932	A	6
NC_045512.2	16933	A	18
NC_045512.2	16934	T	27
NC_045512.2	16935	G	27
NC_045512.2	16936	C	27
NC_045512.2	16937	C	29
NC_045512.2	16938	A	32
NC_045512.2	16939	T	34
NC_045512.2	16940	T	32
NC_045512.2	16941	A	41
NC_045512.2	16942	A	40
NC_045512.2	16943	G	72
NC_045512.2	16944	T	71
NC_045512.2	16945	G	72
NC_045512.2	16946	C	69
NC_045512.2	16947	A	75
NC_045512.2	16948	C	94
NC_045512.2	16949	C	94
NC_045512.2	16950	T	98
NC_045512.2	16951	A	97
NC_045512.2	16952	C	95
NC_045512.2	16953	A	91
NC_045512.2	16954	C	91
NC_045512.2	16955	T	92
NC_045512.2	16956	A	92
NC_045512.2	16957	G	90
NC_045512.2	16958	T	93
NC_045512.2	16959	G	90
NC_045512.2	16960	C	90
NC_045512.2	16961	C	92
NC_045512.2	16962	A	92
NC_045512.2	16963	C	83
NC_045512.2	16964	A	80
NC_045512.2	16965	A	78
NC_045512.2	16966	G	80
NC_045512.2	16967	A	78
NC_045512.2	16968	G	75
NC_045512.2	16969	C	75
NC_045512.2	16970	A	73
NC_045512.2	16971	C	69
NC_045512.2	16972	T	71
NC_045512.2	16973	A	32
NC_045512.2	16974	T	31
NC_045512.2	16975	G	31
NC_045512.2	16976	T	30
NC_045512.2	16977	T	31
NC_045512.2	16978	A	5
NC_045512.2	16979	G	5
NC_045512.2	16980	A	5
NC_045512.2	16981	A	4
NC_045512.2	16982	T	4
NC_045512.2	16983	T	4
NC_045512.2	16984	A	1
NC_045512.2	16985	C	1
NC_045512.2	16986	T	1
NC_045512.2	16987	G	1
NC_045512.2	16988	G	1
NC_045512.2	16989	C	1
NC_045512.2	16990	T	1
NC_045512.2	16991	T	1
NC_045512.2	16992	A	1
NC_045512.2	16993	T	1
NC_045512.2	16994	A	0
NC_045512.2	16995	C	0
NC_045512.2	16996	C	0
NC_045512.2	16997	C	0
NC_045512.2	16998	A	0
NC_045512.2	16999	A	0
NC_045512.2	17000	C	0
NC_045512.2	17001	A	0
NC_045512.2	17002	C	0
NC_045512.2	17003	T	0
NC_045512.2	17004	C	0
NC_045512.2	17005	A	0
NC_045512.2	17006	A	0
NC_045512.2	17007	T	0
NC_045512.2	17008	A	0
NC_045512.2	17009	T	0
NC_045512.2	17010	C	0
NC_045512.2	17011	T	0
NC_045512.2	17012	C	0
NC_045512.2	17013	A	0
NC_045512.2	17014	G	0
NC_045512.2	17015	A	0
NC_045512.2	17016	T	0
NC_045512.2	17017	G	0
NC_045512.2	17018	A	0
NC_045512.2	17019	G	0
NC_045512.2	17020	T	0
NC_045512.2	17021	T	0
NC_045512.2	17022	T	0
NC_045512.2	17023	T	0
NC_045512.2	17024	C	0
NC_045512.2	17025	T	0
NC_045512.2	17026	A	0
NC_045512.2	17027	G	0
NC_045512.2	17028	C	0
NC_045512.2	17029	A	0
NC_045512.2	17030	A	0
NC_045512.2	17031	T	0
NC_045512.2	17032	G	0
NC_045512.2	17033	T	0
NC_045512.2	17034	T	0
NC_045512.2	17035	G	0
NC_045512.2	17036	C	0
NC_045512.2	17037	A	0
NC_045512.2	17038	A	0
NC_045512.2	17039	A	0
NC_045512.2	17040	T	0
NC_045512.2	17041	T	0
NC_045512.2	17042	A	0
NC_045512.2	17043	T	0
NC_045512.2	17044	C	0
NC_045512.2	17045	A	0
NC_045512.2	17046	A	0
NC_045512.2	17047	A	0
NC_045512.2	17048	A	0
NC_045512.2	17049	G	0
NC_045512.2	17050	G	0
NC_045512.2	17051	T	0
NC_045512.2	17052	T	0
NC_045512.2	17053	G	0
NC_045512.2	17054	G	0
NC_045512.2	17055	T	0
NC_045512.2	17056	A	0
NC_045512.2	17057	T	0
NC_045512.2	17058	G	0
NC_045512.2	17059	C	0
NC_045512.2	17060	A	0
NC_045512.2	17061	A	0
NC_045512.2	17062	A	0
NC_045512.2	17063	A	0
NC_045512.2	17064	G	0
NC_045512.2	17065	T	0
NC_045512.2	17066	A	0
NC_045512.2	17067	T	0
NC_045512.2	17068	T	0
NC_045512.2	17069	C	0
NC_045512.2	17070	T	1
NC_045512.2	17071	A	0
NC_045512.2	17072	C	0
NC_045512.2	17073	A	1
NC_045512.2	17074	C	0
NC_045512.2	17075	T	1
NC_045512.2	17076	C	1
NC_045512.2	17077	C	0
NC_045512.2	17078	A	1
NC_045512.2	17079	G	1
NC_045512.2	17080	G	1
NC_045512.2	17081	G	1
NC_045512.2	17082	A	1
NC_045512.2	17083	C	1
NC_045512.2	17084	C	0
NC_045512.2	17085	A	1
NC_045512.2	17086	C	1
NC_045512.2	17087	C	1
NC_045512.2	17088	T	1
NC_045512.2	17089	G	1
NC_045512.2	17090	G	1
NC_045512.2	17091	T	0
NC_045512.2	17092	A	1
NC_045512.2	17093	C	1
NC_045512.2	17094	T	0
NC_045512.2	17095	G	0
NC_045512.2	17096	G	0
NC_045512.2	17097	T	0
NC_045512.2	17098	A	0
NC_045512.2	17099	A	1
NC_045512.2	17100	G	1
NC_045512.2	17101	A	1
NC_045512.2	17102	G	1
NC_045512.2	17103	T	1
NC_045512.2	17104	C	1
NC_045512.2	17105	A	1
NC_045512.2	17106	T	1
NC_045512.2	17107	T	1
NC_045512.2	17108	T	1
NC_045512.2	17109	T	1
NC_045512.2	17110	G	1
NC_045512.2	17111	C	1
NC_045512.2	17112	T	1
NC_045512.2	17113	A	1
NC_045512.2	17114	T	3
NC_045512.2	17115	T	3
NC_045512.2	17116	G	2
NC_045512.2	17117	G	2
NC_045512.2	17118	C	3
NC_045512.2	17119	C	3
NC_045512.2	17120	T	7
NC_045512.2	17121	A	7
NC_045512.2	17122	G	7
NC_045512.2	17123	C	13
NC_045512.2	17124	T	13
NC_045512.2	17125	C	17
NC_045512.2	17126	T	16
NC_045512.2	17127	C	17
NC_045512.2	17128	T	17
NC_045512.2	17129	A	15
NC_045512.2	17130	C	16
NC_045512.2	17131	T	17
NC_045512.2	17132	A	16
NC_045512.2	17133	C	17
NC_045512.2	17134	C	17
NC_045512.2	17135	C	16
NC_045512.2	17136	T	17
NC_045512.2	17137	T	16
NC_045512.2	17138	C	16
NC_045512.2	17139	T	17
NC_045512.2	17140	G	17
NC_045512.2	17141	C	16
NC_045512.2	17142	T	16
NC_045512.2	17143	C	18
NC_045512.2	17144	G	16
NC_045512.2	17145	C	16
NC_045512.2	17146	A	17
NC_045512.2	17147	T	17
NC_045512.2	17148	A	17
NC_045512.2	17149	G	17
NC_045512.2	17150	T	15
NC_045512.2	17151	G	16
NC_045512.2	17152	T	20
NC_045512.2	17153	A	17
NC_045512.2	17154	T	17
NC_045512.2	17155	A	14
NC_045512.2	17156	C	14
NC_045512.2	17157	A	13
NC_045512.2	17158	G	13
NC_045512.2	17159	C	12
NC_045512.2	17160	T	12
NC_045512.2	17161	T	13
NC_045512.2	17162	G	13
NC_045512.2	17163	C	14
NC_045512.2	17164	T	15
NC_045512.2	17165	C	15
NC_045512.2	17166	T	15
NC_045512.2	17167	C	14
NC_045512.2	17168	A	15
NC_045512.2	17169	T	14
NC_045512.2	17170	G	14
NC_045512.2	17171	C	16
NC_045512.2	17172	C	16
NC_045512.2	17173	G	17
NC_045512.2	17174	C	16
NC_045512.2	17175	T	17
NC_045512.2	17176	G	14
NC_045512.2	17177	T	15
NC_045512.2	17178	T	15
NC_045512.2	17179	G	15
NC_045512.2	17180	A	12
NC_045512.2	17181	T	11
NC_045512.2	17182	G	8
NC_045512.2	17183	C	11
NC_045512.2	17184	A	10
NC_045512.2	17185	C	9
NC_045512.2	17186	T	10
NC_045512.2	17187	A	11
NC_045512.2	17188	T	12
NC_045512.2	17189	G	14
NC_045512.2	17190	T	14
NC_045512.2	17191	G	14
NC_045512.2	17192	A	14
NC_045512.2	17193	G	13
NC_045512.2	17194	A	13
NC_045512.2	17195	A	14
NC_045512.2	17196	G	14
NC_045512.2	17197	G	17
NC_045512.2	17198	C	18
NC_045512.2	17199	A	19
NC_045512.2	17200	T	19
NC_045512.2	17201	T	18
NC_045512.2	17202	A	16
NC_045512.2	17203	A	15
NC_045512.2	17204	A	14
NC_045512.2	17205	A	13
NC_045512.2	17206	T	16
NC_045512.2	17207	A	14
NC_045512.2	17208	T	16
NC_045512.2	17209	T	16
NC_045512.2	17210	T	16
NC_045512.2	17211	G	15
NC_045512.2	17212	C	15
NC_045512.2	17213	C	13
NC_045512.2	17214	T	13
NC_045512.2	17215	A	12
NC_045512.2	17216	T	15
NC_045512.2	17217	A	14
NC_045512.2	17218	G	15
NC_045512.2	17219	A	12
NC_045512.2	17220	T	13
NC_045512.2	17221	A	14
NC_045512.2	17222	A	14
NC_045512.2	17223	A	14
NC_045512.2	17224	T	15
NC_045512.2	17225	G	14
NC_045512.2	17226	T	14
NC_045512.2	17227	A	9
NC_045512.2	17228	G	8
NC_045512.2	17229	T	8
NC_045512.2	17230	A	5
NC_045512.2	17231	G	4
NC_045512.2	17232	A	5
NC_045512.2	17233	A	5
NC_045512.2	17234	T	6
NC_045512.2	17235	T	6
NC_045512.2	17236	A	5
NC_045512.2	17237	T	5
NC_045512.2	17238	A	5
NC_045512.2	17239	C	5
NC_045512.2	17240	C	6
NC_045512.2	17241	T	8
NC_045512.2	17242	G	8
NC_045512.2	17243	C	8
NC_045512.2	17244	A	8
NC_045512.2	17245	C	8
NC_045512.2	17246	G	7
NC_045512.2	17247	T	8
NC_045512.2	17248	G	9
NC_045512.2	17249	C	9
NC_045512.2	17250	T	9
NC_045512.2	17251	C	8
NC_045512.2	17252	G	8
NC_045512.2	17253	T	8
NC_045512.2	17254	G	8
NC_045512.2	17255	T	8
NC_045512.2	17256	A	8
NC_045512.2	17257	G	8
NC_045512.2	17258	A	8
NC_045512.2	17259	G	8
NC_045512.2	17260	T	8
NC_045512.2	17261	G	8
NC_045512.2	17262	T	8
NC_045512.2	17263	T	8
NC_045512.2	17264	T	7
NC_045512.2	17265	T	7
NC_045512.2	17266	G	6
NC_045512.2	17267	A	6
NC_045512.2	17268	T	6
NC_045512.2	17269	A	7
NC_045512.2	17270	A	6
NC_045512.2	17271	A	4
NC_045512.2	17272	T	4
NC_045512.2	17273	T	4
NC_045512.2	17274	C	4
NC_045512.2	17275	A	4
NC_045512.2	17276	A	4
NC_045512.2	17277	A	3
NC_045512.2	17278	G	1
NC_045512.2	17279	T	1
NC_045512.2	17280	G	1
NC_045512.2	17281	A	1
NC_045512.2	17282	A	1
NC_045512.2	17283	T	1
NC_045512.2	17284	T	1
NC_045512.2	17285	C	1
NC_045512.2	17286	A	1
NC_045512.2	17287	A	1
NC_045512.2	17288	C	1
NC_045512.2	17289	A	1
NC_045512.2	17290	T	1
NC_045512.2	17291	T	1
NC_045512.2	17292	A	1
NC_045512.2	17293	G	1
NC_045512.2	17294	A	1
NC_045512.2	17295	A	1
NC_045512.2	17296	C	1
NC_045512.2	17297	A	1
NC_045512.2	17298	G	1
NC_045512.2	17299	T	0
NC_045512.2	17300	A	0
NC_045512.2	17301	T	0
NC_045512.2	17302	G	0
NC_045512.2	17303	T	0
NC_045512.2	17304	C	0
NC_045512.2	17305	T	0
NC_045512.2	17306	T	0
NC_045512.2	17307	T	0
NC_045512.2	17308	T	0
NC_045512.2	17309	G	0
NC_045512.2	17310	T	0
NC_045512.2	17311	A	0
NC_045512.2	17312	C	0
NC_045512.2	17313	T	0
NC_045512.2	17314	G	0
NC_045512.2	17315	T	0
NC_045512.2	17316	A	0
NC_045512.2	17317	A	0
NC_045512.2	17318	A	0
NC_045512.2	17319	T	0
NC_045512.2	17320	G	0
NC_045512.2	17321	C	0
NC_045512.2	17322	A	0
NC_045512.2	17323	T	0
NC_045512.2	17324	T	0
NC_045512.2	17325	G	0
NC_045512.2	17326	C	0
NC_045512.2	17327	C	0
NC_045512.2	17328	T	0
NC_045512.2	17329	G	0
NC_045512.2	17330	A	0
NC_045512.2	17331	G	0
NC_045512.2	17332	A	0
NC_045512.2	17333	C	0
NC_045512.2	17334	G	0
NC_045512.2	17335	A	0
NC_045512.2	17336	C	0
NC_045512.2	17337	A	0
NC_045512.2	17338	G	0
NC_045512.2	17339	C	0
NC_045512.2	17340	A	0
NC_045512.2	17341	G	0
NC_045512.2	17342	A	0
NC_045512.2	17343	T	0
NC_045512.2	17344	A	0
NC_045512.2	17345	T	0
NC_045512.2	17346	A	0
NC_045512.2	17347	G	0
NC_045512.2	17348	T	0
NC_045512.2	17349	T	0
NC_045512.2	17350	G	0
NC_045512.2	17351	T	0
NC_045512.2	17352	C	0
NC_045512.2	17353	T	0
NC_045512.2	17354	T	0
NC_045512.2	17355	T	0
NC_045512.2	17356	G	0
NC_045512.2	17357	A	0
NC_045512.2	17358	T	0
NC_045512.2	17359	G	0
NC_045512.2	17360	A	0
NC_045512.2	17361	A	0
NC_045512.2	17362	A	0
NC_045512.2	17363	T	0
NC_045512.2	17364	T	0
NC_045512.2	17365	T	0
NC_045512.2	17366	C	0
NC_045512.2	17367	A	0
NC_045512.2	17368	A	1
NC_045512.2	17369	T	1
NC_045512.2	17370	G	1
NC_045512.2	17371	G	1
NC_045512.2	17372	C	1
NC_045512.2	17373	C	1
NC_045512.2	17374	A	1
NC_045512.2	17375	C	1
NC_045512.2	17376	A	1
NC_045512.2	17377	A	1
NC_045512.2	17378	A	1
NC_045512.2	17379	T	1
NC_045512.2	17380	T	1
NC_045512.2	17381	A	1
NC_045512.2	17382	T	1
NC_045512.2	17383	G	1
NC_045512.2	17384	A	1
NC_045512.2	17385	T	1
NC_045512.2	17386	T	1
NC_045512.2	17387	T	1
NC_045512.2	17388	G	1
NC_045512.2	17389	A	1
NC_045512.2	17390	G	1
NC_045512.2	17391	T	1
NC_045512.2	17392	G	1
NC_045512.2	17393	T	1
NC_045512.2	17394	T	1
NC_045512.2	17395	G	1
NC_045512.2	17396	T	1
NC_045512.2	17397	C	1
NC_045512.2	17398	A	0
NC_045512.2	17399	A	0
NC_045512.2	17400	T	0
NC_045512.2	17401	G	0
NC_045512.2	17402	C	0
NC_045512.2	17403	C	0
NC_045512.2	17404	A	0
NC_045512.2	17405	G	0
NC_045512.2	17406	A	0
NC_045512.2	17407	T	0
NC_045512.2	17408	T	0
NC_045512.2	17409	A	0
NC_045512.2	17410	C	0
NC_045512.2	17411	G	0
NC_045512.2	17412	T	0
NC_045512.2	17413	G	0
NC_045512.2	17414	C	0
NC_045512.2	17415	T	0
NC_045512.2	17416	A	0
NC_045512.2	17417	A	0
NC_045512.2	17418	G	0
NC_045512.2	17419	C	0
NC_045512.2	17420	A	0
NC_045512.2	17421	C	0
NC_045512.2	17422	T	0
NC_045512.2	17423	A	0
NC_045512.2	17424	T	0
NC_045512.2	17425	G	0
NC_045512.2	17426	T	0
NC_045512.2	17427	G	0
NC_045512.2	17428	T	0
NC_045512.2	17429	A	0
NC_045512.2	17430	C	0
NC_045512.2	17431	A	0
NC_045512.2	17432	T	0
NC_045512.2	17433	T	0
NC_045512.2	17434	G	0
NC_045512.2	17435	G	0
NC_045512.2	17436	C	0
NC_045512.2	17437	G	0
NC_045512.2	17438	A	0
NC_045512.2	17439	C	0
NC_045512.2	17440	C	0
NC_045512.2	17441	C	0
NC_045512.2	17442	T	0
NC_045512.2	17443	G	0
NC_045512.2	17444	C	0
NC_045512.2	17445	T	0
NC_045512.2	17446	C	0
NC_045512.2	17447	A	0
NC_045512.2	17448	A	0
NC_045512.2	17449	T	0
NC_045512.2	17450	T	0
NC_045512.2	17451	A	0
NC_045512.2	17452	C	11
NC_045512.2	17453	C	13
NC_045512.2	17454	T	20
NC_045512.2	17455	G	21
NC_045512.2	17456	C	23
NC_045512.2	17457	A	35
NC_045512.2	17458	C	35
NC_045512.2	17459	C	49
NC_045512.2	17460	A	68
NC_045512.2	17461	C	74
NC_045512.2	17462	G	87
NC_045512.2	17463	C	122
NC_045512.2	17464	A	124
NC_045512.2	17465	C	129
NC_045512.2	17466	A	136
NC_045512.2	17467	T	135
NC_045512.2	17468	T	136
NC_045512.2	17469	G	134
NC_045512.2	17470	C	138
NC_045512.2	17471	T	139
NC_045512.2	17472	A	134
NC_045512.2	17473	A	141
NC_045512.2	17474	C	140
NC_045512.2	17475	T	142
NC_045512.2	17476	A	139
NC_045512.2	17477	A	136
NC_045512.2	17478	G	138
NC_045512.2	17479	G	136
NC_045512.2	17480	G	139
NC_045512.2	17481	C	137
NC_045512.2	17482	A	135
NC_045512.2	17483	C	134
NC_045512.2	17484	A	130
NC_045512.2	17485	C	131
NC_045512.2	17486	T	129
NC_045512.2	17487	A	121
NC_045512.2	17488	G	120
NC_045512.2	17489	A	113
NC_045512.2	17490	A	101
NC_045512.2	17491	C	100
NC_045512.2	17492	C	92
NC_045512.2	17493	A	67
NC_045512.2	17494	G	67
NC_045512.2	17495	A	63
NC_045512.2	17496	A	61
NC_045512.2	17497	T	59
NC_045512.2	17498	A	61
NC_045512.2	17499	T	70
NC_045512.2	17500	T	68
NC_045512.2	17501	T	72
NC_045512.2	17502	C	70
NC_045512.2	17503	A	70
NC_045512.2	17504	A	50
NC_045512.2	17505	T	54
NC_045512.2	17506	T	58
NC_045512.2	17507	C	59
NC_045512.2	17508	A	61
NC_045512.2	17509	G	61
NC_045512.2	17510	T	62
NC_045512.2	17511	G	63
NC_045512.2	17512	T	60
NC_045512.2	17513	G	59
NC_045512.2	17514	T	48
NC_045512.2	17515	A	51
NC_045512.2	17516	G	57
NC_045512.2	17517	A	58
NC_045512.2	17518	C	58
NC_045512.2	17519	T	54
NC_045512.2	17520	T	57
NC_045512.2	17521	A	60
NC_045512.2	17522	T	56
NC_045512.2	17523	G	57
NC_045512.2	17524	A	53
NC_045512.2	17525	A	60
NC_045512.2	17526	A	60
NC_045512.2	17527	A	84
NC_045512.2	17528	C	85
NC_045512.2	17529	T	80
NC_045512.2	17530	A	81
NC_045512.2	17531	T	82
NC_045512.2	17532	A	86
NC_045512.2	17533	G	88
NC_045512.2	17534	G	84
NC_045512.2	17535	T	83
NC_045512.2	17536	C	87
NC_045512.2	17537	C	92
NC_045512.2	17538	A	92
NC_045512.2	17539	G	91
NC_045512.2	17540	A	95
NC_045512.2	17541	C	88
NC_045512.2	17542	A	102
NC_045512.2	17543	T	110
NC_045512.2	17544	G	111
NC_045512.2	17545	T	104
NC_045512.2	17546	T	106
NC_045512.2	17547	C	101
NC_045512.2	17548	C	102
NC_045512.2	17549	T	91
NC_045512.2	17550	C	94
NC_045512.2	17551	G	92
NC_045512.2	17552	G	92
NC_045512.2	17553	A	122
NC_045512.2	17554	A	117
NC_045512.2	17555	C	113
NC_045512.2	17556	T	108
NC_045512.2	17557	T	95
NC_045512.2	17558	G	92
NC_045512.2	17559	T	86
NC_045512.2	17560	C	90
NC_045512.2	17561	G	87
NC_045512.2	17562	G	86
NC_045512.2	17563	C	87
NC_045512.2	17564	G	87
NC_045512.2	17565	T	89
NC_045512.2	17566	T	76
NC_045512.2	17567	G	76
NC_045512.2	17568	T	74
NC_045512.2	17569	C	71
NC_045512.2	17570	C	75
NC_045512.2	17571	T	74
NC_045512.2	17572	G	73
NC_045512.2	17573	C	58
NC_045512.2	17574	T	59
NC_045512.2	17575	G	59
NC_045512.2	17576	A	59
NC_045512.2	17577	A	59
NC_045512.2	17578	A	56
NC_045512.2	17579	T	55
NC_045512.2	17580	T	55
NC_045512.2	17581	G	54
NC_045512.2	17582	T	54
NC_045512.2	17583	T	1
NC_045512.2	17584	G	1
NC_045512.2	17585	A	0
NC_045512.2	17586	C	0
NC_045512.2	17587	A	0
NC_045512.2	17588	C	0
NC_045512.2	17589	T	0
NC_045512.2	17590	G	0
NC_045512.2	17591	T	0
NC_045512.2	17592	G	0
NC_045512.2	17593	A	0
NC_045512.2	17594	G	0
NC_045512.2	17595	T	0
NC_045512.2	17596	G	0
NC_045512.2	17597	C	0
NC_045512.2	17598	T	0
NC_045512.2	17599	T	0
NC_045512.2	17600	T	0
NC_045512.2	17601	G	0
NC_045512.2	17602	G	0
NC_045512.2	17603	T	0
NC_045512.2	17604	T	0
NC_045512.2	17605	T	0
NC_045512.2	17606	A	0
NC_045512.2	17607	T	0
NC_045512.2	17608	G	0
NC_045512.2	17609	A	0
NC_045512.2	17610	T	0
NC_045512.2	17611	A	0
NC_045512.2	17612	A	0
NC_045512.2	17613	T	0
NC_045512.2	17614	A	0
NC_045512.2	17615	A	0
NC_045512.2	17616	G	0
NC_045512.2	17617	C	0
NC_045512.2	17618	T	0
NC_045512.2	17619	T	0
NC_045512.2	17620	A	0
NC_045512.2	17621	A	0
NC_045512.2	17622	A	0
NC_045512.2	17623	G	0
NC_045512.2	17624	C	0
NC_045512.2	17625	A	0
NC_045512.2	17626	C	0
NC_045512.2	17627	A	0
NC_045512.2	17628	T	0
NC_045512.2	17629	A	0
NC_045512.2	17630	A	0
NC_045512.2	17631	A	0
NC_045512.2	17632	G	0
NC_045512.2	17633	A	0
NC_045512.2	17634	C	0
NC_045512.2	17635	A	0
NC_045512.2	17636	A	0
NC_045512.2	17637	A	0
NC_045512.2	17638	T	0
NC_045512.2	17639	C	0
NC_045512.2	17640	A	0
NC_045512.2	17641	G	0
NC_045512.2	17642	C	0
NC_045512.2	17643	T	0
NC_045512.2	17644	C	0
NC_045512.2	17645	A	0
NC_045512.2	17646	A	0
NC_045512.2	17647	T	0
NC_045512.2	17648	G	0
NC_045512.2	17649	C	0
NC_045512.2	17650	T	0
NC_045512.2	17651	T	0
NC_045512.2	17652	T	0
NC_045512.2	17653	A	0
NC_045512.2	17654	A	0
NC_045512.2	17655	A	0
NC_045512.2	17656	A	0
NC_045512.2	17657	T	0
NC_045512.2	17658	G	0
NC_045512.2	17659	T	0
NC_045512.2	17660	T	0
NC_045512.2	17661	T	0
NC_045512.2	17662	T	0
NC_045512.2	17663	A	0
NC_045512.2	17664	T	0
NC_045512.2	17665	A	0
NC_045512.2	17666	A	0
NC_045512.2	17667	G	0
NC_045512.2	17668	G	0
NC_045512.2	17669	G	0
NC_045512.2	17670	T	0
NC_045512.2	17671	G	0
NC_045512.2	17672	T	0
NC_045512.2	17673	T	0
NC_045512.2	17674	A	0
NC_045512.2	17675	T	0
NC_045512.2	17676	C	0
NC_045512.2	17677	A	0
NC_045512.2	17678	C	0
NC_045512.2	17679	G	0
NC_045512.2	17680	C	0
NC_045512.2	17681	A	0
NC_045512.2	17682	T	0
NC_045512.2	17683	G	0
NC_045512.2	17684	A	0
NC_045512.2	17685	T	0
NC_045512.2	17686	G	0
NC_045512.2	17687	T	0
NC_045512.2	17688	T	0
NC_045512.2	17689	T	0
NC_045512.2	17690	C	0
NC_045512.2	17691	A	0
NC_045512.2	17692	T	0
NC_045512.2	17693	C	0
NC_045512.2	17694	T	0
NC_045512.2	17695	G	0
NC_045512.2	17696	C	0
NC_045512.2	17697	A	0
NC_045512.2	17698	A	0
NC_045512.2	17699	T	0
NC_045512.2	17700	T	0
NC_045512.2	17701	A	0
NC_045512.2	17702	A	0
NC_045512.2	17703	C	0
NC_045512.2	17704	A	0
NC_045512.2	17705	G	0
NC_045512.2	17706	G	0
NC_045512.2	17707	C	0
NC_045512.2	17708	C	0
NC_045512.2	17709	A	0
NC_045512.2	17710	C	0
NC_045512.2	17711	A	0
NC_045512.2	17712	A	0
NC_045512.2	17713	A	0
NC_045512.2	17714	T	0
NC_045512.2	17715	A	1
NC_045512.2	17716	G	1
NC_045512.2	17717	G	0
NC_045512.2	17718	C	0
NC_045512.2	17719	G	1
NC_045512.2	17720	T	1
NC_045512.2	17721	G	0
NC_045512.2	17722	G	1
NC_045512.2	17723	T	1
NC_045512.2	17724	A	1
NC_045512.2	17725	A	1
NC_045512.2	17726	G	1
NC_045512.2	17727	A	1
NC_045512.2	17728	G	1
NC_045512.2	17729	A	1
NC_045512.2	17730	A	1
NC_045512.2	17731	T	1
NC_045512.2	17732	T	1
NC_045512.2	17733	C	1
NC_045512.2	17734	C	1
NC_045512.2	17735	T	1
NC_045512.2	17736	T	1
NC_045512.2	17737	A	1
NC_045512.2	17738	C	1
NC_045512.2	17739	A	1
NC_045512.2	17740	C	1
NC_045512.2	17741	G	1
NC_045512.2	17742	T	1
NC_045512.2	17743	A	1
NC_045512.2	17744	A	3
NC_045512.2	17745	C	3
NC_045512.2	17746	C	3
NC_045512.2	17747	C	18
NC_045512.2	17748	T	18
NC_045512.2	17749	G	17
NC_045512.2	17750	C	19
NC_045512.2	17751	T	19
NC_045512.2	17752	T	24
NC_045512.2	17753	G	24
NC_045512.2	17754	G	24
NC_045512.2	17755	A	23
NC_045512.2	17756	G	22
NC_045512.2	17757	A	26
NC_045512.2	17758	A	26
NC_045512.2	17759	A	27
NC_045512.2	17760	A	28
NC_045512.2	17761	G	29
NC_045512.2	17762	C	34
NC_045512.2	17763	T	34
NC_045512.2	17764	G	35
NC_045512.2	17765	T	34
NC_045512.2	17766	C	36
NC_045512.2	17767	T	35
NC_045512.2	17768	T	35
NC_045512.2	17769	T	38
NC_045512.2	17770	A	39
NC_045512.2	17771	T	39
NC_045512.2	17772	T	39
NC_045512.2	17773	T	39
NC_045512.2	17774	C	37
NC_045512.2	17775	A	38
NC_045512.2	17776	C	39
NC_045512.2	17777	C	27
NC_045512.2	17778	T	28
NC_045512.2	17779	T	32
NC_045512.2	17780	A	29
NC_045512.2	17781	T	31
NC_045512.2	17782	A	28
NC_045512.2	17783	A	29
NC_045512.2	17784	T	32
NC_045512.2	17785	T	31
NC_045512.2	17786	C	28
NC_045512.2	17787	A	26
NC_045512.2	17788	C	28
NC_045512.2	17789	A	27
NC_045512.2	17790	G	28
NC_045512.2	17791	A	28
NC_045512.2	17792	A	23
NC_045512.2	17793	T	26
NC_045512.2	17794	G	27
NC_045512.2	17795	C	28
NC_045512.2	17796	T	24
NC_045512.2	17797	G	26
NC_045512.2	17798	T	26
NC_045512.2	17799	A	23
NC_045512.2	17800	G	22
NC_045512.2	17801	C	23
NC_045512.2	17802	C	23
NC_045512.2	17803	T	21
NC_045512.2	17804	C	18
NC_045512.2	17805	A	19
NC_045512.2	17806	A	20
NC_045512.2	17807	A	20
NC_045512.2	17808	G	20
NC_045512.2	17809	A	18
NC_045512.2	17810	T	24
NC_045512.2	17811	T	24
NC_045512.2	17812	T	24
NC_045512.2	17813	T	24
NC_045512.2	17814	G	16
NC_045512.2	17815	G	16
NC_045512.2	17816	G	16
NC_045512.2	17817	A	15
NC_045512.2	17818	C	13
NC_045512.2	17819	T	16
NC_045512.2	17820	A	17
NC_045512.2	17821	C	14
NC_045512.2	17822	C	27
NC_045512.2	17823	A	28
NC_045512.2	17824	A	26
NC_045512.2	17825	C	23
NC_045512.2	17826	T	25
NC_045512.2	17827	C	25
NC_045512.2	17828	A	26
NC_045512.2	17829	A	26
NC_045512.2	17830	A	24
NC_045512.2	17831	C	25
NC_045512.2	17832	T	25
NC_045512.2	17833	G	24
NC_045512.2	17834	T	24
NC_045512.2	17835	T	26
NC_045512.2	17836	G	26
NC_045512.2	17837	A	25
NC_045512.2	17838	T	25
NC_045512.2	17839	T	26
NC_045512.2	17840	C	20
NC_045512.2	17841	A	21
NC_045512.2	17842	T	21
NC_045512.2	17843	C	21
NC_045512.2	17844	A	22
NC_045512.2	17845	C	21
NC_045512.2	17846	A	21
NC_045512.2	17847	G	20
NC_045512.2	17848	G	21
NC_045512.2	17849	G	20
NC_045512.2	17850	C	17
NC_045512.2	17851	T	17
NC_045512.2	17852	C	9
NC_045512.2	17853	A	9
NC_045512.2	17854	G	10
NC_045512.2	17855	A	10
NC_045512.2	17856	A	10
NC_045512.2	17857	T	10
NC_045512.2	17858	A	9
NC_045512.2	17859	T	9
NC_045512.2	17860	G	12
NC_045512.2	17861	A	13
NC_045512.2	17862	C	14
NC_045512.2	17863	T	14
NC_045512.2	17864	A	14
NC_045512.2	17865	T	11
NC_045512.2	17866	G	11
NC_045512.2	17867	T	11
NC_045512.2	17868	C	11
NC_045512.2	17869	A	11
NC_045512.2	17870	T	11
NC_045512.2	17871	A	11
NC_045512.2	17872	T	11
NC_045512.2	17873	T	11
NC_045512.2	17874	C	11
NC_045512.2	17875	A	11
NC_045512.2	17876	C	11
NC_045512.2	17877	T	11
NC_045512.2	17878	C	11
NC_045512.2	17879	A	11
NC_045512.2	17880	A	11
NC_045512.2	17881	A	11
NC_045512.2	17882	C	8
NC_045512.2	17883	C	8
NC_045512.2	17884	A	6
NC_045512.2	17885	C	7
NC_045512.2	17886	T	7
NC_045512.2	17887	G	7
NC_045512.2	17888	A	7
NC_045512.2	17889	A	7
NC_045512.2	17890	A	3
NC_045512.2	17891	C	2
NC_045512.2	17892	A	1
NC_045512.2	17893	G	0
NC_045512.2	17894	C	0
NC_045512.2	17895	T	0
NC_045512.2	17896	C	0
NC_045512.2	17897	A	0
NC_045512.2	17898	C	0
NC_045512.2	17899	T	0
NC_045512.2	17900	C	0
NC_045512.2	17901	T	0
NC_045512.2	17902	T	0
NC_045512.2	17903	G	0
NC_045512.2	17904	T	0
NC_045512.2	17905	A	0
NC_045512.2	17906	A	0
NC_045512.2	17907	T	0
NC_045512.2	17908	G	0
NC_045512.2	17909	T	0
NC_045512.2	17910	A	0
NC_045512.2	17911	A	0
NC_045512.2	17912	A	0
NC_045512.2	17913	C	0
NC_045512.2	17914	A	0
NC_045512.2	17915	G	0
NC_045512.2	17916	A	0
NC_045512.2	17917	T	0
NC_045512.2	17918	T	0
NC_045512.2	17919	T	0
NC_045512.2	17920	A	0
NC_045512.2	17921	A	0
NC_045512.2	17922	T	0
NC_045512.2	17923	G	0
NC_045512.2	17924	T	0
NC_045512.2	17925	T	0
NC_045512.2	17926	G	0
NC_045512.2	17927	C	0
NC_045512.2	17928	T	0
NC_045512.2	17929	A	0
NC_045512.2	17930	T	0
NC_045512.2	17931	T	0
NC_045512.2	17932	A	0
NC_045512.2	17933	C	0
NC_045512.2	17934	C	0
NC_045512.2	17935	A	0
NC_045512.2	17936	G	0
NC_045512.2	17937	A	0
NC_045512.2	17938	G	0
NC_045512.2	17939	C	0
NC_045512.2	17940	A	0
NC_045512.2	17941	A	0
NC_045512.2	17942	A	0
NC_045512.2	17943	A	0
NC_045512.2	17944	G	0
NC_045512.2	17945	T	0
NC_045512.2	17946	A	0
NC_045512.2	17947	G	0
NC_045512.2	17948	G	0
NC_045512.2	17949	C	0
NC_045512.2	17950	A	0
NC_045512.2	17951	T	0
NC_045512.2	17952	A	0
NC_045512.2	17953	C	0
NC_045512.2	17954	T	0
NC_045512.2	17955	T	0
NC_045512.2	17956	T	0
NC_045512.2	17957	G	0
NC_045512.2	17958	C	0
NC_045512.2	17959	A	0
NC_045512.2	17960	T	0
NC_045512.2	17961	A	0
NC_045512.2	17962	A	0
NC_045512.2	17963	T	0
NC_045512.2	17964	G	0
NC_045512.2	17965	T	0
NC_045512.2	17966	C	0
NC_045512.2	17967	T	0
NC_045512.2	17968	G	0
NC_045512.2	17969	A	0
NC_045512.2	17970	T	0
NC_045512.2	17971	A	0
NC_045512.2	17972	G	0
NC_045512.2	17973	A	0
NC_045512.2	17974	G	0
NC_045512.2	17975	A	0
NC_045512.2	17976	C	0
NC_045512.2	17977	C	0
NC_045512.2	17978	T	0
NC_045512.2	17979	T	0
NC_045512.2	17980	T	0
NC_045512.2	17981	A	0
NC_045512.2	17982	T	0
NC_045512.2	17983	G	0
NC_045512.2	17984	A	0
NC_045512.2	17985	C	0
NC_045512.2	17986	A	0
NC_045512.2	17987	A	0
NC_045512.2	17988	G	0
NC_045512.2	17989	T	0
NC_045512.2	17990	T	0
NC_045512.2	17991	G	0
NC_045512.2	17992	C	0
NC_045512.2	17993	A	0
NC_045512.2	17994	A	0
NC_045512.2	17995	T	0
NC_045512.2	17996	T	0
NC_045512.2	17997	T	0
NC_045512.2	17998	A	0
NC_045512.2	17999	C	0
NC_045512.2	18000	A	0
NC_045512.2	18001	A	0
NC_045512.2	18002	G	0
NC_045512.2	18003	T	0
NC_045512.2	18004	C	0
NC_045512.2	18005	T	0
NC_045512.2	18006	T	0
NC_045512.2	18007	G	0
NC_045512.2	18008	A	0
NC_045512.2	18009	A	0
NC_045512.2	18010	A	0
NC_045512.2	18011	T	0
NC_045512.2	18012	T	0
NC_045512.2	18013	C	0
NC_045512.2	18014	C	0
NC_045512.2	18015	A	0
NC_045512.2	18016	C	0
NC_045512.2	18017	G	0
NC_045512.2	18018	T	0
NC_045512.2	18019	A	0
NC_045512.2	18020	G	0
NC_045512.2	18021	G	0
NC_045512.2	18022	A	0
NC_045512.2	18023	A	0
NC_045512.2	18024	T	0
NC_045512.2	18025	G	0
NC_045512.2	18026	T	0
NC_045512.2	18027	G	0
NC_045512.2	18028	G	0
NC_045512.2	18029	C	0
NC_045512.2	18030	A	0
NC_045512.2	18031	A	0
NC_045512.2	18032	C	0
NC_045512.2	18033	T	0
NC_045512.2	18034	T	0
NC_045512.2	18035	T	0
NC_045512.2	18036	A	0
NC_045512.2	18037	C	0
NC_045512.2	18038	A	0
NC_045512.2	18039	A	0
NC_045512.2	18040	G	0
NC_045512.2	18041	C	0
NC_045512.2	18042	T	0
NC_045512.2	18043	G	0
NC_045512.2	18044	A	0
NC_045512.2	18045	A	0
NC_045512.2	18046	A	0
NC_045512.2	18047	A	0
NC_045512.2	18048	T	0
NC_045512.2	18049	G	0
NC_045512.2	18050	T	0
NC_045512.2	18051	A	0
NC_045512.2	18052	A	0
NC_045512.2	18053	C	0
NC_045512.2	18054	A	0
NC_045512.2	18055	G	0
NC_045512.2	18056	G	0
NC_045512.2	18057	A	0
NC_045512.2	18058	C	0
NC_045512.2	18059	T	0
NC_045512.2	18060	C	0
NC_045512.2	18061	T	0
NC_045512.2	18062	T	0
NC_045512.2	18063	T	0
NC_045512.2	18064	A	0
NC_045512.2	18065	A	0
NC_045512.2	18066	A	0
NC_045512.2	18067	G	0
NC_045512.2	18068	A	0
NC_045512.2	18069	T	0
NC_045512.2	18070	T	0
NC_045512.2	18071	G	0
NC_045512.2	18072	T	0
NC_045512.2	18073	A	0
NC_045512.2	18074	G	0
NC_045512.2	18075	T	0
NC_045512.2	18076	A	0
NC_045512.2	18077	A	0
NC_045512.2	18078	G	0
NC_045512.2	18079	G	0
NC_045512.2	18080	T	0
NC_045512.2	18081	A	0
NC_045512.2	18082	A	0
NC_045512.2	18083	T	0
NC_045512.2	18084	C	0
NC_045512.2	18085	A	0
NC_045512.2	18086	C	0
NC_045512.2	18087	T	0
NC_045512.2	18088	G	0
NC_045512.2	18089	G	0
NC_045512.2	18090	G	0
NC_045512.2	18091	T	0
NC_045512.2	18092	T	0
NC_045512.2	18093	A	0
NC_045512.2	18094	C	0
NC_045512.2	18095	A	0
NC_045512.2	18096	T	0
NC_045512.2	18097	C	0
NC_045512.2	18098	C	0
NC_045512.2	18099	T	0
NC_045512.2	18100	A	0
NC_045512.2	18101	C	0
NC_045512.2	18102	A	0
NC_045512.2	18103	C	0
NC_045512.2	18104	A	0
NC_045512.2	18105	G	0
NC_045512.2	18106	G	0
NC_045512.2	18107	C	0
NC_045512.2	18108	A	0
NC_045512.2	18109	C	0
NC_045512.2	18110	C	0
NC_045512.2	18111	T	0
NC_045512.2	18112	A	0
NC_045512.2	18113	C	0
NC_045512.2	18114	A	0
NC_045512.2	18115	C	0
NC_045512.2	18116	A	0
NC_045512.2	18117	C	0
NC_045512.2	18118	C	0
NC_045512.2	18119	T	0
NC_045512.2	18120	C	0
NC_045512.2	18121	A	0
NC_045512.2	18122	G	0
NC_045512.2	18123	T	0
NC_045512.2	18124	G	0
NC_045512.2	18125	T	0
NC_045512.2	18126	T	0
NC_045512.2	18127	G	0
NC_045512.2	18128	A	0
NC_045512.2	18129	C	0
NC_045512.2	18130	A	0
NC_045512.2	18131	C	0
NC_045512.2	18132	T	0
NC_045512.2	18133	A	0
NC_045512.2	18134	A	0
NC_045512.2	18135	A	0
NC_045512.2	18136	T	0
NC_045512.2	18137	T	0
NC_045512.2	18138	C	0
NC_045512.2	18139	A	0
NC_045512.2	18140	A	0
NC_045512.2	18141	A	0
NC_045512.2	18142	A	0
NC_045512.2	18143	C	0
NC_045512.2	18144	T	0
NC_045512.2	18145	G	0
NC_045512.2	18146	A	0
NC_045512.2	18147	A	0
NC_045512.2	18148	G	0
NC_045512.2	18149	G	0
NC_045512.2	18150	T	0
NC_045512.2	18151	T	0
NC_045512.2	18152	T	0
NC_045512.2	18153	A	0
NC_045512.2	18154	T	0
NC_045512.2	18155	G	0
NC_045512.2	18156	T	0
NC_045512.2	18157	G	0
NC_045512.2	18158	T	0
NC_045512.2	18159	T	0
NC_045512.2	18160	G	0
NC_045512.2	18161	A	0
NC_045512.2	18162	C	0
NC_045512.2	18163	A	0
NC_045512.2	18164	T	0
NC_045512.2	18165	A	0
NC_045512.2	18166	C	0
NC_045512.2	18167	C	1
NC_045512.2	18168	T	1
NC_045512.2	18169	G	1
NC_045512.2	18170	G	1
NC_045512.2	18171	C	1
NC_045512.2	18172	A	1
NC_045512.2	18173	T	1
NC_045512.2	18174	A	1
NC_045512.2	18175	C	1
NC_045512.2	18176	C	1
NC_045512.2	18177	T	1
NC_045512.2	18178	A	1
NC_045512.2	18179	A	1
NC_045512.2	18180	G	1
NC_045512.2	18181	G	1
NC_045512.2	18182	A	1
NC_045512.2	18183	C	1
NC_045512.2	18184	A	1
NC_045512.2	18185	T	1
NC_045512.2	18186	G	1
NC_045512.2	18187	A	1
NC_045512.2	18188	C	1
NC_045512.2	18189	C	1
NC_045512.2	18190	T	1
NC_045512.2	18191	A	1
NC_045512.2	18192	T	1
NC_045512.2	18193	A	1
NC_045512.2	18194	G	1
NC_045512.2	18195	A	1
NC_045512.2	18196	A	1
NC_045512.2	18197	G	1
NC_045512.2	18198	A	0
NC_045512.2	18199	C	0
NC_045512.2	18200	T	0
NC_045512.2	18201	C	0
NC_045512.2	18202	A	0
NC_045512.2	18203	T	0
NC_045512.2	18204	C	0
NC_045512.2	18205	T	0
NC_045512.2	18206	C	0
NC_045512.2	18207	T	0
NC_045512.2	18208	A	0
NC_045512.2	18209	T	0
NC_045512.2	18210	G	0
NC_045512.2	18211	A	0
NC_045512.2	18212	T	0
NC_045512.2	18213	G	0
NC_045512.2	18214	G	0
NC_045512.2	18215	G	0
NC_045512.2	18216	T	0
NC_045512.2	18217	T	0
NC_045512.2	18218	T	0
NC_045512.2	18219	T	0
NC_045512.2	18220	A	0
NC_045512.2	18221	A	0
NC_045512.2	18222	A	0
NC_045512.2	18223	A	0
NC_045512.2	18224	T	0
NC_045512.2	18225	G	0
NC_045512.2	18226	A	0
NC_045512.2	18227	A	0
NC_045512.2	18228	T	0
NC_045512.2	18229	T	0
NC_045512.2	18230	A	0
NC_045512.2	18231	T	0
NC_045512.2	18232	C	0
NC_045512.2	18233	A	0
NC_045512.2	18234	A	0
NC_045512.2	18235	G	0
NC_045512.2	18236	T	0
NC_045512.2	18237	T	0
NC_045512.2	18238	A	0
NC_045512.2	18239	A	0
NC_045512.2	18240	T	0
NC_045512.2	18241	G	0
NC_045512.2	18242	G	0
NC_045512.2	18243	T	0
NC_045512.2	18244	T	0
NC_045512.2	18245	A	0
NC_045512.2	18246	C	0
NC_045512.2	18247	C	0
NC_045512.2	18248	C	0
NC_045512.2	18249	T	0
NC_045512.2	18250	A	0
NC_045512.2	18251	A	0
NC_045512.2	18252	C	0
NC_045512.2	18253	A	0
NC_045512.2	18254	T	0
NC_045512.2	18255	G	0
NC_045512.2	18256	T	0
NC_045512.2	18257	T	0
NC_045512.2	18258	T	0
NC_045512.2	18259	A	0
NC_045512.2	18260	T	0
NC_045512.2	18261	C	0
NC_045512.2	18262	A	0
NC_045512.2	18263	C	0
NC_045512.2	18264	C	0
NC_045512.2	18265	C	0
NC_045512.2	18266	G	0
NC_045512.2	18267	C	0
NC_045512.2	18268	G	0
NC_045512.2	18269	A	0
NC_045512.2	18270	A	0
NC_045512.2	18271	G	0
NC_045512.2	18272	A	0
NC_045512.2	18273	A	0
NC_045512.2	18274	G	0
NC_045512.2	18275	C	0
NC_045512.2	18276	T	0
NC_045512.2	18277	A	0
NC_045512.2	18278	T	0
NC_045512.2	18279	A	0
NC_045512.2	18280	A	0
NC_045512.2	18281	G	0
NC_045512.2	18282	A	0
NC_045512.2	18283	C	0
NC_045512.2	18284	A	0
NC_045512.2	18285	T	0
NC_045512.2	18286	G	0
NC_045512.2	18287	T	0
NC_045512.2	18288	A	0
NC_045512.2	18289	C	0
NC_045512.2	18290	G	0
NC_045512.2	18291	T	0
NC_045512.2	18292	G	0
NC_045512.2	18293	C	0
NC_045512.2	18294	A	0
NC_045512.2	18295	T	0
NC_045512.2	18296	G	0
NC_045512.2	18297	G	0
NC_045512.2	18298	A	0
NC_045512.2	18299	T	0
NC_045512.2	18300	T	0
NC_045512.2	18301	G	0
NC_045512.2	18302	G	0
NC_045512.2	18303	C	0
NC_045512.2	18304	T	0
NC_045512.2	18305	T	0
NC_045512.2	18306	C	0
NC_045512.2	18307	G	0
NC_045512.2	18308	A	0
NC_045512.2	18309	T	0
NC_045512.2	18310	G	0
NC_045512.2	18311	T	0
NC_045512.2	18312	C	0
NC_045512.2	18313	G	0
NC_045512.2	18314	A	0
NC_045512.2	18315	G	0
NC_045512.2	18316	G	0
NC_045512.2	18317	G	0
NC_045512.2	18318	G	0
NC_045512.2	18319	T	0
NC_045512.2	18320	G	0
NC_045512.2	18321	T	0
NC_045512.2	18322	C	0
NC_045512.2	18323	A	0
NC_045512.2	18324	T	0
NC_045512.2	18325	G	0
NC_045512.2	18326	C	0
NC_045512.2	18327	T	0
NC_045512.2	18328	A	0
NC_045512.2	18329	C	0
NC_045512.2	18330	T	0
NC_045512.2	18331	A	0
NC_045512.2	18332	G	0
NC_045512.2	18333	A	0
NC_045512.2	18334	G	0
NC_045512.2	18335	A	0
NC_045512.2	18336	A	0
NC_045512.2	18337	G	0
NC_045512.2	18338	C	0
NC_045512.2	18339	T	0
NC_045512.2	18340	G	0
NC_045512.2	18341	T	0
NC_045512.2	18342	T	0
NC_045512.2	18343	G	0
NC_045512.2	18344	G	0
NC_045512.2	18345	T	0
NC_045512.2	18346	A	0
NC_045512.2	18347	C	0
NC_045512.2	18348	C	0
NC_045512.2	18349	A	0
NC_045512.2	18350	A	0
NC_045512.2	18351	T	0
NC_045512.2	18352	T	0
NC_045512.2	18353	T	0
NC_045512.2	18354	A	0
NC_045512.2	18355	C	0
NC_045512.2	18356	C	0
NC_045512.2	18357	T	0
NC_045512.2	18358	T	0
NC_045512.2	18359	T	0
NC_045512.2	18360	A	0
NC_045512.2	18361	C	0
NC_045512.2	18362	A	0
NC_045512.2	18363	G	0
NC_045512.2	18364	C	0
NC_045512.2	18365	T	0
NC_045512.2	18366	A	0
NC_045512.2	18367	G	0
NC_045512.2	18368	G	0
NC_045512.2	18369	T	0
NC_045512.2	18370	T	0
NC_045512.2	18371	T	0
NC_045512.2	18372	T	0
NC_045512.2	18373	T	0
NC_045512.2	18374	C	0
NC_045512.2	18375	T	0
NC_045512.2	18376	A	1
NC_045512.2	18377	C	1
NC_045512.2	18378	A	1
NC_045512.2	18379	G	1
NC_045512.2	18380	G	1
NC_045512.2	18381	T	1
NC_045512.2	18382	G	1
NC_045512.2	18383	T	1
NC_045512.2	18384	T	1
NC_045512.2	18385	A	1
NC_045512.2	18386	A	1
NC_045512.2	18387	C	1
NC_045512.2	18388	C	1
NC_045512.2	18389	T	1
NC_045512.2	18390	A	1
NC_045512.2	18391	G	1
NC_045512.2	18392	T	1
NC_045512.2	18393	T	1
NC_045512.2	18394	G	1
NC_045512.2	18395	C	3
NC_045512.2	18396	T	6
NC_045512.2	18397	G	6
NC_045512.2	18398	T	6
NC_045512.2	18399	A	6
NC_045512.2	18400	C	6
NC_045512.2	18401	C	6
NC_045512.2	18402	T	6
NC_045512.2	18403	A	6
NC_045512.2	18404	C	6
NC_045512.2	18405	A	6
NC_045512.2	18406	G	6
NC_045512.2	18407	G	6
NC_045512.2	18408	T	6
NC_045512.2	18409	T	6
NC_045512.2	18410	A	7
NC_045512.2	18411	T	7
NC_045512.2	18412	G	7
NC_045512.2	18413	T	7
NC_045512.2	18414	T	7
NC_045512.2	18415	G	7
NC_045512.2	18416	A	7
NC_045512.2	18417	T	7
NC_045512.2	18418	A	7
NC_045512.2	18419	C	7
NC_045512.2	18420	A	7
NC_045512.2	18421	C	7
NC_045512.2	18422	C	7
NC_045512.2	18423	T	7
NC_045512.2	18424	A	7
NC_045512.2	18425	A	6
NC_045512.2	18426	T	4
NC_045512.2	18427	A	4
NC_045512.2	18428	A	4
NC_045512.2	18429	T	4
NC_045512.2	18430	A	4
NC_045512.2	18431	C	5
NC_045512.2	18432	A	4
NC_045512.2	18433	G	2
NC_045512.2	18434	A	2
NC_045512.2	18435	T	2
NC_045512.2	18436	T	2
NC_045512.2	18437	T	2
NC_045512.2	18438	T	2
NC_045512.2	18439	T	2
NC_045512.2	18440	C	1
NC_045512.2	18441	C	1
NC_045512.2	18442	A	1
NC_045512.2	18443	G	2
NC_045512.2	18444	A	2
NC_045512.2	18445	G	2
NC_045512.2	18446	T	3
NC_045512.2	18447	T	3
NC_045512.2	18448	A	3
NC_045512.2	18449	G	5
NC_045512.2	18450	T	4
NC_045512.2	18451	G	5
NC_045512.2	18452	C	5
NC_045512.2	18453	T	4
NC_045512.2	18454	A	5
NC_045512.2	18455	A	4
NC_045512.2	18456	A	3
NC_045512.2	18457	C	5
NC_045512.2	18458	C	3
NC_045512.2	18459	A	4
NC_045512.2	18460	C	5
NC_045512.2	18461	C	4
NC_045512.2	18462	G	3
NC_045512.2	18463	C	5
NC_045512.2	18464	C	5
NC_045512.2	18465	T	5
NC_045512.2	18466	G	5
NC_045512.2	18467	G	3
NC_045512.2	18468	A	6
NC_045512.2	18469	G	5
NC_045512.2	18470	A	5
NC_045512.2	18471	T	6
NC_045512.2	18472	C	5
NC_045512.2	18473	A	5
NC_045512.2	18474	A	4
NC_045512.2	18475	T	5
NC_045512.2	18476	T	5
NC_045512.2	18477	T	4
NC_045512.2	18478	A	5
NC_045512.2	18479	A	5
NC_045512.2	18480	A	5
NC_045512.2	18481	C	5
NC_045512.2	18482	A	4
NC_045512.2	18483	C	5
NC_045512.2	18484	C	5
NC_045512.2	18485	T	5
NC_045512.2	18486	C	4
NC_045512.2	18487	A	5
NC_045512.2	18488	T	4
NC_045512.2	18489	A	5
NC_045512.2	18490	C	4
NC_045512.2	18491	C	4
NC_045512.2	18492	A	5
NC_045512.2	18493	C	5
NC_045512.2	18494	T	4
NC_045512.2	18495	T	4
NC_045512.2	18496	A	5
NC_045512.2	18497	T	4
NC_045512.2	18498	G	4
NC_045512.2	18499	T	3
NC_045512.2	18500	A	4
NC_045512.2	18501	C	4
NC_045512.2	18502	A	4
NC_045512.2	18503	A	4
NC_045512.2	18504	A	4
NC_045512.2	18505	G	2
NC_045512.2	18506	G	2
NC_045512.2	18507	A	1
NC_045512.2	18508	C	1
NC_045512.2	18509	T	1
NC_045512.2	18510	T	1
NC_045512.2	18511	C	1
NC_045512.2	18512	C	1
NC_045512.2	18513	T	1
NC_045512.2	18514	T	0
NC_045512.2	18515	G	0
NC_045512.2	18516	G	0
NC_045512.2	18517	A	0
NC_045512.2	18518	A	0
NC_045512.2	18519	T	0
NC_045512.2	18520	G	0
NC_045512.2	18521	T	0
NC_045512.2	18522	A	0
NC_045512.2	18523	G	0
NC_045512.2	18524	T	0
NC_045512.2	18525	G	0
NC_045512.2	18526	C	0
NC_045512.2	18527	G	0
NC_045512.2	18528	T	0
NC_045512.2	18529	A	0
NC_045512.2	18530	T	0
NC_045512.2	18531	A	0
NC_045512.2	18532	A	0
NC_045512.2	18533	A	0
NC_045512.2	18534	G	0
NC_045512.2	18535	A	0
NC_045512.2	18536	T	0
NC_045512.2	18537	T	0
NC_045512.2	18538	G	0
NC_045512.2	18539	T	0
NC_045512.2	18540	A	0
NC_045512.2	18541	C	0
NC_045512.2	18542	A	0
NC_045512.2	18543	A	0
NC_045512.2	18544	A	0
NC_045512.2	18545	T	0
NC_045512.2	18546	G	0
NC_045512.2	18547	T	0
NC_045512.2	18548	T	0
NC_045512.2	18549	A	0
NC_045512.2	18550	A	0
NC_045512.2	18551	G	0
NC_045512.2	18552	T	0
NC_045512.2	18553	G	0
NC_045512.2	18554	A	0
NC_045512.2	18555	C	0
NC_045512.2	18556	A	0
NC_045512.2	18557	C	0
NC_045512.2	18558	A	0
NC_045512.2	18559	C	0
NC_045512.2	18560	T	0
NC_045512.2	18561	T	0
NC_045512.2	18562	A	0
NC_045512.2	18563	A	0
NC_045512.2	18564	A	0
NC_045512.2	18565	A	0
NC_045512.2	18566	A	0
NC_045512.2	18567	T	0
NC_045512.2	18568	C	0
NC_045512.2	18569	T	0
NC_045512.2	18570	C	0
NC_045512.2	18571	T	0
NC_045512.2	18572	C	0
NC_045512.2	18573	T	0
NC_045512.2	18574	G	0
NC_045512.2	18575	A	0
NC_045512.2	18576	C	0
NC_045512.2	18577	A	0
NC_045512.2	18578	G	0
NC_045512.2	18579	A	0
NC_045512.2	18580	G	0
NC_045512.2	18581	T	0
NC_045512.2	18582	C	0
NC_045512.2	18583	G	0
NC_045512.2	18584	T	0
NC_045512.2	18585	A	0
NC_045512.2	18586	T	0
NC_045512.2	18587	T	0
NC_045512.2	18588	T	0
NC_045512.2	18589	G	0
NC_045512.2	18590	T	0
NC_045512.2	18591	C	0
NC_045512.2	18592	T	0
NC_045512.2	18593	T	0
NC_045512.2	18594	A	0
NC_045512.2	18595	T	0
NC_045512.2	18596	G	0
NC_045512.2	18597	G	0
NC_045512.2	18598	G	0
NC_045512.2	18599	C	0
NC_045512.2	18600	A	0
NC_045512.2	18601	C	0
NC_045512.2	18602	A	0
NC_045512.2	18603	T	0
NC_045512.2	18604	G	0
NC_045512.2	18605	G	0
NC_045512.2	18606	C	0
NC_045512.2	18607	T	0
NC_045512.2	18608	T	0
NC_045512.2	18609	T	0
NC_045512.2	18610	G	0
NC_045512.2	18611	A	0
NC_045512.2	18612	G	0
NC_045512.2	18613	T	0
NC_045512.2	18614	T	0
NC_045512.2	18615	G	0
NC_045512.2	18616	A	0
NC_045512.2	18617	C	0
NC_045512.2	18618	A	0
NC_045512.2	18619	T	0
NC_045512.2	18620	C	0
NC_045512.2	18621	T	0
NC_045512.2	18622	A	0
NC_045512.2	18623	T	0
NC_045512.2	18624	G	0
NC_045512.2	18625	A	0
NC_045512.2	18626	A	0
NC_045512.2	18627	G	0
NC_045512.2	18628	T	0
NC_045512.2	18629	A	0
NC_045512.2	18630	T	0
NC_045512.2	18631	T	0
NC_045512.2	18632	T	0
NC_045512.2	18633	T	0
NC_045512.2	18634	G	0
NC_045512.2	18635	T	0
NC_045512.2	18636	G	0
NC_045512.2	18637	A	0
NC_045512.2	18638	A	0
NC_045512.2	18639	A	0
NC_045512.2	18640	A	0
NC_045512.2	18641	T	0
NC_045512.2	18642	A	0
NC_045512.2	18643	G	0
NC_045512.2	18644	G	0
NC_045512.2	18645	A	0
NC_045512.2	18646	C	0
NC_045512.2	18647	C	0
NC_045512.2	18648	T	0
NC_045512.2	18649	G	0
NC_045512.2	18650	A	0
NC_045512.2	18651	G	0
NC_045512.2	18652	C	0
NC_045512.2	18653	G	0
NC_045512.2	18654	C	0
NC_045512.2	18655	A	0
NC_045512.2	18656	C	0
NC_045512.2	18657	C	0
NC_045512.2	18658	T	0
NC_045512.2	18659	G	0
NC_045512.2	18660	T	0
NC_045512.2	18661	T	0
NC_045512.2	18662	G	0
NC_045512.2	18663	T	0
NC_045512.2	18664	C	0
NC_045512.2	18665	T	0
NC_045512.2	18666	A	0
NC_045512.2	18667	T	0
NC_045512.2	18668	G	0
NC_045512.2	18669	T	0
NC_045512.2	18670	G	0
NC_045512.2	18671	A	0
NC_045512.2	18672	T	0
NC_045512.2	18673	A	0
NC_045512.2	18674	G	0
NC_045512.2	18675	A	0
NC_045512.2	18676	C	0
NC_045512.2	18677	G	0
NC_045512.2	18678	T	3
NC_045512.2	18679	G	2
NC_045512.2	18680	C	13
NC_045512.2	18681	C	12
NC_045512.2	18682	A	13
NC_045512.2	18683	C	13
NC_045512.2	18684	A	12
NC_045512.2	18685	T	13
NC_045512.2	18686	G	12
NC_045512.2	18687	C	13
NC_045512.2	18688	T	13
NC_045512.2	18689	T	13
NC_045512.2	18690	T	13
NC_045512.2	18691	T	15
NC_045512.2	18692	C	15
NC_045512.2	18693	C	16
NC_045512.2	18694	A	16
NC_045512.2	18695	C	16
NC_045512.2	18696	T	16
NC_045512.2	18697	G	16
NC_045512.2	18698	C	16
NC_045512.2	18699	T	16
NC_045512.2	18700	T	16
NC_045512.2	18701	C	16
NC_045512.2	18702	A	16
NC_045512.2	18703	G	15
NC_045512.2	18704	A	15
NC_045512.2	18705	C	17
NC_045512.2	18706	A	16
NC_045512.2	18707	C	16
NC_045512.2	18708	T	14
NC_045512.2	18709	T	13
NC_045512.2	18710	A	7
NC_045512.2	18711	T	6
NC_045512.2	18712	G	7
NC_045512.2	18713	C	7
NC_045512.2	18714	C	8
NC_045512.2	18715	T	8
NC_045512.2	18716	G	7
NC_045512.2	18717	T	8
NC_045512.2	18718	T	8
NC_045512.2	18719	G	7
NC_045512.2	18720	G	7
NC_045512.2	18721	C	5
NC_045512.2	18722	A	5
NC_045512.2	18723	T	6
NC_045512.2	18724	C	7
NC_045512.2	18725	A	6
NC_045512.2	18726	T	8
NC_045512.2	18727	T	8
NC_045512.2	18728	C	8
NC_045512.2	18729	T	8
NC_045512.2	18730	A	7
NC_045512.2	18731	T	9
NC_045512.2	18732	T	10
NC_045512.2	18733	G	11
NC_045512.2	18734	G	9
NC_045512.2	18735	A	7
NC_045512.2	18736	T	9
NC_045512.2	18737	T	8
NC_045512.2	18738	T	8
NC_045512.2	18739	G	7
NC_045512.2	18740	A	6
NC_045512.2	18741	T	6
NC_045512.2	18742	T	6
NC_045512.2	18743	A	6
NC_045512.2	18744	C	5
NC_045512.2	18745	G	4
NC_045512.2	18746	T	5
NC_045512.2	18747	C	4
NC_045512.2	18748	T	5
NC_045512.2	18749	A	5
NC_045512.2	18750	T	5
NC_045512.2	18751	A	5
NC_045512.2	18752	A	5
NC_045512.2	18753	T	4
NC_045512.2	18754	C	3
NC_045512.2	18755	C	4
NC_045512.2	18756	G	3
NC_045512.2	18757	T	3
NC_045512.2	18758	T	3
NC_045512.2	18759	T	4
NC_045512.2	18760	A	4
NC_045512.2	18761	T	2
NC_045512.2	18762	G	2
NC_045512.2	18763	A	1
NC_045512.2	18764	T	1
NC_045512.2	18765	T	1
NC_045512.2	18766	G	1
NC_045512.2	18767	A	2
NC_045512.2	18768	T	2
NC_045512.2	18769	G	2
NC_045512.2	18770	T	2
NC_045512.2	18771	T	2
NC_045512.2	18772	C	2
NC_045512.2	18773	A	2
NC_045512.2	18774	A	2
NC_045512.2	18775	C	4
NC_045512.2	18776	A	4
NC_045512.2	18777	A	9
NC_045512.2	18778	T	9
NC_045512.2	18779	G	9
NC_045512.2	18780	G	10
NC_045512.2	18781	G	10
NC_045512.2	18782	G	11
NC_045512.2	18783	T	11
NC_045512.2	18784	T	12
NC_045512.2	18785	T	15
NC_045512.2	18786	T	15
NC_045512.2	18787	A	16
NC_045512.2	18788	C	16
NC_045512.2	18789	A	15
NC_045512.2	18790	G	15
NC_045512.2	18791	G	14
NC_045512.2	18792	T	14
NC_045512.2	18793	A	15
NC_045512.2	18794	A	14
NC_045512.2	18795	C	15
NC_045512.2	18796	C	15
NC_045512.2	18797	T	14
NC_045512.2	18798	A	14
NC_045512.2	18799	C	14
NC_045512.2	18800	A	14
NC_045512.2	18801	A	16
NC_045512.2	18802	A	16
NC_045512.2	18803	G	17
NC_045512.2	18804	C	17
NC_045512.2	18805	A	16
NC_045512.2	18806	A	17
NC_045512.2	18807	C	11
NC_045512.2	18808	C	12
NC_045512.2	18809	A	12
NC_045512.2	18810	T	13
NC_045512.2	18811	G	12
NC_045512.2	18812	A	11
NC_045512.2	18813	T	12
NC_045512.2	18814	C	9
NC_045512.2	18815	T	7
NC_045512.2	18816	G	7
NC_045512.2	18817	T	7
NC_045512.2	18818	A	6
NC_045512.2	18819	T	7
NC_045512.2	18820	T	7
NC_045512.2	18821	G	7
NC_045512.2	18822	T	7
NC_045512.2	18823	C	7
NC_045512.2	18824	A	5
NC_045512.2	18825	A	6
NC_045512.2	18826	G	5
NC_045512.2	18827	T	5
NC_045512.2	18828	C	5
NC_045512.2	18829	C	5
NC_045512.2	18830	A	5
NC_045512.2	18831	T	3
NC_045512.2	18832	G	3
NC_045512.2	18833	G	1
NC_045512.2	18834	T	1
NC_045512.2	18835	A	1
NC_045512.2	18836	A	0
NC_045512.2	18837	T	0
NC_045512.2	18838	G	0
NC_045512.2	18839	C	0
NC_045512.2	18840	A	0
NC_045512.2	18841	C	0
NC_045512.2	18842	A	0
NC_045512.2	18843	T	0
NC_045512.2	18844	G	0
NC_045512.2	18845	T	0
NC_045512.2	18846	A	0
NC_045512.2	18847	G	0
NC_045512.2	18848	C	0
NC_045512.2	18849	T	0
NC_045512.2	18850	A	0
NC_045512.2	18851	G	0
NC_045512.2	18852	T	0
NC_045512.2	18853	T	0
NC_045512.2	18854	G	0
NC_045512.2	18855	T	0
NC_045512.2	18856	G	0
NC_045512.2	18857	A	0
NC_045512.2	18858	T	0
NC_045512.2	18859	G	0
NC_045512.2	18860	C	0
NC_045512.2	18861	A	0
NC_045512.2	18862	A	0
NC_045512.2	18863	T	0
NC_045512.2	18864	C	0
NC_045512.2	18865	A	0
NC_045512.2	18866	T	0
NC_045512.2	18867	G	0
NC_045512.2	18868	A	0
NC_045512.2	18869	C	0
NC_045512.2	18870	T	0
NC_045512.2	18871	A	0
NC_045512.2	18872	G	0
NC_045512.2	18873	G	0
NC_045512.2	18874	T	0
NC_045512.2	18875	G	0
NC_045512.2	18876	T	0
NC_045512.2	18877	C	0
NC_045512.2	18878	T	0
NC_045512.2	18879	A	0
NC_045512.2	18880	G	0
NC_045512.2	18881	C	0
NC_045512.2	18882	T	0
NC_045512.2	18883	G	0
NC_045512.2	18884	T	0
NC_045512.2	18885	C	0
NC_045512.2	18886	C	0
NC_045512.2	18887	A	0
NC_045512.2	18888	C	0
NC_045512.2	18889	G	0
NC_045512.2	18890	A	0
NC_045512.2	18891	G	0
NC_045512.2	18892	T	0
NC_045512.2	18893	G	0
NC_045512.2	18894	C	0
NC_045512.2	18895	T	0
NC_045512.2	18896	T	0
NC_045512.2	18897	T	0
NC_045512.2	18898	G	0
NC_045512.2	18899	T	0
NC_045512.2	18900	T	0
NC_045512.2	18901	A	0
NC_045512.2	18902	A	0
NC_045512.2	18903	G	0
NC_045512.2	18904	C	0
NC_045512.2	18905	G	0
NC_045512.2	18906	T	0
NC_045512.2	18907	G	0
NC_045512.2	18908	T	0
NC_045512.2	18909	T	0
NC_045512.2	18910	G	0
NC_045512.2	18911	A	0
NC_045512.2	18912	C	0
NC_045512.2	18913	T	0
NC_045512.2	18914	G	0
NC_045512.2	18915	G	0
NC_045512.2	18916	A	0
NC_045512.2	18917	C	0
NC_045512.2	18918	T	0
NC_045512.2	18919	A	0
NC_045512.2	18920	T	0
NC_045512.2	18921	T	0
NC_045512.2	18922	G	0
NC_045512.2	18923	A	0
NC_045512.2	18924	A	0
NC_045512.2	18925	T	0
NC_045512.2	18926	A	0
NC_045512.2	18927	T	0
NC_045512.2	18928	C	0
NC_045512.2	18929	C	0
NC_045512.2	18930	T	0
NC_045512.2	18931	A	0
NC_045512.2	18932	T	0
NC_045512.2	18933	A	0
NC_045512.2	18934	A	0
NC_045512.2	18935	T	0
NC_045512.2	18936	T	0
NC_045512.2	18937	G	0
NC_045512.2	18938	G	0
NC_045512.2	18939	T	0
NC_045512.2	18940	G	0
NC_045512.2	18941	A	0
NC_045512.2	18942	T	0
NC_045512.2	18943	G	0
NC_045512.2	18944	A	0
NC_045512.2	18945	A	0
NC_045512.2	18946	C	0
NC_045512.2	18947	T	0
NC_045512.2	18948	G	0
NC_045512.2	18949	A	0
NC_045512.2	18950	A	0
NC_045512.2	18951	G	0
NC_045512.2	18952	A	0
NC_045512.2	18953	T	0
NC_045512.2	18954	T	0
NC_045512.2	18955	A	0
NC_045512.2	18956	A	0
NC_045512.2	18957	T	0
NC_045512.2	18958	G	0
NC_045512.2	18959	C	0
NC_045512.2	18960	G	0
NC_045512.2	18961	G	0
NC_045512.2	18962	C	0
NC_045512.2	18963	T	0
NC_045512.2	18964	T	0
NC_045512.2	18965	G	0
NC_045512.2	18966	T	0
NC_045512.2	18967	A	0
NC_045512.2	18968	G	0
NC_045512.2	18969	A	0
NC_045512.2	18970	A	0
NC_045512.2	18971	A	0
NC_045512.2	18972	G	0
NC_045512.2	18973	G	0
NC_045512.2	18974	T	0
NC_045512.2	18975	T	0
NC_045512.2	18976	C	0
NC_045512.2	18977	A	0
NC_045512.2	18978	A	0
NC_045512.2	18979	C	0
NC_045512.2	18980	A	0
NC_045512.2	18981	C	0
NC_045512.2	18982	A	0
NC_045512.2	18983	T	0
NC_045512.2	18984	G	0
NC_045512.2	18985	G	0
NC_045512.2	18986	T	0
NC_045512.2	18987	T	0
NC_045512.2	18988	G	0
NC_045512.2	18989	T	0
NC_045512.2	18990	T	0
NC_045512.2	18991	A	0
NC_045512.2	18992	A	0
NC_045512.2	18993	A	1
NC_045512.2	18994	G	1
NC_045512.2	18995	C	1
NC_045512.2	18996	T	4
NC_045512.2	18997	G	3
NC_045512.2	18998	C	3
NC_045512.2	18999	A	5
NC_045512.2	19000	T	7
NC_045512.2	19001	T	8
NC_045512.2	19002	A	8
NC_045512.2	19003	T	8
NC_045512.2	19004	T	21
NC_045512.2	19005	A	20
NC_045512.2	19006	G	22
NC_045512.2	19007	C	19
NC_045512.2	19008	A	20
NC_045512.2	19009	G	21
NC_045512.2	19010	A	19
NC_045512.2	19011	C	21
NC_045512.2	19012	A	25
NC_045512.2	19013	A	26
NC_045512.2	19014	A	29
NC_045512.2	19015	T	27
NC_045512.2	19016	T	28
NC_045512.2	19017	C	32
NC_045512.2	19018	C	32
NC_045512.2	19019	C	34
NC_045512.2	19020	A	34
NC_045512.2	19021	G	34
NC_045512.2	19022	T	33
NC_045512.2	19023	T	34
NC_045512.2	19024	C	32
NC_045512.2	19025	T	34
NC_045512.2	19026	T	32
NC_045512.2	19027	C	33
NC_045512.2	19028	A	34
NC_045512.2	19029	C	32
NC_045512.2	19030	G	33
NC_045512.2	19031	A	34
NC_045512.2	19032	C	33
NC_045512.2	19033	A	35
NC_045512.2	19034	T	22
NC_045512.2	19035	T	26
NC_045512.2	19036	G	28
NC_045512.2	19037	G	30
NC_045512.2	19038	T	36
NC_045512.2	19039	A	34
NC_045512.2	19040	A	43
NC_045512.2	19041	C	42
NC_045512.2	19042	C	39
NC_045512.2	19043	C	39
NC_045512.2	19044	T	39
NC_045512.2	19045	A	39
NC_045512.2	19046	A	40
NC_045512.2	19047	A	39
NC_045512.2	19048	G	46
NC_045512.2	19049	C	44
NC_045512.2	19050	T	45
NC_045512.2	19051	A	45
NC_045512.2	19052	T	44
NC_045512.2	19053	T	47
NC_045512.2	19054	A	46
NC_045512.2	19055	A	46
NC_045512.2	19056	G	43
NC_045512.2	19057	T	42
NC_045512.2	19058	G	41
NC_045512.2	19059	T	42
NC_045512.2	19060	G	41
NC_045512.2	19061	T	41
NC_045512.2	19062	A	39
NC_045512.2	19063	C	36
NC_045512.2	19064	C	40
NC_045512.2	19065	T	39
NC_045512.2	19066	C	28
NC_045512.2	19067	A	30
NC_045512.2	19068	A	26
NC_045512.2	19069	G	28
NC_045512.2	19070	C	20
NC_045512.2	19071	T	22
NC_045512.2	19072	G	24
NC_045512.2	19073	A	25
NC_045512.2	19074	T	22
NC_045512.2	19075	G	24
NC_045512.2	19076	T	25
NC_045512.2	19077	A	23
NC_045512.2	19078	G	22
NC_045512.2	19079	A	22
NC_045512.2	19080	A	21
NC_045512.2	19081	T	22
NC_045512.2	19082	G	22
NC_045512.2	19083	G	22
NC_045512.2	19084	A	22
NC_045512.2	19085	A	22
NC_045512.2	19086	G	24
NC_045512.2	19087	T	24
NC_045512.2	19088	T	24
NC_045512.2	19089	C	24
NC_045512.2	19090	T	26
NC_045512.2	19091	A	27
NC_045512.2	19092	T	26
NC_045512.2	19093	G	27
NC_045512.2	19094	A	30
NC_045512.2	19095	T	26
NC_045512.2	19096	G	30
NC_045512.2	19097	C	25
NC_045512.2	19098	A	26
NC_045512.2	19099	C	27
NC_045512.2	19100	A	27
NC_045512.2	19101	G	26
NC_045512.2	19102	C	27
NC_045512.2	19103	C	30
NC_045512.2	19104	T	30
NC_045512.2	19105	T	33
NC_045512.2	19106	G	33
NC_045512.2	19107	T	35
NC_045512.2	19108	A	40
NC_045512.2	19109	G	43
NC_045512.2	19110	T	50
NC_045512.2	19111	G	49
NC_045512.2	19112	A	50
NC_045512.2	19113	C	48
NC_045512.2	19114	A	52
NC_045512.2	19115	A	55
NC_045512.2	19116	A	55
NC_045512.2	19117	G	56
NC_045512.2	19118	C	54
NC_045512.2	19119	T	52
NC_045512.2	19120	T	65
NC_045512.2	19121	A	66
NC_045512.2	19122	T	64
NC_045512.2	19123	A	66
NC_045512.2	19124	A	66
NC_045512.2	19125	A	65
NC_045512.2	19126	A	65
NC_045512.2	19127	T	63
NC_045512.2	19128	A	63
NC_045512.2	19129	G	61
NC_045512.2	19130	A	61
NC_045512.2	19131	A	62
NC_045512.2	19132	G	56
NC_045512.2	19133	A	55
NC_045512.2	19134	A	55
NC_045512.2	19135	T	48
NC_045512.2	19136	T	49
NC_045512.2	19137	A	50
NC_045512.2	19138	T	48
NC_045512.2	19139	T	41
NC_045512.2	19140	C	35
NC_045512.2	19141	T	36
NC_045512.2	19142	A	34
NC_045512.2	19143	T	33
NC_045512.2	19144	T	27
NC_045512.2	19145	C	17
NC_045512.2	19146	T	18
NC_045512.2	19147	T	18
NC_045512.2	19148	A	18
NC_045512.2	19149	T	10
NC_045512.2	19150	G	0
NC_045512.2	19151	C	0
NC_045512.2	19152	C	0
NC_045512.2	19153	A	0
NC_045512.2	19154	C	0
NC_045512.2	19155	A	0
NC_045512.2	19156	C	0
NC_045512.2	19157	A	0
NC_045512.2	19158	T	0
NC_045512.2	19159	T	0
NC_045512.2	19160	C	0
NC_045512.2	19161	T	0
NC_045512.2	19162	G	0
NC_045512.2	19163	A	0
NC_045512.2	19164	C	0
NC_045512.2	19165	A	0
NC_045512.2	19166	A	0
NC_045512.2	19167	A	0
NC_045512.2	19168	T	0
NC_045512.2	19169	T	0
NC_045512.2	19170	C	0
NC_045512.2	19171	A	0
NC_045512.2	19172	C	0
NC_045512.2	19173	A	0
NC_045512.2	19174	G	0
NC_045512.2	19175	A	0
NC_045512.2	19176	T	0
NC_045512.2	19177	G	0
NC_045512.2	19178	G	0
NC_045512.2	19179	T	0
NC_045512.2	19180	G	0
NC_045512.2	19181	T	0
NC_045512.2	19182	A	0
NC_045512.2	19183	T	0
NC_045512.2	19184	G	0
NC_045512.2	19185	C	0
NC_045512.2	19186	C	0
NC_045512.2	19187	T	0
NC_045512.2	19188	A	0
NC_045512.2	19189	T	0
NC_045512.2	19190	T	0
NC_045512.2	19191	T	0
NC_045512.2	19192	T	0
NC_045512.2	19193	G	0
NC_045512.2	19194	G	0
NC_045512.2	19195	A	0
NC_045512.2	19196	A	0
NC_045512.2	19197	T	0
NC_045512.2	19198	T	0
NC_045512.2	19199	G	0
NC_045512.2	19200	C	0
NC_045512.2	19201	A	0
NC_045512.2	19202	A	0
NC_045512.2	19203	T	0
NC_045512.2	19204	G	0
NC_045512.2	19205	T	0
NC_045512.2	19206	C	0
NC_045512.2	19207	G	0
NC_045512.2	19208	A	0
NC_045512.2	19209	T	0
NC_045512.2	19210	A	0
NC_045512.2	19211	G	0
NC_045512.2	19212	A	0
NC_045512.2	19213	T	0
NC_045512.2	19214	A	0
NC_045512.2	19215	T	0
NC_045512.2	19216	C	0
NC_045512.2	19217	C	0
NC_045512.2	19218	T	0
NC_045512.2	19219	G	0
NC_045512.2	19220	C	0
NC_045512.2	19221	T	0
NC_045512.2	19222	A	0
NC_045512.2	19223	A	0
NC_045512.2	19224	T	0
NC_045512.2	19225	T	0
NC_045512.2	19226	C	0
NC_045512.2	19227	C	0
NC_045512.2	19228	A	0
NC_045512.2	19229	T	0
NC_045512.2	19230	T	0
NC_045512.2	19231	G	0
NC_045512.2	19232	T	0
NC_045512.2	19233	T	0
NC_045512.2	19234	T	0
NC_045512.2	19235	G	0
NC_045512.2	19236	T	0
NC_045512.2	19237	A	0
NC_045512.2	19238	G	0
NC_045512.2	19239	A	0
NC_045512.2	19240	T	0
NC_045512.2	19241	T	0
NC_045512.2	19242	T	0
NC_045512.2	19243	G	0
NC_045512.2	19244	A	0
NC_045512.2	19245	C	0
NC_045512.2	19246	A	0
NC_045512.2	19247	C	0
NC_045512.2	19248	T	0
NC_045512.2	19249	A	0
NC_045512.2	19250	G	0
NC_045512.2	19251	A	0
NC_045512.2	19252	G	0
NC_045512.2	19253	T	0
NC_045512.2	19254	G	0
NC_045512.2	19255	C	0
NC_045512.2	19256	T	0
NC_045512.2	19257	A	0
NC_045512.2	19258	T	0
NC_045512.2	19259	C	0
NC_045512.2	19260	T	0
NC_045512.2	19261	A	0
NC_045512.2	19262	A	0
NC_045512.2	19263	C	0
NC_045512.2	19264	C	0
NC_045512.2	19265	T	0
NC_045512.2	19266	T	0
NC_045512.2	19267	A	0
NC_045512.2	19268	A	0
NC_045512.2	19269	C	0
NC_045512.2	19270	T	0
NC_045512.2	19271	T	0
NC_045512.2	19272	G	0
NC_045512.2	19273	C	0
NC_045512.2	19274	C	0
NC_045512.2	19275	T	0
NC_045512.2	19276	G	0
NC_045512.2	19277	G	0
NC_045512.2	19278	T	0
NC_045512.2	19279	T	0
NC_045512.2	19280	G	0
NC_045512.2	19281	T	0
NC_045512.2	19282	G	0
NC_045512.2	19283	A	0
NC_045512.2	19284	T	0
NC_045512.2	19285	G	0
NC_045512.2	19286	G	0
NC_045512.2	19287	T	0
NC_045512.2	19288	G	0
NC_045512.2	19289	G	0
NC_045512.2	19290	C	0
NC_045512.2	19291	A	0
NC_045512.2	19292	G	0
NC_045512.2	19293	T	0
NC_045512.2	19294	T	0
NC_045512.2	19295	T	0
NC_045512.2	19296	G	0
NC_045512.2	19297	T	0
NC_045512.2	19298	A	0
NC_045512.2	19299	T	0
NC_045512.2	19300	G	0
NC_045512.2	19301	T	0
NC_045512.2	19302	A	0
NC_045512.2	19303	A	0
NC_045512.2	19304	A	0
NC_045512.2	19305	T	0
NC_045512.2	19306	A	0
NC_045512.2	19307	A	0
NC_045512.2	19308	A	0
NC_045512.2	19309	C	0
NC_045512.2	19310	A	0
NC_045512.2	19311	T	0
NC_045512.2	19312	G	0
NC_045512.2	19313	C	0
NC_045512.2	19314	A	0
NC_045512.2	19315	T	0
NC_045512.2	19316	T	0
NC_045512.2	19317	C	0
NC_045512.2	19318	C	0
NC_045512.2	19319	A	0
NC_045512.2	19320	C	0
NC_045512.2	19321	A	0
NC_045512.2	19322	C	0
NC_045512.2	19323	A	0
NC_045512.2	19324	C	0
NC_045512.2	19325	C	0
NC_045512.2	19326	A	0
NC_045512.2	19327	G	0
NC_045512.2	19328	C	0
NC_045512.2	19329	T	0
NC_045512.2	19330	T	0
NC_045512.2	19331	T	0
NC_045512.2	19332	T	0
NC_045512.2	19333	G	0
NC_045512.2	19334	A	0
NC_045512.2	19335	T	1
NC_045512.2	19336	A	1
NC_045512.2	19337	A	1
NC_045512.2	19338	A	1
NC_045512.2	19339	A	1
NC_045512.2	19340	G	1
NC_045512.2	19341	T	1
NC_045512.2	19342	G	1
NC_045512.2	19343	C	1
NC_045512.2	19344	T	1
NC_045512.2	19345	T	1
NC_045512.2	19346	T	1
NC_045512.2	19347	T	1
NC_045512.2	19348	G	1
NC_045512.2	19349	T	1
NC_045512.2	19350	T	1
NC_045512.2	19351	A	1
NC_045512.2	19352	A	1
NC_045512.2	19353	T	1
NC_045512.2	19354	T	1
NC_045512.2	19355	T	1
NC_045512.2	19356	A	1
NC_045512.2	19357	A	1
NC_045512.2	19358	A	1
NC_045512.2	19359	A	1
NC_045512.2	19360	C	1
NC_045512.2	19361	A	1
NC_045512.2	19362	A	1
NC_045512.2	19363	T	1
NC_045512.2	19364	T	1
NC_045512.2	19365	A	0
NC_045512.2	19366	C	0
NC_045512.2	19367	C	0
NC_045512.2	19368	A	0
NC_045512.2	19369	T	0
NC_045512.2	19370	T	0
NC_045512.2	19371	T	0
NC_045512.2	19372	T	0
NC_045512.2	19373	T	0
NC_045512.2	19374	C	0
NC_045512.2	19375	T	0
NC_045512.2	19376	A	0
NC_045512.2	19377	T	0
NC_045512.2	19378	T	0
NC_045512.2	19379	A	0
NC_045512.2	19380	C	0
NC_045512.2	19381	T	0
NC_045512.2	19382	C	0
NC_045512.2	19383	T	0
NC_045512.2	19384	G	0
NC_045512.2	19385	A	0
NC_045512.2	19386	C	0
NC_045512.2	19387	A	0
NC_045512.2	19388	G	0
NC_045512.2	19389	T	0
NC_045512.2	19390	C	0
NC_045512.2	19391	C	0
NC_045512.2	19392	A	0
NC_045512.2	19393	T	0
NC_045512.2	19394	G	0
NC_045512.2	19395	T	0
NC_045512.2	19396	G	0
NC_045512.2	19397	A	0
NC_045512.2	19398	G	0
NC_045512.2	19399	T	0
NC_045512.2	19400	C	0
NC_045512.2	19401	T	0
NC_045512.2	19402	C	0
NC_045512.2	19403	A	0
NC_045512.2	19404	T	0
NC_045512.2	19405	G	0
NC_045512.2	19406	G	0
NC_045512.2	19407	A	0
NC_045512.2	19408	A	0
NC_045512.2	19409	A	0
NC_045512.2	19410	A	1
NC_045512.2	19411	C	1
NC_045512.2	19412	A	1
NC_045512.2	19413	A	1
NC_045512.2	19414	G	1
NC_045512.2	19415	T	1
NC_045512.2	19416	A	1
NC_045512.2	19417	G	1
NC_045512.2	19418	T	1
NC_045512.2	19419	G	1
NC_045512.2	19420	T	1
NC_045512.2	19421	C	1
NC_045512.2	19422	A	1
NC_045512.2	19423	G	1
NC_045512.2	19424	A	1
NC_045512.2	19425	T	1
NC_045512.2	19426	A	1
NC_045512.2	19427	T	1
NC_045512.2	19428	A	1
NC_045512.2	19429	G	1
NC_045512.2	19430	A	1
NC_045512.2	19431	T	1
NC_045512.2	19432	T	1
NC_045512.2	19433	A	1
NC_045512.2	19434	T	1
NC_045512.2	19435	G	1
NC_045512.2	19436	T	1
NC_045512.2	19437	A	1
NC_045512.2	19438	C	1
NC_045512.2	19439	C	1
NC_045512.2	19440	A	0
NC_045512.2	19441	C	0
NC_045512.2	19442	T	0
NC_045512.2	19443	A	0
NC_045512.2	19444	A	0
NC_045512.2	19445	A	0
NC_045512.2	19446	G	0
NC_045512.2	19447	T	0
NC_045512.2	19448	C	0
NC_045512.2	19449	T	0
NC_045512.2	19450	G	0
NC_045512.2	19451	C	0
NC_045512.2	19452	T	0
NC_045512.2	19453	A	0
NC_045512.2	19454	C	0
NC_045512.2	19455	G	0
NC_045512.2	19456	T	0
NC_045512.2	19457	G	0
NC_045512.2	19458	T	0
NC_045512.2	19459	A	0
NC_045512.2	19460	T	0
NC_045512.2	19461	A	0
NC_045512.2	19462	A	0
NC_045512.2	19463	C	0
NC_045512.2	19464	A	0
NC_045512.2	19465	C	0
NC_045512.2	19466	G	0
NC_045512.2	19467	T	0
NC_045512.2	19468	T	0
NC_045512.2	19469	G	0
NC_045512.2	19470	C	0
NC_045512.2	19471	A	0
NC_045512.2	19472	A	0
NC_045512.2	19473	T	0
NC_045512.2	19474	T	0
NC_045512.2	19475	T	0
NC_045512.2	19476	A	0
NC_045512.2	19477	G	0
NC_045512.2	19478	G	0
NC_045512.2	19479	T	0
NC_045512.2	19480	G	0
NC_045512.2	19481	G	0
NC_045512.2	19482	T	0
NC_045512.2	19483	G	0
NC_045512.2	19484	C	0
NC_045512.2	19485	T	0
NC_045512.2	19486	G	0
NC_045512.2	19487	T	0
NC_045512.2	19488	C	0
NC_045512.2	19489	T	0
NC_045512.2	19490	G	0
NC_045512.2	19491	T	0
NC_045512.2	19492	A	0
NC_045512.2	19493	G	0
NC_045512.2	19494	A	0
NC_045512.2	19495	C	0
NC_045512.2	19496	A	0
NC_045512.2	19497	T	0
NC_045512.2	19498	C	0
NC_045512.2	19499	A	0
NC_045512.2	19500	T	0
NC_045512.2	19501	G	0
NC_045512.2	19502	C	0
NC_045512.2	19503	T	0
NC_045512.2	19504	A	0
NC_045512.2	19505	A	0
NC_045512.2	19506	T	0
NC_045512.2	19507	G	0
NC_045512.2	19508	A	0
NC_045512.2	19509	G	0
NC_045512.2	19510	T	0
NC_045512.2	19511	A	0
NC_045512.2	19512	C	0
NC_045512.2	19513	A	0
NC_045512.2	19514	G	0
NC_045512.2	19515	A	0
NC_045512.2	19516	T	0
NC_045512.2	19517	T	0
NC_045512.2	19518	G	0
NC_045512.2	19519	T	0
NC_045512.2	19520	A	0
NC_045512.2	19521	T	0
NC_045512.2	19522	C	0
NC_045512.2	19523	T	0
NC_045512.2	19524	C	0
NC_045512.2	19525	G	0
NC_045512.2	19526	A	0
NC_045512.2	19527	T	0
NC_045512.2	19528	G	0
NC_045512.2	19529	C	0
NC_045512.2	19530	T	0
NC_045512.2	19531	T	0
NC_045512.2	19532	A	0
NC_045512.2	19533	T	0
NC_045512.2	19534	A	0
NC_045512.2	19535	A	0
NC_045512.2	19536	C	0
NC_045512.2	19537	A	0
NC_045512.2	19538	T	0
NC_045512.2	19539	G	0
NC_045512.2	19540	A	0
NC_045512.2	19541	T	0
NC_045512.2	19542	G	0
NC_045512.2	19543	A	0
NC_045512.2	19544	T	0
NC_045512.2	19545	C	0
NC_045512.2	19546	T	0
NC_045512.2	19547	C	0
NC_045512.2	19548	A	0
NC_045512.2	19549	G	0
NC_045512.2	19550	C	0
NC_045512.2	19551	T	0
NC_045512.2	19552	G	0
NC_045512.2	19553	G	0
NC_045512.2	19554	C	0
NC_045512.2	19555	T	0
NC_045512.2	19556	T	0
NC_045512.2	19557	T	0
NC_045512.2	19558	A	0
NC_045512.2	19559	G	0
NC_045512.2	19560	C	0
NC_045512.2	19561	T	0
NC_045512.2	19562	T	0
NC_045512.2	19563	G	0
NC_045512.2	19564	T	0
NC_045512.2	19565	G	0
NC_045512.2	19566	G	0
NC_045512.2	19567	G	0
NC_045512.2	19568	T	0
NC_045512.2	19569	T	0
NC_045512.2	19570	T	0
NC_045512.2	19571	A	0
NC_045512.2	19572	C	0
NC_045512.2	19573	A	0
NC_045512.2	19574	A	0
NC_045512.2	19575	A	0
NC_045512.2	19576	C	0
NC_045512.2	19577	A	0
NC_045512.2	19578	A	0
NC_045512.2	19579	T	0
NC_045512.2	19580	T	0
NC_045512.2	19581	T	0
NC_045512.2	19582	G	0
NC_045512.2	19583	A	0
NC_045512.2	19584	T	0
NC_045512.2	19585	A	0
NC_045512.2	19586	C	0
NC_045512.2	19587	T	0
NC_045512.2	19588	T	0
NC_045512.2	19589	A	0
NC_045512.2	19590	T	0
NC_045512.2	19591	A	0
NC_045512.2	19592	A	0
NC_045512.2	19593	C	0
NC_045512.2	19594	C	0
NC_045512.2	19595	T	0
NC_045512.2	19596	C	0
NC_045512.2	19597	T	0
NC_045512.2	19598	G	0
NC_045512.2	19599	G	0
NC_045512.2	19600	A	0
NC_045512.2	19601	A	0
NC_045512.2	19602	C	0
NC_045512.2	19603	A	0
NC_045512.2	19604	C	0
NC_045512.2	19605	T	0
NC_045512.2	19606	T	0
NC_045512.2	19607	T	0
NC_045512.2	19608	T	0
NC_045512.2	19609	A	0
NC_045512.2	19610	C	0
NC_045512.2	19611	A	0
NC_045512.2	19612	A	0
NC_045512.2	19613	G	0
NC_045512.2	19614	A	0
NC_045512.2	19615	C	0
NC_045512.2	19616	T	2
NC_045512.2	19617	T	2
NC_045512.2	19618	C	2
NC_045512.2	19619	A	2
NC_045512.2	19620	G	6
NC_045512.2	19621	A	7
NC_045512.2	19622	G	7
NC_045512.2	19623	T	7
NC_045512.2	19624	T	7
NC_045512.2	19625	T	12
NC_045512.2	19626	A	13
NC_045512.2	19627	G	14
NC_045512.2	19628	A	14
NC_045512.2	19629	A	14
NC_045512.2	19630	A	22
NC_045512.2	19631	A	22
NC_045512.2	19632	T	22
NC_045512.2	19633	G	21
NC_045512.2	19634	T	21
NC_045512.2	19635	G	22
NC_045512.2	19636	G	22
NC_045512.2	19637	C	22
NC_045512.2	19638	T	22
NC_045512.2	19639	T	22
NC_045512.2	19640	T	22
NC_045512.2	19641	T	22
NC_045512.2	19642	A	23
NC_045512.2	19643	A	23
NC_045512.2	19644	T	23
NC_045512.2	19645	G	23
NC_045512.2	19646	T	20
NC_045512.2	19647	T	21
NC_045512.2	19648	G	21
NC_045512.2	19649	T	25
NC_045512.2	19650	A	25
NC_045512.2	19651	A	24
NC_045512.2	19652	A	24
NC_045512.2	19653	T	24
NC_045512.2	19654	A	24
NC_045512.2	19655	A	19
NC_045512.2	19656	G	20
NC_045512.2	19657	G	20
NC_045512.2	19658	G	19
NC_045512.2	19659	A	19
NC_045512.2	19660	C	13
NC_045512.2	19661	A	13
NC_045512.2	19662	C	13
NC_045512.2	19663	T	13
NC_045512.2	19664	T	16
NC_045512.2	19665	T	16
NC_045512.2	19666	G	16
NC_045512.2	19667	A	16
NC_045512.2	19668	T	16
NC_045512.2	19669	G	14
NC_045512.2	19670	G	16
NC_045512.2	19671	A	16
NC_045512.2	19672	C	15
NC_045512.2	19673	A	16
NC_045512.2	19674	A	16
NC_045512.2	19675	C	17
NC_045512.2	19676	A	16
NC_045512.2	19677	G	16
NC_045512.2	19678	G	16
NC_045512.2	19679	G	13
NC_045512.2	19680	T	11
NC_045512.2	19681	G	12
NC_045512.2	19682	A	12
NC_045512.2	19683	A	10
NC_045512.2	19684	G	16
NC_045512.2	19685	T	14
NC_045512.2	19686	A	15
NC_045512.2	19687	C	11
NC_045512.2	19688	C	13
NC_045512.2	19689	A	12
NC_045512.2	19690	G	13
NC_045512.2	19691	T	13
NC_045512.2	19692	T	12
NC_045512.2	19693	T	11
NC_045512.2	19694	C	9
NC_045512.2	19695	T	8
NC_045512.2	19696	A	9
NC_045512.2	19697	T	9
NC_045512.2	19698	C	9
NC_045512.2	19699	A	11
NC_045512.2	19700	T	10
NC_045512.2	19701	T	10
NC_045512.2	19702	A	10
NC_045512.2	19703	A	9
NC_045512.2	19704	T	12
NC_045512.2	19705	A	11
NC_045512.2	19706	A	11
NC_045512.2	19707	C	15
NC_045512.2	19708	A	15
NC_045512.2	19709	C	15
NC_045512.2	19710	T	16
NC_045512.2	19711	G	16
NC_045512.2	19712	T	15
NC_045512.2	19713	T	15
NC_045512.2	19714	T	12
NC_045512.2	19715	A	12
NC_045512.2	19716	C	12
NC_045512.2	19717	A	12
NC_045512.2	19718	C	13
NC_045512.2	19719	A	13
NC_045512.2	19720	A	17
NC_045512.2	19721	A	15
NC_045512.2	19722	A	17
NC_045512.2	19723	G	17
NC_045512.2	19724	T	16
NC_045512.2	19725	T	17
NC_045512.2	19726	G	17
NC_045512.2	19727	A	17
NC_045512.2	19728	T	17
NC_045512.2	19729	G	17
NC_045512.2	19730	G	18
NC_045512.2	19731	T	18
NC_045512.2	19732	G	18
NC_045512.2	19733	T	17
NC_045512.2	19734	T	15
NC_045512.2	19735	G	15
NC_045512.2	19736	A	15
NC_045512.2	19737	T	14
NC_045512.2	19738	G	13
NC_045512.2	19739	T	18
NC_045512.2	19740	A	17
NC_045512.2	19741	G	17
NC_045512.2	19742	A	18
NC_045512.2	19743	A	20
NC_045512.2	19744	T	16
NC_045512.2	19745	T	18
NC_045512.2	19746	G	15
NC_045512.2	19747	T	16
NC_045512.2	19748	T	14
NC_045512.2	19749	T	13
NC_045512.2	19750	G	10
NC_045512.2	19751	A	10
NC_045512.2	19752	A	10
NC_045512.2	19753	A	9
NC_045512.2	19754	A	9
NC_045512.2	19755	T	8
NC_045512.2	19756	A	8
NC_045512.2	19757	A	8
NC_045512.2	19758	A	8
NC_045512.2	19759	A	7
NC_045512.2	19760	C	6
NC_045512.2	19761	A	6
NC_045512.2	19762	A	6
NC_045512.2	19763	C	6
NC_045512.2	19764	A	6
NC_045512.2	19765	T	6
NC_045512.2	19766	T	6
NC_045512.2	19767	A	6
NC_045512.2	19768	C	6
NC_045512.2	19769	C	2
NC_045512.2	19770	T	2
NC_045512.2	19771	G	1
NC_045512.2	19772	T	0
NC_045512.2	19773	T	0
NC_045512.2	19774	A	0
NC_045512.2	19775	A	0
NC_045512.2	19776	T	0
NC_045512.2	19777	G	0
NC_045512.2	19778	T	0
NC_045512.2	19779	A	0
NC_045512.2	19780	G	0
NC_045512.2	19781	C	0
NC_045512.2	19782	A	0
NC_045512.2	19783	T	0
NC_045512.2	19784	T	0
NC_045512.2	19785	T	0
NC_045512.2	19786	G	0
NC_045512.2	19787	A	0
NC_045512.2	19788	G	0
NC_045512.2	19789	C	0
NC_045512.2	19790	T	0
NC_045512.2	19791	T	0
NC_045512.2	19792	T	0
NC_045512.2	19793	G	0
NC_045512.2	19794	G	0
NC_045512.2	19795	G	0
NC_045512.2	19796	C	0
NC_045512.2	19797	T	0
NC_045512.2	19798	A	0
NC_045512.2	19799	A	0
NC_045512.2	19800	G	0
NC_045512.2	19801	C	0
NC_045512.2	19802	G	0
NC_045512.2	19803	C	0
NC_045512.2	19804	A	0
NC_045512.2	19805	A	0
NC_045512.2	19806	C	0
NC_045512.2	19807	A	0
NC_045512.2	19808	T	0
NC_045512.2	19809	T	0
NC_045512.2	19810	A	0
NC_045512.2	19811	A	0
NC_045512.2	19812	A	0
NC_045512.2	19813	C	0
NC_045512.2	19814	C	0
NC_045512.2	19815	A	0
NC_045512.2	19816	G	0
NC_045512.2	19817	T	0
NC_045512.2	19818	A	0
NC_045512.2	19819	C	0
NC_045512.2	19820	C	0
NC_045512.2	19821	A	0
NC_045512.2	19822	G	0
NC_045512.2	19823	A	0
NC_045512.2	19824	G	0
NC_045512.2	19825	G	0
NC_045512.2	19826	T	0
NC_045512.2	19827	G	0
NC_045512.2	19828	A	0
NC_045512.2	19829	A	0
NC_045512.2	19830	A	0
NC_045512.2	19831	A	0
NC_045512.2	19832	T	0
NC_045512.2	19833	A	0
NC_045512.2	19834	C	0
NC_045512.2	19835	T	0
NC_045512.2	19836	C	0
NC_045512.2	19837	A	0
NC_045512.2	19838	A	0
NC_045512.2	19839	T	0
NC_045512.2	19840	A	0
NC_045512.2	19841	A	0
NC_045512.2	19842	T	0
NC_045512.2	19843	T	0
NC_045512.2	19844	T	0
NC_045512.2	19845	G	0
NC_045512.2	19846	G	0
NC_045512.2	19847	G	0
NC_045512.2	19848	T	0
NC_045512.2	19849	G	0
NC_045512.2	19850	T	0
NC_045512.2	19851	G	0
NC_045512.2	19852	G	0
NC_045512.2	19853	A	0
NC_045512.2	19854	C	0
NC_045512.2	19855	A	0
NC_045512.2	19856	T	0
NC_045512.2	19857	T	0
NC_045512.2	19858	G	0
NC_045512.2	19859	C	0
NC_045512.2	19860	T	0
NC_045512.2	19861	G	0
NC_045512.2	19862	C	0
NC_045512.2	19863	T	0
NC_045512.2	19864	A	0
NC_045512.2	19865	A	0
NC_045512.2	19866	T	0
NC_045512.2	19867	A	0
NC_045512.2	19868	C	0
NC_045512.2	19869	T	0
NC_045512.2	19870	G	0
NC_045512.2	19871	T	0
NC_045512.2	19872	G	0
NC_045512.2	19873	A	0
NC_045512.2	19874	T	0
NC_045512.2	19875	C	0
NC_045512.2	19876	T	0
NC_045512.2	19877	G	0
NC_045512.2	19878	G	0
NC_045512.2	19879	G	0
NC_045512.2	19880	A	0
NC_045512.2	19881	C	0
NC_045512.2	19882	T	0
NC_045512.2	19883	A	0
NC_045512.2	19884	C	0
NC_045512.2	19885	A	0
NC_045512.2	19886	A	0
NC_045512.2	19887	A	0
NC_045512.2	19888	A	0
NC_045512.2	19889	G	0
NC_045512.2	19890	A	0
NC_045512.2	19891	G	0
NC_045512.2	19892	A	0
NC_045512.2	19893	T	0
NC_045512.2	19894	G	0
NC_045512.2	19895	C	0
NC_045512.2	19896	T	0
NC_045512.2	19897	C	0
NC_045512.2	19898	C	0
NC_045512.2	19899	A	0
NC_045512.2	19900	G	0
NC_045512.2	19901	C	0
NC_045512.2	19902	A	0
NC_045512.2	19903	C	0
NC_045512.2	19904	A	0
NC_045512.2	19905	T	0
NC_045512.2	19906	A	0
NC_045512.2	19907	T	0
NC_045512.2	19908	A	0
NC_045512.2	19909	T	0
NC_045512.2	19910	C	0
NC_045512.2	19911	T	0
NC_045512.2	19912	A	0
NC_045512.2	19913	C	0
NC_045512.2	19914	T	0
NC_045512.2	19915	A	0
NC_045512.2	19916	T	0
NC_045512.2	19917	T	0
NC_045512.2	19918	G	0
NC_045512.2	19919	G	0
NC_045512.2	19920	T	0
NC_045512.2	19921	G	0
NC_045512.2	19922	T	0
NC_045512.2	19923	T	0
NC_045512.2	19924	T	0
NC_045512.2	19925	G	0
NC_045512.2	19926	T	0
NC_045512.2	19927	T	0
NC_045512.2	19928	C	0
NC_045512.2	19929	T	0
NC_045512.2	19930	A	0
NC_045512.2	19931	T	0
NC_045512.2	19932	G	0
NC_045512.2	19933	A	0
NC_045512.2	19934	C	0
NC_045512.2	19935	T	0
NC_045512.2	19936	G	0
NC_045512.2	19937	A	0
NC_045512.2	19938	C	0
NC_045512.2	19939	A	0
NC_045512.2	19940	T	0
NC_045512.2	19941	A	0
NC_045512.2	19942	G	0
NC_045512.2	19943	C	0
NC_045512.2	19944	C	0
NC_045512.2	19945	A	0
NC_045512.2	19946	A	0
NC_045512.2	19947	G	0
NC_045512.2	19948	A	0
NC_045512.2	19949	A	0
NC_045512.2	19950	A	0
NC_045512.2	19951	C	0
NC_045512.2	19952	C	0
NC_045512.2	19953	A	0
NC_045512.2	19954	A	0
NC_045512.2	19955	C	0
NC_045512.2	19956	T	0
NC_045512.2	19957	G	0
NC_045512.2	19958	A	0
NC_045512.2	19959	A	0
NC_045512.2	19960	A	0
NC_045512.2	19961	C	0
NC_045512.2	19962	G	0
NC_045512.2	19963	A	0
NC_045512.2	19964	T	0
NC_045512.2	19965	T	0
NC_045512.2	19966	T	0
NC_045512.2	19967	G	0
NC_045512.2	19968	T	0
NC_045512.2	19969	G	0
NC_045512.2	19970	C	0
NC_045512.2	19971	A	0
NC_045512.2	19972	C	0
NC_045512.2	19973	C	0
NC_045512.2	19974	A	0
NC_045512.2	19975	C	0
NC_045512.2	19976	T	0
NC_045512.2	19977	C	0
NC_045512.2	19978	A	0
NC_045512.2	19979	C	0
NC_045512.2	19980	T	0
NC_045512.2	19981	G	0
NC_045512.2	19982	T	1
NC_045512.2	19983	C	1
NC_045512.2	19984	T	1
NC_045512.2	19985	T	1
NC_045512.2	19986	T	1
NC_045512.2	19987	T	1
NC_045512.2	19988	T	1
NC_045512.2	19989	T	1
NC_045512.2	19990	G	1
NC_045512.2	19991	A	1
NC_045512.2	19992	T	1
NC_045512.2	19993	G	1
NC_045512.2	19994	G	1
NC_045512.2	19995	T	1
NC_045512.2	19996	A	1
NC_045512.2	19997	G	1
NC_045512.2	19998	A	1
NC_045512.2	19999	G	1
NC_045512.2	20000	T	1
NC_045512.2	20001	T	1
NC_045512.2	20002	G	1
NC_045512.2	20003	A	1
NC_045512.2	20004	T	1
NC_045512.2	20005	G	1
NC_045512.2	20006	G	1
NC_045512.2	20007	T	1
NC_045512.2	20008	C	1
NC_045512.2	20009	A	1
NC_045512.2	20010	A	1
NC_045512.2	20011	G	1
NC_045512.2	20012	T	0
NC_045512.2	20013	A	0
NC_045512.2	20014	G	0
NC_045512.2	20015	A	0
NC_045512.2	20016	C	0
NC_045512.2	20017	T	0
NC_045512.2	20018	T	0
NC_045512.2	20019	A	0
NC_045512.2	20020	T	0
NC_045512.2	20021	T	1
NC_045512.2	20022	T	1
NC_045512.2	20023	A	1
NC_045512.2	20024	G	1
NC_045512.2	20025	A	1
NC_045512.2	20026	A	1
NC_045512.2	20027	A	1
NC_045512.2	20028	T	1
NC_045512.2	20029	G	1
NC_045512.2	20030	C	1
NC_045512.2	20031	C	1
NC_045512.2	20032	C	1
NC_045512.2	20033	G	0
NC_045512.2	20034	T	1
NC_045512.2	20035	A	1
NC_045512.2	20036	A	1
NC_045512.2	20037	T	1
NC_045512.2	20038	G	1
NC_045512.2	20039	G	0
NC_045512.2	20040	T	1
NC_045512.2	20041	G	0
NC_045512.2	20042	T	1
NC_045512.2	20043	T	0
NC_045512.2	20044	C	1
NC_045512.2	20045	T	1
NC_045512.2	20046	T	1
NC_045512.2	20047	A	1
NC_045512.2	20048	T	1
NC_045512.2	20049	T	1
NC_045512.2	20050	A	1
NC_045512.2	20051	C	0
NC_045512.2	20052	A	0
NC_045512.2	20053	G	0
NC_045512.2	20054	A	0
NC_045512.2	20055	A	0
NC_045512.2	20056	G	0
NC_045512.2	20057	G	0
NC_045512.2	20058	T	0
NC_045512.2	20059	A	0
NC_045512.2	20060	G	0
NC_045512.2	20061	T	0
NC_045512.2	20062	G	0
NC_045512.2	20063	T	0
NC_045512.2	20064	T	0
NC_045512.2	20065	A	0
NC_045512.2	20066	A	0
NC_045512.2	20067	A	0
NC_045512.2	20068	G	0
NC_045512.2	20069	G	0
NC_045512.2	20070	T	0
NC_045512.2	20071	T	0
NC_045512.2	20072	T	0
NC_045512.2	20073	A	0
NC_045512.2	20074	C	0
NC_045512.2	20075	A	0
NC_045512.2	20076	A	0
NC_045512.2	20077	C	0
NC_045512.2	20078	C	0
NC_045512.2	20079	A	0
NC_045512.2	20080	T	0
NC_045512.2	20081	C	0
NC_045512.2	20082	T	0
NC_045512.2	20083	G	0
NC_045512.2	20084	T	0
NC_045512.2	20085	A	0
NC_045512.2	20086	G	0
NC_045512.2	20087	G	0
NC_045512.2	20088	T	0
NC_045512.2	20089	C	0
NC_045512.2	20090	C	0
NC_045512.2	20091	C	0
NC_045512.2	20092	A	0
NC_045512.2	20093	A	0
NC_045512.2	20094	A	0
NC_045512.2	20095	C	0
NC_045512.2	20096	A	0
NC_045512.2	20097	A	0
NC_045512.2	20098	G	0
NC_045512.2	20099	C	0
NC_045512.2	20100	T	0
NC_045512.2	20101	A	0
NC_045512.2	20102	G	0
NC_045512.2	20103	T	0
NC_045512.2	20104	C	0
NC_045512.2	20105	T	0
NC_045512.2	20106	T	0
NC_045512.2	20107	A	0
NC_045512.2	20108	A	0
NC_045512.2	20109	T	0
NC_045512.2	20110	G	0
NC_045512.2	20111	G	0
NC_045512.2	20112	A	0
NC_045512.2	20113	G	0
NC_045512.2	20114	T	0
NC_045512.2	20115	C	0
NC_045512.2	20116	A	0
NC_045512.2	20117	C	0
NC_045512.2	20118	A	0
NC_045512.2	20119	T	0
NC_045512.2	20120	T	0
NC_045512.2	20121	A	0
NC_045512.2	20122	A	0
NC_045512.2	20123	T	0
NC_045512.2	20124	T	0
NC_045512.2	20125	G	0
NC_045512.2	20126	G	0
NC_045512.2	20127	A	0
NC_045512.2	20128	G	0
NC_045512.2	20129	A	0
NC_045512.2	20130	A	0
NC_045512.2	20131	G	0
NC_045512.2	20132	C	0
NC_045512.2	20133	C	0
NC_045512.2	20134	G	0
NC_045512.2	20135	T	0
NC_045512.2	20136	A	0
NC_045512.2	20137	A	0
NC_045512.2	20138	A	0
NC_045512.2	20139	A	0
NC_045512.2	20140	A	0
NC_045512.2	20141	C	0
NC_045512.2	20142	A	0
NC_045512.2	20143	C	0
NC_045512.2	20144	A	0
NC_045512.2	20145	G	0
NC_045512.2	20146	T	0
NC_045512.2	20147	T	0
NC_045512.2	20148	C	0
NC_045512.2	20149	A	0
NC_045512.2	20150	A	0
NC_045512.2	20151	T	0
NC_045512.2	20152	T	0
NC_045512.2	20153	A	0
NC_045512.2	20154	T	0
NC_045512.2	20155	T	0
NC_045512.2	20156	A	0
NC_045512.2	20157	T	0
NC_045512.2	20158	A	0
NC_045512.2	20159	A	0
NC_045512.2	20160	G	0
NC_045512.2	20161	A	0
NC_045512.2	20162	A	0
NC_045512.2	20163	A	0
NC_045512.2	20164	G	0
NC_045512.2	20165	T	0
NC_045512.2	20166	T	0
NC_045512.2	20167	G	0
NC_045512.2	20168	A	0
NC_045512.2	20169	T	0
NC_045512.2	20170	G	0
NC_045512.2	20171	G	0
NC_045512.2	20172	T	0
NC_045512.2	20173	G	0
NC_045512.2	20174	T	0
NC_045512.2	20175	T	0
NC_045512.2	20176	G	0
NC_045512.2	20177	T	0
NC_045512.2	20178	C	0
NC_045512.2	20179	C	0
NC_045512.2	20180	A	0
NC_045512.2	20181	A	0
NC_045512.2	20182	C	0
NC_045512.2	20183	A	0
NC_045512.2	20184	A	0
NC_045512.2	20185	T	0
NC_045512.2	20186	T	0
NC_045512.2	20187	A	0
NC_045512.2	20188	C	0
NC_045512.2	20189	C	0
NC_045512.2	20190	T	0
NC_045512.2	20191	G	0
NC_045512.2	20192	A	0
NC_045512.2	20193	A	0
NC_045512.2	20194	A	0
NC_045512.2	20195	C	0
NC_045512.2	20196	T	0
NC_045512.2	20197	T	0
NC_045512.2	20198	A	0
NC_045512.2	20199	C	0
NC_045512.2	20200	T	0
NC_045512.2	20201	T	0
NC_045512.2	20202	T	0
NC_045512.2	20203	A	0
NC_045512.2	20204	C	0
NC_045512.2	20205	T	0
NC_045512.2	20206	C	0
NC_045512.2	20207	A	0
NC_045512.2	20208	G	0
NC_045512.2	20209	A	0
NC_045512.2	20210	G	0
NC_045512.2	20211	T	0
NC_045512.2	20212	A	0
NC_045512.2	20213	G	0
NC_045512.2	20214	A	0
NC_045512.2	20215	A	0
NC_045512.2	20216	A	0
NC_045512.2	20217	T	1
NC_045512.2	20218	T	8
NC_045512.2	20219	T	8
NC_045512.2	20220	A	8
NC_045512.2	20221	C	8
NC_045512.2	20222	A	17
NC_045512.2	20223	A	41
NC_045512.2	20224	G	42
NC_045512.2	20225	A	42
NC_045512.2	20226	A	42
NC_045512.2	20227	T	43
NC_045512.2	20228	T	45
NC_045512.2	20229	T	45
NC_045512.2	20230	A	45
NC_045512.2	20231	A	44
NC_045512.2	20232	A	48
NC_045512.2	20233	C	50
NC_045512.2	20234	C	49
NC_045512.2	20235	C	48
NC_045512.2	20236	A	52
NC_045512.2	20237	G	53
NC_045512.2	20238	G	54
NC_045512.2	20239	A	50
NC_045512.2	20240	G	57
NC_045512.2	20241	T	56
NC_045512.2	20242	C	63
NC_045512.2	20243	A	63
NC_045512.2	20244	A	63
NC_045512.2	20245	A	62
NC_045512.2	20246	T	63
NC_045512.2	20247	G	62
NC_045512.2	20248	G	55
NC_045512.2	20249	A	58
NC_045512.2	20250	A	57
NC_045512.2	20251	A	58
NC_045512.2	20252	T	49
NC_045512.2	20253	T	28
NC_045512.2	20254	G	28
NC_045512.2	20255	A	34
NC_045512.2	20256	T	33
NC_045512.2	20257	T	33
NC_045512.2	20258	T	32
NC_045512.2	20259	C	33
NC_045512.2	20260	T	33
NC_045512.2	20261	T	35
NC_045512.2	20262	A	30
NC_045512.2	20263	G	31
NC_045512.2	20264	A	29
NC_045512.2	20265	A	28
NC_045512.2	20266	T	36
NC_045512.2	20267	T	36
NC_045512.2	20268	A	34
NC_045512.2	20269	G	32
NC_045512.2	20270	C	28
NC_045512.2	20271	T	29
NC_045512.2	20272	A	24
NC_045512.2	20273	T	24
NC_045512.2	20274	G	23
NC_045512.2	20275	G	26
NC_045512.2	20276	A	25
NC_045512.2	20277	T	25
NC_045512.2	20278	G	26
NC_045512.2	20279	A	25
NC_045512.2	20280	A	25
NC_045512.2	20281	T	24
NC_045512.2	20282	T	25
NC_045512.2	20283	C	25
NC_045512.2	20284	A	27
NC_045512.2	20285	T	22
NC_045512.2	20286	T	30
NC_045512.2	20287	G	30
NC_045512.2	20288	A	30
NC_045512.2	20289	A	30
NC_045512.2	20290	C	28
NC_045512.2	20291	G	30
NC_045512.2	20292	G	33
NC_045512.2	20293	T	32
NC_045512.2	20294	A	34
NC_045512.2	20295	T	33
NC_045512.2	20296	A	39
NC_045512.2	20297	A	44
NC_045512.2	20298	A	45
NC_045512.2	20299	T	43
NC_045512.2	20300	T	42
NC_045512.2	20301	A	46
NC_045512.2	20302	G	47
NC_045512.2	20303	A	47
NC_045512.2	20304	A	47
NC_045512.2	20305	G	46
NC_045512.2	20306	G	47
NC_045512.2	20307	C	47
NC_045512.2	20308	T	44
NC_045512.2	20309	A	45
NC_045512.2	20310	T	44
NC_045512.2	20311	G	40
NC_045512.2	20312	C	39
NC_045512.2	20313	C	43
NC_045512.2	20314	T	42
NC_045512.2	20315	T	42
NC_045512.2	20316	C	30
NC_045512.2	20317	G	29
NC_045512.2	20318	A	30
NC_045512.2	20319	A	33
NC_045512.2	20320	C	34
NC_045512.2	20321	A	30
NC_045512.2	20322	T	30
NC_045512.2	20323	A	29
NC_045512.2	20324	T	28
NC_045512.2	20325	C	29
NC_045512.2	20326	G	21
NC_045512.2	20327	T	15
NC_045512.2	20328	T	14
NC_045512.2	20329	T	23
NC_045512.2	20330	A	24
NC_045512.2	20331	T	22
NC_045512.2	20332	G	21
NC_045512.2	20333	G	21
NC_045512.2	20334	A	20
NC_045512.2	20335	G	22
NC_045512.2	20336	A	21
NC_045512.2	20337	T	26
NC_045512.2	20338	T	25
NC_045512.2	20339	T	59
NC_045512.2	20340	T	59
NC_045512.2	20341	A	59
NC_045512.2	20342	G	58
NC_045512.2	20343	T	57
NC_045512.2	20344	C	55
NC_045512.2	20345	A	55
NC_045512.2	20346	T	57
NC_045512.2	20347	A	54
NC_045512.2	20348	G	56
NC_045512.2	20349	T	57
NC_045512.2	20350	C	55
NC_045512.2	20351	A	55
NC_045512.2	20352	G	57
NC_045512.2	20353	T	55
NC_045512.2	20354	T	56
NC_045512.2	20355	A	56
NC_045512.2	20356	G	56
NC_045512.2	20357	G	55
NC_045512.2	20358	T	54
NC_045512.2	20359	G	56
NC_045512.2	20360	G	51
NC_045512.2	20361	T	53
NC_045512.2	20362	T	53
NC_045512.2	20363	T	54
NC_045512.2	20364	A	54
NC_045512.2	20365	C	52
NC_045512.2	20366	A	53
NC_045512.2	20367	T	45
NC_045512.2	20368	C	45
NC_045512.2	20369	T	2
NC_045512.2	20370	A	1
NC_045512.2	20371	C	1
NC_045512.2	20372	T	1
NC_045512.2	20373	G	1
NC_045512.2	20374	A	1
NC_045512.2	20375	T	1
NC_045512.2	20376	T	1
NC_045512.2	20377	G	1
NC_045512.2	20378	G	0
NC_045512.2	20379	A	0
NC_045512.2	20380	C	0
NC_045512.2	20381	T	0
NC_045512.2	20382	A	0
NC_045512.2	20383	G	0
NC_045512.2	20384	C	0
NC_045512.2	20385	T	0
NC_045512.2	20386	A	0
NC_045512.2	20387	A	0
NC_045512.2	20388	A	0
NC_045512.2	20389	C	1
NC_045512.2	20390	G	1
NC_045512.2	20391	T	1
NC_045512.2	20392	T	1
NC_045512.2	20393	T	1
NC_045512.2	20394	T	1
NC_045512.2	20395	A	1
NC_045512.2	20396	A	1
NC_045512.2	20397	G	1
NC_045512.2	20398	G	1
NC_045512.2	20399	A	1
NC_045512.2	20400	A	1
NC_045512.2	20401	T	1
NC_045512.2	20402	C	1
NC_045512.2	20403	A	1
NC_045512.2	20404	C	1
NC_045512.2	20405	C	1
NC_045512.2	20406	T	1
NC_045512.2	20407	T	1
NC_045512.2	20408	T	1
NC_045512.2	20409	T	1
NC_045512.2	20410	G	1
NC_045512.2	20411	A	2
NC_045512.2	20412	A	2
NC_045512.2	20413	T	2
NC_045512.2	20414	T	3
NC_045512.2	20415	A	3
NC_045512.2	20416	G	3
NC_045512.2	20417	A	3
NC_045512.2	20418	A	3
NC_045512.2	20419	G	2
NC_045512.2	20420	A	1
NC_045512.2	20421	T	2
NC_045512.2	20422	T	2
NC_045512.2	20423	T	2
NC_045512.2	20424	T	2
NC_045512.2	20425	A	2
NC_045512.2	20426	T	2
NC_045512.2	20427	T	2
NC_045512.2	20428	C	1
NC_045512.2	20429	C	2
NC_045512.2	20430	T	2
NC_045512.2	20431	A	2
NC_045512.2	20432	T	2
NC_045512.2	20433	G	2
NC_045512.2	20434	G	1
NC_045512.2	20435	A	1
NC_045512.2	20436	C	2
NC_045512.2	20437	A	2
NC_045512.2	20438	G	2
NC_045512.2	20439	T	2
NC_045512.2	20440	A	2
NC_045512.2	20441	C	2
NC_045512.2	20442	A	2
NC_045512.2	20443	G	1
NC_045512.2	20444	T	1
NC_045512.2	20445	T	1
NC_045512.2	20446	A	1
NC_045512.2	20447	A	1
NC_045512.2	20448	A	1
NC_045512.2	20449	A	1
NC_045512.2	20450	A	1
NC_045512.2	20451	C	1
NC_045512.2	20452	T	1
NC_045512.2	20453	A	1
NC_045512.2	20454	T	1
NC_045512.2	20455	T	1
NC_045512.2	20456	T	2
NC_045512.2	20457	C	2
NC_045512.2	20458	A	2
NC_045512.2	20459	T	2
NC_045512.2	20460	A	2
NC_045512.2	20461	A	2
NC_045512.2	20462	C	2
NC_045512.2	20463	A	2
NC_045512.2	20464	G	2
NC_045512.2	20465	A	2
NC_045512.2	20466	T	1
NC_045512.2	20467	G	1
NC_045512.2	20468	C	1
NC_045512.2	20469	G	1
NC_045512.2	20470	C	1
NC_045512.2	20471	A	1
NC_045512.2	20472	A	1
NC_045512.2	20473	A	1
NC_045512.2	20474	C	1
NC_045512.2	20475	A	1
NC_045512.2	20476	G	1
NC_045512.2	20477	G	1
NC_045512.2	20478	T	1
NC_045512.2	20479	T	1
NC_045512.2	20480	C	1
NC_045512.2	20481	A	1
NC_045512.2	20482	T	1
NC_045512.2	20483	C	1
NC_045512.2	20484	T	1
NC_045512.2	20485	A	1
NC_045512.2	20486	A	0
NC_045512.2	20487	G	0
NC_045512.2	20488	T	0
NC_045512.2	20489	G	0
NC_045512.2	20490	T	0
NC_045512.2	20491	G	0
NC_045512.2	20492	T	0
NC_045512.2	20493	G	0
NC_045512.2	20494	T	2
NC_045512.2	20495	G	2
NC_045512.2	20496	T	2
NC_045512.2	20497	T	2
NC_045512.2	20498	C	2
NC_045512.2	20499	T	2
NC_045512.2	20500	G	2
NC_045512.2	20501	T	2
NC_045512.2	20502	T	2
NC_045512.2	20503	A	2
NC_045512.2	20504	T	2
NC_045512.2	20505	T	2
NC_045512.2	20506	G	2
NC_045512.2	20507	A	2
NC_045512.2	20508	T	2
NC_045512.2	20509	T	2
NC_045512.2	20510	T	4
NC_045512.2	20511	A	9
NC_045512.2	20512	T	10
NC_045512.2	20513	T	10
NC_045512.2	20514	A	10
NC_045512.2	20515	C	9
NC_045512.2	20516	T	10
NC_045512.2	20517	T	10
NC_045512.2	20518	G	10
NC_045512.2	20519	A	9
NC_045512.2	20520	T	11
NC_045512.2	20521	G	11
NC_045512.2	20522	A	10
NC_045512.2	20523	T	11
NC_045512.2	20524	T	10
NC_045512.2	20525	T	11
NC_045512.2	20526	T	11
NC_045512.2	20527	G	11
NC_045512.2	20528	T	11
NC_045512.2	20529	T	11
NC_045512.2	20530	G	11
NC_045512.2	20531	A	10
NC_045512.2	20532	A	11
NC_045512.2	20533	A	13
NC_045512.2	20534	T	13
NC_045512.2	20535	A	13
NC_045512.2	20536	A	13
NC_045512.2	20537	T	13
NC_045512.2	20538	A	13
NC_045512.2	20539	A	12
NC_045512.2	20540	A	12
NC_045512.2	20541	A	11
NC_045512.2	20542	T	11
NC_045512.2	20543	C	12
NC_045512.2	20544	C	12
NC_045512.2	20545	C	12
NC_045512.2	20546	A	13
NC_045512.2	20547	A	14
NC_045512.2	20548	G	13
NC_045512.2	20549	A	20
NC_045512.2	20550	T	21
NC_045512.2	20551	T	21
NC_045512.2	20552	T	19
NC_045512.2	20553	A	21
NC_045512.2	20554	T	27
NC_045512.2	20555	C	26
NC_045512.2	20556	T	27
NC_045512.2	20557	G	27
NC_045512.2	20558	T	26
NC_045512.2	20559	A	34
NC_045512.2	20560	G	34
NC_045512.2	20561	T	35
NC_045512.2	20562	T	35
NC_045512.2	20563	T	33
NC_045512.2	20564	C	35
NC_045512.2	20565	T	35
NC_045512.2	20566	A	36
NC_045512.2	20567	A	34
NC_045512.2	20568	G	35
NC_045512.2	20569	G	31
NC_045512.2	20570	T	35
NC_045512.2	20571	T	32
NC_045512.2	20572	G	34
NC_045512.2	20573	T	34
NC_045512.2	20574	C	33
NC_045512.2	20575	A	31
NC_045512.2	20576	A	32
NC_045512.2	20577	A	29
NC_045512.2	20578	G	31
NC_045512.2	20579	T	26
NC_045512.2	20580	G	25
NC_045512.2	20581	A	28
NC_045512.2	20582	C	29
NC_045512.2	20583	T	29
NC_045512.2	20584	A	27
NC_045512.2	20585	T	28
NC_045512.2	20586	T	28
NC_045512.2	20587	G	30
NC_045512.2	20588	A	31
NC_045512.2	20589	C	23
NC_045512.2	20590	T	24
NC_045512.2	20591	A	23
NC_045512.2	20592	T	25
NC_045512.2	20593	A	23
NC_045512.2	20594	C	21
NC_045512.2	20595	A	20
NC_045512.2	20596	G	21
NC_045512.2	20597	A	21
NC_045512.2	20598	A	21
NC_045512.2	20599	A	20
NC_045512.2	20600	T	22
NC_045512.2	20601	T	22
NC_045512.2	20602	T	26
NC_045512.2	20603	C	32
NC_045512.2	20604	A	30
NC_045512.2	20605	T	32
NC_045512.2	20606	T	31
NC_045512.2	20607	T	27
NC_045512.2	20608	A	30
NC_045512.2	20609	T	30
NC_045512.2	20610	G	28
NC_045512.2	20611	C	27
NC_045512.2	20612	T	25
NC_045512.2	20613	T	24
NC_045512.2	20614	T	29
NC_045512.2	20615	G	27
NC_045512.2	20616	G	26
NC_045512.2	20617	T	24
NC_045512.2	20618	G	24
NC_045512.2	20619	T	29
NC_045512.2	20620	A	28
NC_045512.2	20621	A	29
NC_045512.2	20622	A	29
NC_045512.2	20623	G	31
NC_045512.2	20624	A	35
NC_045512.2	20625	T	35
NC_045512.2	20626	G	35
NC_045512.2	20627	G	33
NC_045512.2	20628	C	36
NC_045512.2	20629	C	35
NC_045512.2	20630	A	37
NC_045512.2	20631	T	40
NC_045512.2	20632	G	42
NC_045512.2	20633	T	40
NC_045512.2	20634	A	42
NC_045512.2	20635	G	42
NC_045512.2	20636	A	41
NC_045512.2	20637	A	42
NC_045512.2	20638	A	42
NC_045512.2	20639	C	40
NC_045512.2	20640	A	41
NC_045512.2	20641	T	41
NC_045512.2	20642	T	42
NC_045512.2	20643	T	42
NC_045512.2	20644	T	35
NC_045512.2	20645	A	33
NC_045512.2	20646	C	34
NC_045512.2	20647	C	30
NC_045512.2	20648	C	30
NC_045512.2	20649	A	25
NC_045512.2	20650	A	26
NC_045512.2	20651	A	26
NC_045512.2	20652	A	25
NC_045512.2	20653	T	24
NC_045512.2	20654	T	15
NC_045512.2	20655	A	11
NC_045512.2	20656	C	12
NC_045512.2	20657	A	13
NC_045512.2	20658	A	12
NC_045512.2	20659	T	10
NC_045512.2	20660	C	9
NC_045512.2	20661	T	8
NC_045512.2	20662	A	0
NC_045512.2	20663	G	0
NC_045512.2	20664	T	0
NC_045512.2	20665	C	0
NC_045512.2	20666	A	0
NC_045512.2	20667	A	0
NC_045512.2	20668	G	0
NC_045512.2	20669	C	0
NC_045512.2	20670	G	0
NC_045512.2	20671	T	0
NC_045512.2	20672	G	0
NC_045512.2	20673	G	0
NC_045512.2	20674	C	0
NC_045512.2	20675	A	0
NC_045512.2	20676	A	0
NC_045512.2	20677	C	0
NC_045512.2	20678	C	0
NC_045512.2	20679	G	0
NC_045512.2	20680	G	0
NC_045512.2	20681	G	0
NC_045512.2	20682	T	0
NC_045512.2	20683	G	0
NC_045512.2	20684	T	0
NC_045512.2	20685	T	0
NC_045512.2	20686	G	0
NC_045512.2	20687	C	0
NC_045512.2	20688	T	0
NC_045512.2	20689	A	0
NC_045512.2	20690	T	0
NC_045512.2	20691	G	0
NC_045512.2	20692	C	0
NC_045512.2	20693	C	0
NC_045512.2	20694	T	0
NC_045512.2	20695	A	0
NC_045512.2	20696	A	0
NC_045512.2	20697	T	0
NC_045512.2	20698	C	0
NC_045512.2	20699	T	0
NC_045512.2	20700	T	0
NC_045512.2	20701	T	0
NC_045512.2	20702	A	0
NC_045512.2	20703	C	0
NC_045512.2	20704	A	0
NC_045512.2	20705	A	0
NC_045512.2	20706	A	0
NC_045512.2	20707	A	0
NC_045512.2	20708	T	0
NC_045512.2	20709	G	0
NC_045512.2	20710	C	0
NC_045512.2	20711	A	0
NC_045512.2	20712	A	0
NC_045512.2	20713	A	0
NC_045512.2	20714	G	0
NC_045512.2	20715	A	0
NC_045512.2	20716	A	0
NC_045512.2	20717	T	0
NC_045512.2	20718	G	0
NC_045512.2	20719	C	0
NC_045512.2	20720	T	0
NC_045512.2	20721	A	0
NC_045512.2	20722	T	0
NC_045512.2	20723	T	0
NC_045512.2	20724	A	0
NC_045512.2	20725	G	0
NC_045512.2	20726	A	0
NC_045512.2	20727	A	0
NC_045512.2	20728	A	0
NC_045512.2	20729	A	0
NC_045512.2	20730	G	0
NC_045512.2	20731	T	0
NC_045512.2	20732	G	0
NC_045512.2	20733	T	0
NC_045512.2	20734	G	0
NC_045512.2	20735	A	0
NC_045512.2	20736	C	0
NC_045512.2	20737	C	0
NC_045512.2	20738	T	0
NC_045512.2	20739	T	0
NC_045512.2	20740	C	0
NC_045512.2	20741	A	0
NC_045512.2	20742	A	0
NC_045512.2	20743	A	0
NC_045512.2	20744	A	0
NC_045512.2	20745	T	0
NC_045512.2	20746	T	0
NC_045512.2	20747	A	0
NC_045512.2	20748	T	0
NC_045512.2	20749	G	0
NC_045512.2	20750	G	0
NC_045512.2	20751	T	0
NC_045512.2	20752	G	0
NC_045512.2	20753	A	0
NC_045512.2	20754	T	0
NC_045512.2	20755	A	0
NC_045512.2	20756	G	0
NC_045512.2	20757	T	0
NC_045512.2	20758	G	0
NC_045512.2	20759	C	0
NC_045512.2	20760	A	0
NC_045512.2	20761	A	0
NC_045512.2	20762	C	0
NC_045512.2	20763	A	0
NC_045512.2	20764	T	0
NC_045512.2	20765	T	0
NC_045512.2	20766	A	0
NC_045512.2	20767	C	0
NC_045512.2	20768	C	0
NC_045512.2	20769	T	0
NC_045512.2	20770	A	0
NC_045512.2	20771	A	0
NC_045512.2	20772	A	0
NC_045512.2	20773	G	0
NC_045512.2	20774	G	0
NC_045512.2	20775	C	0
NC_045512.2	20776	A	0
NC_045512.2	20777	T	0
NC_045512.2	20778	A	0
NC_045512.2	20779	A	0
NC_045512.2	20780	T	0
NC_045512.2	20781	G	0
NC_045512.2	20782	A	0
NC_045512.2	20783	T	0
NC_045512.2	20784	G	0
NC_045512.2	20785	A	0
NC_045512.2	20786	A	0
NC_045512.2	20787	T	0
NC_045512.2	20788	G	0
NC_045512.2	20789	T	0
NC_045512.2	20790	C	0
NC_045512.2	20791	G	0
NC_045512.2	20792	C	0
NC_045512.2	20793	A	0
NC_045512.2	20794	A	0
NC_045512.2	20795	A	0
NC_045512.2	20796	A	0
NC_045512.2	20797	T	0
NC_045512.2	20798	A	0
NC_045512.2	20799	T	0
NC_045512.2	20800	A	0
NC_045512.2	20801	C	0
NC_045512.2	20802	T	0
NC_045512.2	20803	C	0
NC_045512.2	20804	A	0
NC_045512.2	20805	A	1
NC_045512.2	20806	C	5
NC_045512.2	20807	T	14
NC_045512.2	20808	G	16
NC_045512.2	20809	T	15
NC_045512.2	20810	G	19
NC_045512.2	20811	T	23
NC_045512.2	20812	C	35
NC_045512.2	20813	A	38
NC_045512.2	20814	A	40
NC_045512.2	20815	T	38
NC_045512.2	20816	A	40
NC_045512.2	20817	T	41
NC_045512.2	20818	T	40
NC_045512.2	20819	T	43
NC_045512.2	20820	A	41
NC_045512.2	20821	A	43
NC_045512.2	20822	A	41
NC_045512.2	20823	C	43
NC_045512.2	20824	A	42
NC_045512.2	20825	C	42
NC_045512.2	20826	A	42
NC_045512.2	20827	T	41
NC_045512.2	20828	T	42
NC_045512.2	20829	A	42
NC_045512.2	20830	A	41
NC_045512.2	20831	C	42
NC_045512.2	20832	A	43
NC_045512.2	20833	T	43
NC_045512.2	20834	T	44
NC_045512.2	20835	A	46
NC_045512.2	20836	G	38
NC_045512.2	20837	C	32
NC_045512.2	20838	T	32
NC_045512.2	20839	G	33
NC_045512.2	20840	T	29
NC_045512.2	20841	A	27
NC_045512.2	20842	C	16
NC_045512.2	20843	C	15
NC_045512.2	20844	C	16
NC_045512.2	20845	T	18
NC_045512.2	20846	A	16
NC_045512.2	20847	T	17
NC_045512.2	20848	A	16
NC_045512.2	20849	A	17
NC_045512.2	20850	T	21
NC_045512.2	20851	A	21
NC_045512.2	20852	T	23
NC_045512.2	20853	G	22
NC_045512.2	20854	A	22
NC_045512.2	20855	G	22
NC_045512.2	20856	A	22
NC_045512.2	20857	G	22
NC_045512.2	20858	T	23
NC_045512.2	20859	T	23
NC_045512.2	20860	A	25
NC_045512.2	20861	T	25
NC_045512.2	20862	A	24
NC_045512.2	20863	C	25
NC_045512.2	20864	A	26
NC_045512.2	20865	T	27
NC_045512.2	20866	T	28
NC_045512.2	20867	T	28
NC_045512.2	20868	T	27
NC_045512.2	20869	G	27
NC_045512.2	20870	G	27
NC_045512.2	20871	T	29
NC_045512.2	20872	G	26
NC_045512.2	20873	C	27
NC_045512.2	20874	T	24
NC_045512.2	20875	G	22
NC_045512.2	20876	G	21
NC_045512.2	20877	T	28
NC_045512.2	20878	T	29
NC_045512.2	20879	C	26
NC_045512.2	20880	T	27
NC_045512.2	20881	G	28
NC_045512.2	20882	A	30
NC_045512.2	20883	T	33
NC_045512.2	20884	A	32
NC_045512.2	20885	A	30
NC_045512.2	20886	A	31
NC_045512.2	20887	G	31
NC_045512.2	20888	G	31
NC_045512.2	20889	A	35
NC_045512.2	20890	G	30
NC_045512.2	20891	T	28
NC_045512.2	20892	T	30
NC_045512.2	20893	G	26
NC_045512.2	20894	C	33
NC_045512.2	20895	A	31
NC_045512.2	20896	C	31
NC_045512.2	20897	C	29
NC_045512.2	20898	A	29
NC_045512.2	20899	G	30
NC_045512.2	20900	G	28
NC_045512.2	20901	T	30
NC_045512.2	20902	A	33
NC_045512.2	20903	C	33
NC_045512.2	20904	A	35
NC_045512.2	20905	G	34
NC_045512.2	20906	C	34
NC_045512.2	20907	T	30
NC_045512.2	20908	G	30
NC_045512.2	20909	T	33
NC_045512.2	20910	T	31
NC_045512.2	20911	T	32
NC_045512.2	20912	T	29
NC_045512.2	20913	A	30
NC_045512.2	20914	A	30
NC_045512.2	20915	G	35
NC_045512.2	20916	A	38
NC_045512.2	20917	C	38
NC_045512.2	20918	A	35
NC_045512.2	20919	G	34
NC_045512.2	20920	T	34
NC_045512.2	20921	G	42
NC_045512.2	20922	G	44
NC_045512.2	20923	T	45
NC_045512.2	20924	T	38
NC_045512.2	20925	G	36
NC_045512.2	20926	C	37
NC_045512.2	20927	C	36
NC_045512.2	20928	T	36
NC_045512.2	20929	A	35
NC_045512.2	20930	C	36
NC_045512.2	20931	G	35
NC_045512.2	20932	G	33
NC_045512.2	20933	G	33
NC_045512.2	20934	T	28
NC_045512.2	20935	A	26
NC_045512.2	20936	C	27
NC_045512.2	20937	G	25
NC_045512.2	20938	C	25
NC_045512.2	20939	T	21
NC_045512.2	20940	G	22
NC_045512.2	20941	C	21
NC_045512.2	20942	T	22
NC_045512.2	20943	T	21
NC_045512.2	20944	G	21
NC_045512.2	20945	T	13
NC_045512.2	20946	C	11
NC_045512.2	20947	G	12
NC_045512.2	20948	A	12
NC_045512.2	20949	T	12
NC_045512.2	20950	T	13
NC_045512.2	20951	C	4
NC_045512.2	20952	A	3
NC_045512.2	20953	G	1
NC_045512.2	20954	A	1
NC_045512.2	20955	T	1
NC_045512.2	20956	C	1
NC_045512.2	20957	T	1
NC_045512.2	20958	T	1
NC_045512.2	20959	A	1
NC_045512.2	20960	A	1
NC_045512.2	20961	T	1
NC_045512.2	20962	G	1
NC_045512.2	20963	A	1
NC_045512.2	20964	C	1
NC_045512.2	20965	T	1
NC_045512.2	20966	T	1
NC_045512.2	20967	T	1
NC_045512.2	20968	G	1
NC_045512.2	20969	T	1
NC_045512.2	20970	C	1
NC_045512.2	20971	T	1
NC_045512.2	20972	C	1
NC_045512.2	20973	T	1
NC_045512.2	20974	G	1
NC_045512.2	20975	A	1
NC_045512.2	20976	T	1
NC_045512.2	20977	G	1
NC_045512.2	20978	C	0
NC_045512.2	20979	A	0
NC_045512.2	20980	G	0
NC_045512.2	20981	A	0
NC_045512.2	20982	T	0
NC_045512.2	20983	T	0
NC_045512.2	20984	C	0
NC_045512.2	20985	A	0
NC_045512.2	20986	A	0
NC_045512.2	20987	C	0
NC_045512.2	20988	T	0
NC_045512.2	20989	T	0
NC_045512.2	20990	T	0
NC_045512.2	20991	G	0
NC_045512.2	20992	A	0
NC_045512.2	20993	T	0
NC_045512.2	20994	T	0
NC_045512.2	20995	G	0
NC_045512.2	20996	G	0
NC_045512.2	20997	T	0
NC_045512.2	20998	G	0
NC_045512.2	20999	A	0
NC_045512.2	21000	T	0
NC_045512.2	21001	T	0
NC_045512.2	21002	G	0
NC_045512.2	21003	T	0
NC_045512.2	21004	G	0
NC_045512.2	21005	C	0
NC_045512.2	21006	A	0
NC_045512.2	21007	A	0
NC_045512.2	21008	C	0
NC_045512.2	21009	T	0
NC_045512.2	21010	G	0
NC_045512.2	21011	T	0
NC_045512.2	21012	A	0
NC_045512.2	21013	C	0
NC_045512.2	21014	A	0
NC_045512.2	21015	T	0
NC_045512.2	21016	A	0
NC_045512.2	21017	C	0
NC_045512.2	21018	A	0
NC_045512.2	21019	G	0
NC_045512.2	21020	C	0
NC_045512.2	21021	T	0
NC_045512.2	21022	A	0
NC_045512.2	21023	A	0
NC_045512.2	21024	T	0
NC_045512.2	21025	A	0
NC_045512.2	21026	A	0
NC_045512.2	21027	A	0
NC_045512.2	21028	T	0
NC_045512.2	21029	G	0
NC_045512.2	21030	G	0
NC_045512.2	21031	G	0
NC_045512.2	21032	A	0
NC_045512.2	21033	T	0
NC_045512.2	21034	C	0
NC_045512.2	21035	T	0
NC_045512.2	21036	C	0
NC_045512.2	21037	A	0
NC_045512.2	21038	T	0
NC_045512.2	21039	T	0
NC_045512.2	21040	A	0
NC_045512.2	21041	T	0
NC_045512.2	21042	T	0
NC_045512.2	21043	A	0
NC_045512.2	21044	G	0
NC_045512.2	21045	T	0
NC_045512.2	21046	G	0
NC_045512.2	21047	A	0
NC_045512.2	21048	T	0
NC_045512.2	21049	A	0
NC_045512.2	21050	T	0
NC_045512.2	21051	G	0
NC_045512.2	21052	T	0
NC_045512.2	21053	A	0
NC_045512.2	21054	C	0
NC_045512.2	21055	G	0
NC_045512.2	21056	A	0
NC_045512.2	21057	C	0
NC_045512.2	21058	C	0
NC_045512.2	21059	C	0
NC_045512.2	21060	T	0
NC_045512.2	21061	A	0
NC_045512.2	21062	A	0
NC_045512.2	21063	G	0
NC_045512.2	21064	A	0
NC_045512.2	21065	C	0
NC_045512.2	21066	T	0
NC_045512.2	21067	A	0
NC_045512.2	21068	A	0
NC_045512.2	21069	A	0
NC_045512.2	21070	A	0
NC_045512.2	21071	A	0
NC_045512.2	21072	T	0
NC_045512.2	21073	G	0
NC_045512.2	21074	T	0
NC_045512.2	21075	T	0
NC_045512.2	21076	A	0
NC_045512.2	21077	C	0
NC_045512.2	21078	A	0
NC_045512.2	21079	A	0
NC_045512.2	21080	A	0
NC_045512.2	21081	A	0
NC_045512.2	21082	G	0
NC_045512.2	21083	A	0
NC_045512.2	21084	A	0
NC_045512.2	21085	A	0
NC_045512.2	21086	A	0
NC_045512.2	21087	T	0
NC_045512.2	21088	G	0
NC_045512.2	21089	A	0
NC_045512.2	21090	C	0
NC_045512.2	21091	T	0
NC_045512.2	21092	C	0
NC_045512.2	21093	T	0
NC_045512.2	21094	A	0
NC_045512.2	21095	A	0
NC_045512.2	21096	A	0
NC_045512.2	21097	G	0
NC_045512.2	21098	A	0
NC_045512.2	21099	G	0
NC_045512.2	21100	G	0
NC_045512.2	21101	G	0
NC_045512.2	21102	T	0
NC_045512.2	21103	T	0
NC_045512.2	21104	T	0
NC_045512.2	21105	T	0
NC_045512.2	21106	T	0
NC_045512.2	21107	T	0
NC_045512.2	21108	C	0
NC_045512.2	21109	A	0
NC_045512.2	21110	C	0
NC_045512.2	21111	T	0
NC_045512.2	21112	T	0
NC_045512.2	21113	A	0
NC_045512.2	21114	C	0
NC_045512.2	21115	A	0
NC_045512.2	21116	T	0
NC_045512.2	21117	T	0
NC_045512.2	21118	T	0
NC_045512.2	21119	G	0
NC_045512.2	21120	T	0
NC_045512.2	21121	G	2
NC_045512.2	21122	G	2
NC_045512.2	21123	G	3
NC_045512.2	21124	T	3
NC_045512.2	21125	T	3
NC_045512.2	21126	T	3
NC_045512.2	21127	A	3
NC_045512.2	21128	T	7
NC_045512.2	21129	A	8
NC_045512.2	21130	C	8
NC_045512.2	21131	A	8
NC_045512.2	21132	A	8
NC_045512.2	21133	C	8
NC_045512.2	21134	A	8
NC_045512.2	21135	A	9
NC_045512.2	21136	A	10
NC_045512.2	21137	A	10
NC_045512.2	21138	G	11
NC_045512.2	21139	C	11
NC_045512.2	21140	T	11
NC_045512.2	21141	A	11
NC_045512.2	21142	G	11
NC_045512.2	21143	C	11
NC_045512.2	21144	T	11
NC_045512.2	21145	C	10
NC_045512.2	21146	T	11
NC_045512.2	21147	T	11
NC_045512.2	21148	G	11
NC_045512.2	21149	G	11
NC_045512.2	21150	A	10
NC_045512.2	21151	G	10
NC_045512.2	21152	G	10
NC_045512.2	21153	T	9
NC_045512.2	21154	T	9
NC_045512.2	21155	C	9
NC_045512.2	21156	C	9
NC_045512.2	21157	G	13
NC_045512.2	21158	T	9
NC_045512.2	21159	G	9
NC_045512.2	21160	G	9
NC_045512.2	21161	C	9
NC_045512.2	21162	T	9
NC_045512.2	21163	A	9
NC_045512.2	21164	T	9
NC_045512.2	21165	A	9
NC_045512.2	21166	A	8
NC_045512.2	21167	A	9
NC_045512.2	21168	G	8
NC_045512.2	21169	A	8
NC_045512.2	21170	T	9
NC_045512.2	21171	A	9
NC_045512.2	21172	A	8
NC_045512.2	21173	C	7
NC_045512.2	21174	A	8
NC_045512.2	21175	G	7
NC_045512.2	21176	A	9
NC_045512.2	21177	A	7
NC_045512.2	21178	C	10
NC_045512.2	21179	A	10
NC_045512.2	21180	T	10
NC_045512.2	21181	T	10
NC_045512.2	21182	C	10
NC_045512.2	21183	T	10
NC_045512.2	21184	T	10
NC_045512.2	21185	G	11
NC_045512.2	21186	G	11
NC_045512.2	21187	A	8
NC_045512.2	21188	A	8
NC_045512.2	21189	T	9
NC_045512.2	21190	G	9
NC_045512.2	21191	C	9
NC_045512.2	21192	T	9
NC_045512.2	21193	G	10
NC_045512.2	21194	A	10
NC_045512.2	21195	T	10
NC_045512.2	21196	C	10
NC_045512.2	21197	T	11
NC_045512.2	21198	T	11
NC_045512.2	21199	T	11
NC_045512.2	21200	A	9
NC_045512.2	21201	T	9
NC_045512.2	21202	A	9
NC_045512.2	21203	A	10
NC_045512.2	21204	G	11
NC_045512.2	21205	C	10
NC_045512.2	21206	T	9
NC_045512.2	21207	C	9
NC_045512.2	21208	A	6
NC_045512.2	21209	T	6
NC_045512.2	21210	G	6
NC_045512.2	21211	G	6
NC_045512.2	21212	G	6
NC_045512.2	21213	A	6
NC_045512.2	21214	C	6
NC_045512.2	21215	A	5
NC_045512.2	21216	C	6
NC_045512.2	21217	T	6
NC_045512.2	21218	T	6
NC_045512.2	21219	C	5
NC_045512.2	21220	G	5
NC_045512.2	21221	C	5
NC_045512.2	21222	A	5
NC_045512.2	21223	T	4
NC_045512.2	21224	G	4
NC_045512.2	21225	G	4
NC_045512.2	21226	T	4
NC_045512.2	21227	G	3
NC_045512.2	21228	G	3
NC_045512.2	21229	A	4
NC_045512.2	21230	C	4
NC_045512.2	21231	A	3
NC_045512.2	21232	G	3
NC_045512.2	21233	C	2
NC_045512.2	21234	C	1
NC_045512.2	21235	T	2
NC_045512.2	21236	T	2
NC_045512.2	21237	T	2
NC_045512.2	21238	G	2
NC_045512.2	21239	T	2
NC_045512.2	21240	T	2
NC_045512.2	21241	A	2
NC_045512.2	21242	C	2
NC_045512.2	21243	T	2
NC_045512.2	21244	A	2
NC_045512.2	21245	A	1
NC_045512.2	21246	T	1
NC_045512.2	21247	G	1
NC_045512.2	21248	T	1
NC_045512.2	21249	G	1
NC_045512.2	21250	A	1
NC_045512.2	21251	A	1
NC_045512.2	21252	T	1
NC_045512.2	21253	G	1
NC_045512.2	21254	C	1
NC_045512.2	21255	G	1
NC_045512.2	21256	T	1
NC_045512.2	21257	C	1
NC_045512.2	21258	A	0
NC_045512.2	21259	T	0
NC_045512.2	21260	C	0
NC_045512.2	21261	A	0
NC_045512.2	21262	T	0
NC_045512.2	21263	C	0
NC_045512.2	21264	T	0
NC_045512.2	21265	G	0
NC_045512.2	21266	A	0
NC_045512.2	21267	A	0
NC_045512.2	21268	G	0
NC_045512.2	21269	C	0
NC_045512.2	21270	A	0
NC_045512.2	21271	T	0
NC_045512.2	21272	T	0
NC_045512.2	21273	T	0
NC_045512.2	21274	T	0
NC_045512.2	21275	T	0
NC_045512.2	21276	A	0
NC_045512.2	21277	A	0
NC_045512.2	21278	T	0
NC_045512.2	21279	T	0
NC_045512.2	21280	G	0
NC_045512.2	21281	G	0
NC_045512.2	21282	A	0
NC_045512.2	21283	T	0
NC_045512.2	21284	G	0
NC_045512.2	21285	T	0
NC_045512.2	21286	A	0
NC_045512.2	21287	A	0
NC_045512.2	21288	T	0
NC_045512.2	21289	T	0
NC_045512.2	21290	A	0
NC_045512.2	21291	T	0
NC_045512.2	21292	C	0
NC_045512.2	21293	T	0
NC_045512.2	21294	T	0
NC_045512.2	21295	G	0
NC_045512.2	21296	G	0
NC_045512.2	21297	C	0
NC_045512.2	21298	A	0
NC_045512.2	21299	A	0
NC_045512.2	21300	A	0
NC_045512.2	21301	C	0
NC_045512.2	21302	C	0
NC_045512.2	21303	A	0
NC_045512.2	21304	C	0
NC_045512.2	21305	G	0
NC_045512.2	21306	C	0
NC_045512.2	21307	G	0
NC_045512.2	21308	A	0
NC_045512.2	21309	A	0
NC_045512.2	21310	C	0
NC_045512.2	21311	A	0
NC_045512.2	21312	A	0
NC_045512.2	21313	A	0
NC_045512.2	21314	T	0
NC_045512.2	21315	A	0
NC_045512.2	21316	G	0
NC_045512.2	21317	A	0
NC_045512.2	21318	T	0
NC_045512.2	21319	G	0
NC_045512.2	21320	G	0
NC_045512.2	21321	T	0
NC_045512.2	21322	T	0
NC_045512.2	21323	A	0
NC_045512.2	21324	T	0
NC_045512.2	21325	G	0
NC_045512.2	21326	T	0
NC_045512.2	21327	C	0
NC_045512.2	21328	A	0
NC_045512.2	21329	T	0
NC_045512.2	21330	G	0
NC_045512.2	21331	C	0
NC_045512.2	21332	A	0
NC_045512.2	21333	T	0
NC_045512.2	21334	G	0
NC_045512.2	21335	C	0
NC_045512.2	21336	A	0
NC_045512.2	21337	A	0
NC_045512.2	21338	A	0
NC_045512.2	21339	T	0
NC_045512.2	21340	T	0
NC_045512.2	21341	A	0
NC_045512.2	21342	C	0
NC_045512.2	21343	A	0
NC_045512.2	21344	T	0
NC_045512.2	21345	A	0
NC_045512.2	21346	T	0
NC_045512.2	21347	T	0
NC_045512.2	21348	T	0
NC_045512.2	21349	T	0
NC_045512.2	21350	G	0
NC_045512.2	21351	G	0
NC_045512.2	21352	A	0
NC_045512.2	21353	G	0
NC_045512.2	21354	G	0
NC_045512.2	21355	A	0
NC_045512.2	21356	A	0
NC_045512.2	21357	T	0
NC_045512.2	21358	A	0
NC_045512.2	21359	C	0
NC_045512.2	21360	A	0
NC_045512.2	21361	A	0
NC_045512.2	21362	A	0
NC_045512.2	21363	T	0
NC_045512.2	21364	C	0
NC_045512.2	21365	C	0
NC_045512.2	21366	A	0
NC_045512.2	21367	A	0
NC_045512.2	21368	T	0
NC_045512.2	21369	T	0
NC_045512.2	21370	C	0
NC_045512.2	21371	A	0
NC_045512.2	21372	G	0
NC_045512.2	21373	T	0
NC_045512.2	21374	T	0
NC_045512.2	21375	G	0
NC_045512.2	21376	T	0
NC_045512.2	21377	C	0
NC_045512.2	21378	T	0
NC_045512.2	21379	T	0
NC_045512.2	21380	C	0
NC_045512.2	21381	C	0
NC_045512.2	21382	T	0
NC_045512.2	21383	A	0
NC_045512.2	21384	T	0
NC_045512.2	21385	T	0
NC_045512.2	21386	C	0
NC_045512.2	21387	T	0
NC_045512.2	21388	T	0
NC_045512.2	21389	T	0
NC_045512.2	21390	A	0
NC_045512.2	21391	T	0
NC_045512.2	21392	T	0
NC_045512.2	21393	T	0
NC_045512.2	21394	G	0
NC_045512.2	21395	A	0
NC_045512.2	21396	C	0
NC_045512.2	21397	A	0
NC_045512.2	21398	T	0
NC_045512.2	21399	G	0
NC_045512.2	21400	A	0
NC_045512.2	21401	G	0
NC_045512.2	21402	T	0
NC_045512.2	21403	A	0
NC_045512.2	21404	A	0
NC_045512.2	21405	A	0
NC_045512.2	21406	T	0
NC_045512.2	21407	T	0
NC_045512.2	21408	T	0
NC_045512.2	21409	C	0
NC_045512.2	21410	C	0
NC_045512.2	21411	C	0
NC_045512.2	21412	C	0
NC_045512.2	21413	T	0
NC_045512.2	21414	T	0
NC_045512.2	21415	A	0
NC_045512.2	21416	A	0
NC_045512.2	21417	A	0
NC_045512.2	21418	T	0
NC_045512.2	21419	T	0
NC_045512.2	21420	A	0
NC_045512.2	21421	A	0
NC_045512.2	21422	G	0
NC_045512.2	21423	G	0
NC_045512.2	21424	G	1
NC_045512.2	21425	G	1
NC_045512.2	21426	T	1
NC_045512.2	21427	A	1
NC_045512.2	21428	C	1
NC_045512.2	21429	T	2
NC_045512.2	21430	G	2
NC_045512.2	21431	C	5
NC_045512.2	21432	T	5
NC_045512.2	21433	G	5
NC_045512.2	21434	T	7
NC_045512.2	21435	T	7
NC_045512.2	21436	A	7
NC_045512.2	21437	T	7
NC_045512.2	21438	G	7
NC_045512.2	21439	T	11
NC_045512.2	21440	C	11
NC_045512.2	21441	T	15
NC_045512.2	21442	T	15
NC_045512.2	21443	T	15
NC_045512.2	21444	A	16
NC_045512.2	21445	A	16
NC_045512.2	21446	A	15
NC_045512.2	21447	A	16
NC_045512.2	21448	G	16
NC_045512.2	21449	A	14
NC_045512.2	21450	A	15
NC_045512.2	21451	G	16
NC_045512.2	21452	G	16
NC_045512.2	21453	T	16
NC_045512.2	21454	C	15
NC_045512.2	21455	A	15
NC_045512.2	21456	A	15
NC_045512.2	21457	A	15
NC_045512.2	21458	T	16
NC_045512.2	21459	C	15
NC_045512.2	21460	A	15
NC_045512.2	21461	A	12
NC_045512.2	21462	T	12
NC_045512.2	21463	G	12
NC_045512.2	21464	A	10
NC_045512.2	21465	T	10
NC_045512.2	21466	A	11
NC_045512.2	21467	T	11
NC_045512.2	21468	G	11
NC_045512.2	21469	A	11
NC_045512.2	21470	T	11
NC_045512.2	21471	T	11
NC_045512.2	21472	T	10
NC_045512.2	21473	T	11
NC_045512.2	21474	A	11
NC_045512.2	21475	T	10
NC_045512.2	21476	C	12
NC_045512.2	21477	T	12
NC_045512.2	21478	C	11
NC_045512.2	21479	T	10
NC_045512.2	21480	T	10
NC_045512.2	21481	C	11
NC_045512.2	21482	T	7
NC_045512.2	21483	T	7
NC_045512.2	21484	A	7
NC_045512.2	21485	G	7
NC_045512.2	21486	T	7
NC_045512.2	21487	A	8
NC_045512.2	21488	A	7
NC_045512.2	21489	A	9
NC_045512.2	21490	G	9
NC_045512.2	21491	G	9
NC_045512.2	21492	T	7
NC_045512.2	21493	A	7
NC_045512.2	21494	G	5
NC_045512.2	21495	A	5
NC_045512.2	21496	C	5
NC_045512.2	21497	T	4
NC_045512.2	21498	T	4
NC_045512.2	21499	A	4
NC_045512.2	21500	T	4
NC_045512.2	21501	A	4
NC_045512.2	21502	A	4
NC_045512.2	21503	T	4
NC_045512.2	21504	T	4
NC_045512.2	21505	A	4
NC_045512.2	21506	G	4
NC_045512.2	21507	A	3
NC_045512.2	21508	G	3
NC_045512.2	21509	A	3
NC_045512.2	21510	A	3
NC_045512.2	21511	A	3
NC_045512.2	21512	A	3
NC_045512.2	21513	C	3
NC_045512.2	21514	A	3
NC_045512.2	21515	A	4
NC_045512.2	21516	C	4
NC_045512.2	21517	A	3
NC_045512.2	21518	G	3
NC_045512.2	21519	A	4
NC_045512.2	21520	G	4
NC_045512.2	21521	T	4
NC_045512.2	21522	T	4
NC_045512.2	21523	G	4
NC_045512.2	21524	T	4
NC_045512.2	21525	T	3
NC_045512.2	21526	A	3
NC_045512.2	21527	T	3
NC_045512.2	21528	T	3
NC_045512.2	21529	T	4
NC_045512.2	21530	C	4
NC_045512.2	21531	T	4
NC_045512.2	21532	A	4
NC_045512.2	21533	G	3
NC_045512.2	21534	T	5
NC_045512.2	21535	G	5
NC_045512.2	21536	A	5
NC_045512.2	21537	T	5
NC_045512.2	21538	G	5
NC_045512.2	21539	T	5
NC_045512.2	21540	T	5
NC_045512.2	21541	C	5
NC_045512.2	21542	T	5
NC_045512.2	21543	T	5
NC_045512.2	21544	G	5
NC_045512.2	21545	T	5
NC_045512.2	21546	T	5
NC_045512.2	21547	A	4
NC_045512.2	21548	A	5
NC_045512.2	21549	C	3
NC_045512.2	21550	A	3
NC_045512.2	21551	A	3
NC_045512.2	21552	C	3
NC_045512.2	21553	T	3
NC_045512.2	21554	A	3
NC_045512.2	21555	A	3
NC_045512.2	21556	A	3
NC_045512.2	21557	C	3
NC_045512.2	21558	G	3
NC_045512.2	21559	A	2
NC_045512.2	21560	A	2
NC_045512.2	21561	C	2
NC_045512.2	21562	A	2
NC_045512.2	21563	A	2
NC_045512.2	21564	T	1
NC_045512.2	21565	G	1
NC_045512.2	21566	T	1
NC_045512.2	21567	T	1
NC_045512.2	21568	T	1
NC_045512.2	21569	G	1
NC_045512.2	21570	T	1
NC_045512.2	21571	T	1
NC_045512.2	21572	T	1
NC_045512.2	21573	T	1
NC_045512.2	21574	T	1
NC_045512.2	21575	C	0
NC_045512.2	21576	T	0
NC_045512.2	21577	T	0
NC_045512.2	21578	G	0
NC_045512.2	21579	T	0
NC_045512.2	21580	T	0
NC_045512.2	21581	T	0
NC_045512.2	21582	T	0
NC_045512.2	21583	A	0
NC_045512.2	21584	T	0
NC_045512.2	21585	T	0
NC_045512.2	21586	G	0
NC_045512.2	21587	C	0
NC_045512.2	21588	C	0
NC_045512.2	21589	A	0
NC_045512.2	21590	C	0
NC_045512.2	21591	T	0
NC_045512.2	21592	A	0
NC_045512.2	21593	G	0
NC_045512.2	21594	T	0
NC_045512.2	21595	C	0
NC_045512.2	21596	T	0
NC_045512.2	21597	C	0
NC_045512.2	21598	T	0
NC_045512.2	21599	A	0
NC_045512.2	21600	G	0
NC_045512.2	21601	T	0
NC_045512.2	21602	C	0
NC_045512.2	21603	A	0
NC_045512.2	21604	G	0
NC_045512.2	21605	T	0
NC_045512.2	21606	G	0
NC_045512.2	21607	T	0
NC_045512.2	21608	G	0
NC_045512.2	21609	T	0
NC_045512.2	21610	T	0
NC_045512.2	21611	A	0
NC_045512.2	21612	A	0
NC_045512.2	21613	T	0
NC_045512.2	21614	C	0
NC_045512.2	21615	T	0
NC_045512.2	21616	T	0
NC_045512.2	21617	A	0
NC_045512.2	21618	C	0
NC_045512.2	21619	A	0
NC_045512.2	21620	A	0
NC_045512.2	21621	C	0
NC_045512.2	21622	C	0
NC_045512.2	21623	A	0
NC_045512.2	21624	G	0
NC_045512.2	21625	A	0
NC_045512.2	21626	A	0
NC_045512.2	21627	C	0
NC_045512.2	21628	T	0
NC_045512.2	21629	C	0
NC_045512.2	21630	A	0
NC_045512.2	21631	A	0
NC_045512.2	21632	T	0
NC_045512.2	21633	T	0
NC_045512.2	21634	A	0
NC_045512.2	21635	C	0
NC_045512.2	21636	C	0
NC_045512.2	21637	C	0
NC_045512.2	21638	C	0
NC_045512.2	21639	C	0
NC_045512.2	21640	T	0
NC_045512.2	21641	G	0
NC_045512.2	21642	C	0
NC_045512.2	21643	A	0
NC_045512.2	21644	T	0
NC_045512.2	21645	A	0
NC_045512.2	21646	C	0
NC_045512.2	21647	A	0
NC_045512.2	21648	C	0
NC_045512.2	21649	T	0
NC_045512.2	21650	A	0
NC_045512.2	21651	A	0
NC_045512.2	21652	T	0
NC_045512.2	21653	T	0
NC_045512.2	21654	C	0
NC_045512.2	21655	T	0
NC_045512.2	21656	T	0
NC_045512.2	21657	T	0
NC_045512.2	21658	C	0
NC_045512.2	21659	A	0
NC_045512.2	21660	C	0
NC_045512.2	21661	A	0
NC_045512.2	21662	C	0
NC_045512.2	21663	G	0
NC_045512.2	21664	T	0
NC_045512.2	21665	G	0
NC_045512.2	21666	G	0
NC_045512.2	21667	T	0
NC_045512.2	21668	G	0
NC_045512.2	21669	T	0
NC_045512.2	21670	T	0
NC_045512.2	21671	T	2
NC_045512.2	21672	A	2
NC_045512.2	21673	T	2
NC_045512.2	21674	T	4
NC_045512.2	21675	A	4
NC_045512.2	21676	C	4
NC_045512.2	21677	C	4
NC_045512.2	21678	C	4
NC_045512.2	21679	T	11
NC_045512.2	21680	G	10
NC_045512.2	21681	A	10
NC_045512.2	21682	C	12
NC_045512.2	21683	A	11
NC_045512.2	21684	A	11
NC_045512.2	21685	A	12
NC_045512.2	21686	G	12
NC_045512.2	21687	T	12
NC_045512.2	21688	T	11
NC_045512.2	21689	T	12
NC_045512.2	21690	T	12
NC_045512.2	21691	C	11
NC_045512.2	21692	A	12
NC_045512.2	21693	G	12
NC_045512.2	21694	A	10
NC_045512.2	21695	T	11
NC_045512.2	21696	C	12
NC_045512.2	21697	C	12
NC_045512.2	21698	T	12
NC_045512.2	21699	C	12
NC_045512.2	21700	A	10
NC_045512.2	21701	G	10
NC_045512.2	21702	T	9
NC_045512.2	21703	T	10
NC_045512.2	21704	T	8
NC_045512.2	21705	T	8
NC_045512.2	21706	A	8
NC_045512.2	21707	C	8
NC_045512.2	21708	A	9
NC_045512.2	21709	T	3
NC_045512.2	21710	T	3
NC_045512.2	21711	C	4
NC_045512.2	21712	A	4
NC_045512.2	21713	A	3
NC_045512.2	21714	C	4
NC_045512.2	21715	T	4
NC_045512.2	21716	C	4
NC_045512.2	21717	A	6
NC_045512.2	21718	G	6
NC_045512.2	21719	G	6
NC_045512.2	21720	A	6
NC_045512.2	21721	C	6
NC_045512.2	21722	T	5
NC_045512.2	21723	T	6
NC_045512.2	21724	G	11
NC_045512.2	21725	T	10
NC_045512.2	21726	T	10
NC_045512.2	21727	C	12
NC_045512.2	21728	T	11
NC_045512.2	21729	T	12
NC_045512.2	21730	A	11
NC_045512.2	21731	C	12
NC_045512.2	21732	C	11
NC_045512.2	21733	T	12
NC_045512.2	21734	T	13
NC_045512.2	21735	T	13
NC_045512.2	21736	C	14
NC_045512.2	21737	T	14
NC_045512.2	21738	T	13
NC_045512.2	21739	T	14
NC_045512.2	21740	T	14
NC_045512.2	21741	C	13
NC_045512.2	21742	C	13
NC_045512.2	21743	A	13
NC_045512.2	21744	A	13
NC_045512.2	21745	T	13
NC_045512.2	21746	G	13
NC_045512.2	21747	T	12
NC_045512.2	21748	T	12
NC_045512.2	21749	A	12
NC_045512.2	21750	C	12
NC_045512.2	21751	T	12
NC_045512.2	21752	T	10
NC_045512.2	21753	G	9
NC_045512.2	21754	G	9
NC_045512.2	21755	T	9
NC_045512.2	21756	T	9
NC_045512.2	21757	C	8
NC_045512.2	21758	C	8
NC_045512.2	21759	A	8
NC_045512.2	21760	T	8
NC_045512.2	21761	G	8
NC_045512.2	21762	C	7
NC_045512.2	21763	T	7
NC_045512.2	21764	A	5
NC_045512.2	21765	T	5
NC_045512.2	21766	A	0
NC_045512.2	21767	C	0
NC_045512.2	21768	A	0
NC_045512.2	21769	T	0
NC_045512.2	21770	G	5
NC_045512.2	21771	T	4
NC_045512.2	21772	C	6
NC_045512.2	21773	T	5
NC_045512.2	21774	C	6
NC_045512.2	21775	T	6
NC_045512.2	21776	G	7
NC_045512.2	21777	G	7
NC_045512.2	21778	G	8
NC_045512.2	21779	A	7
NC_045512.2	21780	C	8
NC_045512.2	21781	C	8
NC_045512.2	21782	A	8
NC_045512.2	21783	A	7
NC_045512.2	21784	T	7
NC_045512.2	21785	G	7
NC_045512.2	21786	G	7
NC_045512.2	21787	T	7
NC_045512.2	21788	A	7
NC_045512.2	21789	C	8
NC_045512.2	21790	T	8
NC_045512.2	21791	A	8
NC_045512.2	21792	A	7
NC_045512.2	21793	G	8
NC_045512.2	21794	A	8
NC_045512.2	21795	G	8
NC_045512.2	21796	G	8
NC_045512.2	21797	T	7
NC_045512.2	21798	T	7
NC_045512.2	21799	T	8
NC_045512.2	21800	G	2
NC_045512.2	21801	A	2
NC_045512.2	21802	T	2
NC_045512.2	21803	A	2
NC_045512.2	21804	A	2
NC_045512.2	21805	C	0
NC_045512.2	21806	C	0
NC_045512.2	21807	C	0
NC_045512.2	21808	T	0
NC_045512.2	21809	G	0
NC_045512.2	21810	T	1
NC_045512.2	21811	C	1
NC_045512.2	21812	C	1
NC_045512.2	21813	T	1
NC_045512.2	21814	A	1
NC_045512.2	21815	C	1
NC_045512.2	21816	C	1
NC_045512.2	21817	A	1
NC_045512.2	21818	T	1
NC_045512.2	21819	T	1
NC_045512.2	21820	T	1
NC_045512.2	21821	A	1
NC_045512.2	21822	A	1
NC_045512.2	21823	T	1
NC_045512.2	21824	G	1
NC_045512.2	21825	A	1
NC_045512.2	21826	T	1
NC_045512.2	21827	G	1
NC_045512.2	21828	G	1
NC_045512.2	21829	T	1
NC_045512.2	21830	G	1
NC_045512.2	21831	T	1
NC_045512.2	21832	T	1
NC_045512.2	21833	T	1
NC_045512.2	21834	A	1
NC_045512.2	21835	T	1
NC_045512.2	21836	T	1
NC_045512.2	21837	T	1
NC_045512.2	21838	T	1
NC_045512.2	21839	G	1
NC_045512.2	21840	C	0
NC_045512.2	21841	T	0
NC_045512.2	21842	T	0
NC_045512.2	21843	C	0
NC_045512.2	21844	C	0
NC_045512.2	21845	A	0
NC_045512.2	21846	C	0
NC_045512.2	21847	T	0
NC_045512.2	21848	G	0
NC_045512.2	21849	A	0
NC_045512.2	21850	G	0
NC_045512.2	21851	A	0
NC_045512.2	21852	A	0
NC_045512.2	21853	G	0
NC_045512.2	21854	T	0
NC_045512.2	21855	C	0
NC_045512.2	21856	T	0
NC_045512.2	21857	A	0
NC_045512.2	21858	A	0
NC_045512.2	21859	C	0
NC_045512.2	21860	A	0
NC_045512.2	21861	T	0
NC_045512.2	21862	A	0
NC_045512.2	21863	A	0
NC_045512.2	21864	T	0
NC_045512.2	21865	A	0
NC_045512.2	21866	A	0
NC_045512.2	21867	G	0
NC_045512.2	21868	A	0
NC_045512.2	21869	G	0
NC_045512.2	21870	G	0
NC_045512.2	21871	C	0
NC_045512.2	21872	T	0
NC_045512.2	21873	G	0
NC_045512.2	21874	G	0
NC_045512.2	21875	A	0
NC_045512.2	21876	T	0
NC_045512.2	21877	T	0
NC_045512.2	21878	T	0
NC_045512.2	21879	T	0
NC_045512.2	21880	T	0
NC_045512.2	21881	G	0
NC_045512.2	21882	G	0
NC_045512.2	21883	T	0
NC_045512.2	21884	A	0
NC_045512.2	21885	C	0
NC_045512.2	21886	T	0
NC_045512.2	21887	A	0
NC_045512.2	21888	C	0
NC_045512.2	21889	T	0
NC_045512.2	21890	T	0
NC_045512.2	21891	T	0
NC_045512.2	21892	A	0
NC_045512.2	21893	G	0
NC_045512.2	21894	A	0
NC_045512.2	21895	T	0
NC_045512.2	21896	T	0
NC_045512.2	21897	C	0
NC_045512.2	21898	G	0
NC_045512.2	21899	A	0
NC_045512.2	21900	A	0
NC_045512.2	21901	G	0
NC_045512.2	21902	A	0
NC_045512.2	21903	C	0
NC_045512.2	21904	C	0
NC_045512.2	21905	C	0
NC_045512.2	21906	A	0
NC_045512.2	21907	G	0
NC_045512.2	21908	T	0
NC_045512.2	21909	C	0
NC_045512.2	21910	C	0
NC_045512.2	21911	C	0
NC_045512.2	21912	T	0
NC_045512.2	21913	A	0
NC_045512.2	21914	C	0
NC_045512.2	21915	T	0
NC_045512.2	21916	T	0
NC_045512.2	21917	A	0
NC_045512.2	21918	T	0
NC_045512.2	21919	T	0
NC_045512.2	21920	G	0
NC_045512.2	21921	T	0
NC_045512.2	21922	T	0
NC_045512.2	21923	A	0
NC_045512.2	21924	A	0
NC_045512.2	21925	T	0
NC_045512.2	21926	A	0
NC_045512.2	21927	A	0
NC_045512.2	21928	C	0
NC_045512.2	21929	G	0
NC_045512.2	21930	C	0
NC_045512.2	21931	T	0
NC_045512.2	21932	A	0
NC_045512.2	21933	C	0
NC_045512.2	21934	T	0
NC_045512.2	21935	A	0
NC_045512.2	21936	A	0
NC_045512.2	21937	T	0
NC_045512.2	21938	G	0
NC_045512.2	21939	T	0
NC_045512.2	21940	T	0
NC_045512.2	21941	G	0
NC_045512.2	21942	T	0
NC_045512.2	21943	T	0
NC_045512.2	21944	A	0
NC_045512.2	21945	T	0
NC_045512.2	21946	T	0
NC_045512.2	21947	A	0
NC_045512.2	21948	A	0
NC_045512.2	21949	A	0
NC_045512.2	21950	G	0
NC_045512.2	21951	T	0
NC_045512.2	21952	C	0
NC_045512.2	21953	T	0
NC_045512.2	21954	G	0
NC_045512.2	21955	T	0
NC_045512.2	21956	G	0
NC_045512.2	21957	A	0
NC_045512.2	21958	A	0
NC_045512.2	21959	T	0
NC_045512.2	21960	T	0
NC_045512.2	21961	T	0
NC_045512.2	21962	C	0
NC_045512.2	21963	A	0
NC_045512.2	21964	A	0
NC_045512.2	21965	T	0
NC_045512.2	21966	T	0
NC_045512.2	21967	T	0
NC_045512.2	21968	T	0
NC_045512.2	21969	G	0
NC_045512.2	21970	T	0
NC_045512.2	21971	A	0
NC_045512.2	21972	A	0
NC_045512.2	21973	T	0
NC_045512.2	21974	G	0
NC_045512.2	21975	A	0
NC_045512.2	21976	T	0
NC_045512.2	21977	C	0
NC_045512.2	21978	C	0
NC_045512.2	21979	A	0
NC_045512.2	21980	T	0
NC_045512.2	21981	T	0
NC_045512.2	21982	T	0
NC_045512.2	21983	T	0
NC_045512.2	21984	T	0
NC_045512.2	21985	G	0
NC_045512.2	21986	G	0
NC_045512.2	21987	G	0
NC_045512.2	21988	T	0
NC_045512.2	21989	G	0
NC_045512.2	21990	T	0
NC_045512.2	21991	T	0
NC_045512.2	21992	T	0
NC_045512.2	21993	A	0
NC_045512.2	21994	T	0
NC_045512.2	21995	T	0
NC_045512.2	21996	A	0
NC_045512.2	21997	C	0
NC_045512.2	21998	C	0
NC_045512.2	21999	A	0
NC_045512.2	22000	C	0
NC_045512.2	22001	A	0
NC_045512.2	22002	A	0
NC_045512.2	22003	A	1
NC_045512.2	22004	A	1
NC_045512.2	22005	A	1
NC_045512.2	22006	C	1
NC_045512.2	22007	A	1
NC_045512.2	22008	A	4
NC_045512.2	22009	C	4
NC_045512.2	22010	A	4
NC_045512.2	22011	A	4
NC_045512.2	22012	A	4
NC_045512.2	22013	A	3
NC_045512.2	22014	G	4
NC_045512.2	22015	T	4
NC_045512.2	22016	T	4
NC_045512.2	22017	G	5
NC_045512.2	22018	G	5
NC_045512.2	22019	A	5
NC_045512.2	22020	T	4
NC_045512.2	22021	G	5
NC_045512.2	22022	G	5
NC_045512.2	22023	A	6
NC_045512.2	22024	A	6
NC_045512.2	22025	A	5
NC_045512.2	22026	G	5
NC_045512.2	22027	T	6
NC_045512.2	22028	G	6
NC_045512.2	22029	A	7
NC_045512.2	22030	G	7
NC_045512.2	22031	T	7
NC_045512.2	22032	T	8
NC_045512.2	22033	C	7
NC_045512.2	22034	A	6
NC_045512.2	22035	G	7
NC_045512.2	22036	A	7
NC_045512.2	22037	G	6
NC_045512.2	22038	T	5
NC_045512.2	22039	T	5
NC_045512.2	22040	T	5
NC_045512.2	22041	A	5
NC_045512.2	22042	T	5
NC_045512.2	22043	T	6
NC_045512.2	22044	C	6
NC_045512.2	22045	T	6
NC_045512.2	22046	A	6
NC_045512.2	22047	G	5
NC_045512.2	22048	T	5
NC_045512.2	22049	G	6
NC_045512.2	22050	C	6
NC_045512.2	22051	G	7
NC_045512.2	22052	A	7
NC_045512.2	22053	A	8
NC_045512.2	22054	T	10
NC_045512.2	22055	A	10
NC_045512.2	22056	A	10
NC_045512.2	22057	T	10
NC_045512.2	22058	T	10
NC_045512.2	22059	G	9
NC_045512.2	22060	C	9
NC_045512.2	22061	A	7
NC_045512.2	22062	C	7
NC_045512.2	22063	T	8
NC_045512.2	22064	T	8
NC_045512.2	22065	T	8
NC_045512.2	22066	T	8
NC_045512.2	22067	G	8
NC_045512.2	22068	A	8
NC_045512.2	22069	A	8
NC_045512.2	22070	T	9
NC_045512.2	22071	A	9
NC_045512.2	22072	T	9
NC_045512.2	22073	G	9
NC_045512.2	22074	T	9
NC_045512.2	22075	C	8
NC_045512.2	22076	T	8
NC_045512.2	22077	C	9
NC_045512.2	22078	T	9
NC_045512.2	22079	C	9
NC_045512.2	22080	A	9
NC_045512.2	22081	G	8
NC_045512.2	22082	C	7
NC_045512.2	22083	C	5
NC_045512.2	22084	T	5
NC_045512.2	22085	T	7
NC_045512.2	22086	T	9
NC_045512.2	22087	T	9
NC_045512.2	22088	C	9
NC_045512.2	22089	T	9
NC_045512.2	22090	T	10
NC_045512.2	22091	A	10
NC_045512.2	22092	T	9
NC_045512.2	22093	G	9
NC_045512.2	22094	G	9
NC_045512.2	22095	A	8
NC_045512.2	22096	C	10
NC_045512.2	22097	C	9
NC_045512.2	22098	T	7
NC_045512.2	22099	T	5
NC_045512.2	22100	G	5
NC_045512.2	22101	A	5
NC_045512.2	22102	A	4
NC_045512.2	22103	G	6
NC_045512.2	22104	G	6
NC_045512.2	22105	A	6
NC_045512.2	22106	A	6
NC_045512.2	22107	A	6
NC_045512.2	22108	A	6
NC_045512.2	22109	C	6
NC_045512.2	22110	A	7
NC_045512.2	22111	G	7
NC_045512.2	22112	G	7
NC_045512.2	22113	G	7
NC_045512.2	22114	T	8
NC_045512.2	22115	A	11
NC_045512.2	22116	A	8
NC_045512.2	22117	T	8
NC_045512.2	22118	T	8
NC_045512.2	22119	T	8
NC_045512.2	22120	C	8
NC_045512.2	22121	A	8
NC_045512.2	22122	A	8
NC_045512.2	22123	A	8
NC_045512.2	22124	A	7
NC_045512.2	22125	A	8
NC_045512.2	22126	T	8
NC_045512.2	22127	C	8
NC_045512.2	22128	T	8
NC_045512.2	22129	T	8
NC_045512.2	22130	A	8
NC_045512.2	22131	G	7
NC_045512.2	22132	G	7
NC_045512.2	22133	G	7
NC_045512.2	22134	A	8
NC_045512.2	22135	A	7
NC_045512.2	22136	T	8
NC_045512.2	22137	T	7
NC_045512.2	22138	T	7
NC_045512.2	22139	G	7
NC_045512.2	22140	T	7
NC_045512.2	22141	G	7
NC_045512.2	22142	T	7
NC_045512.2	22143	T	7
NC_045512.2	22144	T	6
NC_045512.2	22145	A	0
NC_045512.2	22146	A	0
NC_045512.2	22147	G	0
NC_045512.2	22148	A	0
NC_045512.2	22149	A	0
NC_045512.2	22150	T	0
NC_045512.2	22151	A	0
NC_045512.2	22152	T	0
NC_045512.2	22153	T	0
NC_045512.2	22154	G	0
NC_045512.2	22155	A	0
NC_045512.2	22156	T	0
NC_045512.2	22157	G	0
NC_045512.2	22158	G	0
NC_045512.2	22159	T	0
NC_045512.2	22160	T	0
NC_045512.2	22161	A	0
NC_045512.2	22162	T	0
NC_045512.2	22163	T	0
NC_045512.2	22164	T	0
NC_045512.2	22165	T	0
NC_045512.2	22166	A	0
NC_045512.2	22167	A	0
NC_045512.2	22168	A	0
NC_045512.2	22169	A	0
NC_045512.2	22170	T	0
NC_045512.2	22171	A	0
NC_045512.2	22172	T	0
NC_045512.2	22173	A	0
NC_045512.2	22174	T	0
NC_045512.2	22175	T	0
NC_045512.2	22176	C	0
NC_045512.2	22177	T	0
NC_045512.2	22178	A	0
NC_045512.2	22179	A	0
NC_045512.2	22180	G	0
NC_045512.2	22181	C	0
NC_045512.2	22182	A	0
NC_045512.2	22183	C	0
NC_045512.2	22184	A	0
NC_045512.2	22185	C	0
NC_045512.2	22186	G	0
NC_045512.2	22187	C	0
NC_045512.2	22188	C	0
NC_045512.2	22189	T	0
NC_045512.2	22190	A	0
NC_045512.2	22191	T	0
NC_045512.2	22192	T	0
NC_045512.2	22193	A	0
NC_045512.2	22194	A	0
NC_045512.2	22195	T	0
NC_045512.2	22196	T	0
NC_045512.2	22197	T	0
NC_045512.2	22198	A	0
NC_045512.2	22199	G	0
NC_045512.2	22200	T	0
NC_045512.2	22201	G	0
NC_045512.2	22202	C	0
NC_045512.2	22203	G	0
NC_045512.2	22204	T	0
NC_045512.2	22205	G	0
NC_045512.2	22206	A	0
NC_045512.2	22207	T	0
NC_045512.2	22208	C	1
NC_045512.2	22209	T	1
NC_045512.2	22210	C	1
NC_045512.2	22211	C	1
NC_045512.2	22212	C	1
NC_045512.2	22213	T	1
NC_045512.2	22214	C	1
NC_045512.2	22215	A	1
NC_045512.2	22216	G	1
NC_045512.2	22217	G	1
NC_045512.2	22218	G	1
NC_045512.2	22219	T	1
NC_045512.2	22220	T	1
NC_045512.2	22221	T	1
NC_045512.2	22222	T	1
NC_045512.2	22223	T	1
NC_045512.2	22224	C	1
NC_045512.2	22225	G	1
NC_045512.2	22226	G	1
NC_045512.2	22227	C	1
NC_045512.2	22228	T	1
NC_045512.2	22229	T	1
NC_045512.2	22230	T	1
NC_045512.2	22231	A	1
NC_045512.2	22232	G	2
NC_045512.2	22233	A	2
NC_045512.2	22234	A	2
NC_045512.2	22235	C	2
NC_045512.2	22236	C	2
NC_045512.2	22237	A	2
NC_045512.2	22238	T	1
NC_045512.2	22239	T	1
NC_045512.2	22240	G	1
NC_045512.2	22241	G	1
NC_045512.2	22242	T	1
NC_045512.2	22243	A	1
NC_045512.2	22244	G	1
NC_045512.2	22245	A	1
NC_045512.2	22246	T	1
NC_045512.2	22247	T	1
NC_045512.2	22248	T	1
NC_045512.2	22249	G	1
NC_045512.2	22250	C	1
NC_045512.2	22251	C	1
NC_045512.2	22252	A	1
NC_045512.2	22253	A	1
NC_045512.2	22254	T	1
NC_045512.2	22255	A	1
NC_045512.2	22256	G	1
NC_045512.2	22257	G	1
NC_045512.2	22258	T	1
NC_045512.2	22259	A	1
NC_045512.2	22260	T	1
NC_045512.2	22261	T	1
NC_045512.2	22262	A	0
NC_045512.2	22263	A	0
NC_045512.2	22264	C	0
NC_045512.2	22265	A	0
NC_045512.2	22266	T	0
NC_045512.2	22267	C	0
NC_045512.2	22268	A	0
NC_045512.2	22269	C	0
NC_045512.2	22270	T	0
NC_045512.2	22271	A	0
NC_045512.2	22272	G	0
NC_045512.2	22273	G	0
NC_045512.2	22274	T	0
NC_045512.2	22275	T	0
NC_045512.2	22276	T	0
NC_045512.2	22277	C	0
NC_045512.2	22278	A	0
NC_045512.2	22279	A	0
NC_045512.2	22280	A	0
NC_045512.2	22281	C	0
NC_045512.2	22282	T	1
NC_045512.2	22283	T	1
NC_045512.2	22284	T	2
NC_045512.2	22285	A	2
NC_045512.2	22286	C	2
NC_045512.2	22287	T	2
NC_045512.2	22288	T	2
NC_045512.2	22289	G	2
NC_045512.2	22290	C	2
NC_045512.2	22291	T	2
NC_045512.2	22292	T	2
NC_045512.2	22293	T	2
NC_045512.2	22294	A	2
NC_045512.2	22295	C	2
NC_045512.2	22296	A	2
NC_045512.2	22297	T	2
NC_045512.2	22298	A	2
NC_045512.2	22299	G	2
NC_045512.2	22300	A	2
NC_045512.2	22301	A	2
NC_045512.2	22302	G	2
NC_045512.2	22303	T	2
NC_045512.2	22304	T	2
NC_045512.2	22305	A	2
NC_045512.2	22306	T	2
NC_045512.2	22307	T	2
NC_045512.2	22308	T	2
NC_045512.2	22309	G	2
NC_045512.2	22310	A	3
NC_045512.2	22311	C	3
NC_045512.2	22312	T	2
NC_045512.2	22313	C	2
NC_045512.2	22314	C	1
NC_045512.2	22315	T	1
NC_045512.2	22316	G	1
NC_045512.2	22317	G	1
NC_045512.2	22318	T	1
NC_045512.2	22319	G	1
NC_045512.2	22320	A	1
NC_045512.2	22321	T	1
NC_045512.2	22322	T	1
NC_045512.2	22323	C	1
NC_045512.2	22324	T	1
NC_045512.2	22325	T	1
NC_045512.2	22326	C	1
NC_045512.2	22327	T	1
NC_045512.2	22328	T	1
NC_045512.2	22329	C	1
NC_045512.2	22330	A	1
NC_045512.2	22331	G	1
NC_045512.2	22332	G	1
NC_045512.2	22333	T	1
NC_045512.2	22334	T	1
NC_045512.2	22335	G	1
NC_045512.2	22336	G	1
NC_045512.2	22337	A	1
NC_045512.2	22338	C	1
NC_045512.2	22339	A	1
NC_045512.2	22340	G	1
NC_045512.2	22341	C	1
NC_045512.2	22342	T	1
NC_045512.2	22343	G	1
NC_045512.2	22344	G	1
NC_045512.2	22345	T	1
NC_045512.2	22346	G	1
NC_045512.2	22347	C	1
NC_045512.2	22348	T	1
NC_045512.2	22349	G	1
NC_045512.2	22350	C	1
NC_045512.2	22351	A	1
NC_045512.2	22352	G	1
NC_045512.2	22353	C	1
NC_045512.2	22354	T	1
NC_045512.2	22355	T	1
NC_045512.2	22356	A	1
NC_045512.2	22357	T	0
NC_045512.2	22358	T	0
NC_045512.2	22359	A	0
NC_045512.2	22360	T	0
NC_045512.2	22361	G	0
NC_045512.2	22362	T	0
NC_045512.2	22363	G	0
NC_045512.2	22364	G	0
NC_045512.2	22365	G	0
NC_045512.2	22366	T	0
NC_045512.2	22367	T	0
NC_045512.2	22368	A	0
NC_045512.2	22369	T	0
NC_045512.2	22370	C	0
NC_045512.2	22371	T	0
NC_045512.2	22372	T	0
NC_045512.2	22373	C	0
NC_045512.2	22374	A	0
NC_045512.2	22375	A	0
NC_045512.2	22376	C	0
NC_045512.2	22377	C	0
NC_045512.2	22378	T	0
NC_045512.2	22379	A	0
NC_045512.2	22380	G	0
NC_045512.2	22381	G	0
NC_045512.2	22382	A	0
NC_045512.2	22383	C	0
NC_045512.2	22384	T	0
NC_045512.2	22385	T	0
NC_045512.2	22386	T	0
NC_045512.2	22387	T	0
NC_045512.2	22388	C	0
NC_045512.2	22389	T	0
NC_045512.2	22390	A	0
NC_045512.2	22391	T	0
NC_045512.2	22392	T	0
NC_045512.2	22393	A	0
NC_045512.2	22394	A	0
NC_045512.2	22395	A	0
NC_045512.2	22396	A	0
NC_045512.2	22397	T	0
NC_045512.2	22398	A	0
NC_045512.2	22399	T	0
NC_045512.2	22400	A	0
NC_045512.2	22401	A	0
NC_045512.2	22402	T	0
NC_045512.2	22403	G	0
NC_045512.2	22404	A	0
NC_045512.2	22405	A	0
NC_045512.2	22406	A	0
NC_045512.2	22407	A	0
NC_045512.2	22408	T	0
NC_045512.2	22409	G	0
NC_045512.2	22410	G	0
NC_045512.2	22411	A	0
NC_045512.2	22412	A	0
NC_045512.2	22413	C	0
NC_045512.2	22414	C	0
NC_045512.2	22415	A	0
NC_045512.2	22416	T	0
NC_045512.2	22417	T	0
NC_045512.2	22418	A	0
NC_045512.2	22419	C	0
NC_045512.2	22420	A	0
NC_045512.2	22421	G	0
NC_045512.2	22422	A	0
NC_045512.2	22423	T	0
NC_045512.2	22424	G	0
NC_045512.2	22425	C	0
NC_045512.2	22426	T	0
NC_045512.2	22427	G	0
NC_045512.2	22428	T	0
NC_045512.2	22429	A	0
NC_045512.2	22430	G	0
NC_045512.2	22431	A	0
NC_045512.2	22432	C	0
NC_045512.2	22433	T	0
NC_045512.2	22434	G	0
NC_045512.2	22435	T	0
NC_045512.2	22436	G	0
NC_045512.2	22437	C	0
NC_045512.2	22438	A	0
NC_045512.2	22439	C	0
NC_045512.2	22440	T	0
NC_045512.2	22441	T	0
NC_045512.2	22442	G	0
NC_045512.2	22443	A	0
NC_045512.2	22444	C	0
NC_045512.2	22445	C	0
NC_045512.2	22446	C	0
NC_045512.2	22447	T	0
NC_045512.2	22448	C	0
NC_045512.2	22449	T	0
NC_045512.2	22450	C	0
NC_045512.2	22451	T	0
NC_045512.2	22452	C	0
NC_045512.2	22453	A	0
NC_045512.2	22454	G	0
NC_045512.2	22455	A	0
NC_045512.2	22456	A	0
NC_045512.2	22457	A	0
NC_045512.2	22458	C	0
NC_045512.2	22459	A	0
NC_045512.2	22460	A	0
NC_045512.2	22461	A	0
NC_045512.2	22462	G	0
NC_045512.2	22463	T	0
NC_045512.2	22464	G	0
NC_045512.2	22465	T	0
NC_045512.2	22466	A	0
NC_045512.2	22467	C	0
NC_045512.2	22468	G	0
NC_045512.2	22469	T	0
NC_045512.2	22470	T	0
NC_045512.2	22471	G	0
NC_045512.2	22472	A	0
NC_045512.2	22473	A	0
NC_045512.2	22474	A	0
NC_045512.2	22475	T	0
NC_045512.2	22476	C	0
NC_045512.2	22477	C	0
NC_045512.2	22478	T	0
NC_045512.2	22479	T	0
NC_045512.2	22480	C	0
NC_045512.2	22481	A	0
NC_045512.2	22482	C	0
NC_045512.2	22483	T	0
NC_045512.2	22484	G	0
NC_045512.2	22485	T	0
NC_045512.2	22486	A	0
NC_045512.2	22487	G	0
NC_045512.2	22488	A	0
NC_045512.2	22489	A	0
NC_045512.2	22490	A	0
NC_045512.2	22491	A	0
NC_045512.2	22492	A	0
NC_045512.2	22493	G	0
NC_045512.2	22494	G	0
NC_045512.2	22495	A	0
NC_045512.2	22496	A	0
NC_045512.2	22497	T	0
NC_045512.2	22498	C	0
NC_045512.2	22499	T	0
NC_045512.2	22500	A	0
NC_045512.2	22501	T	0
NC_045512.2	22502	C	0
NC_045512.2	22503	A	0
NC_045512.2	22504	A	0
NC_045512.2	22505	A	0
NC_045512.2	22506	C	0
NC_045512.2	22507	T	0
NC_045512.2	22508	T	0
NC_045512.2	22509	C	0
NC_045512.2	22510	T	0
NC_045512.2	22511	A	0
NC_045512.2	22512	A	0
NC_045512.2	22513	C	0
NC_045512.2	22514	T	0
NC_045512.2	22515	T	0
NC_045512.2	22516	T	0
NC_045512.2	22517	A	0
NC_045512.2	22518	G	0
NC_045512.2	22519	A	0
NC_045512.2	22520	G	0
NC_045512.2	22521	T	0
NC_045512.2	22522	C	0
NC_045512.2	22523	C	0
NC_045512.2	22524	A	0
NC_045512.2	22525	A	0
NC_045512.2	22526	C	0
NC_045512.2	22527	C	0
NC_045512.2	22528	A	0
NC_045512.2	22529	A	0
NC_045512.2	22530	C	0
NC_045512.2	22531	A	0
NC_045512.2	22532	G	0
NC_045512.2	22533	A	0
NC_045512.2	22534	A	1
NC_045512.2	22535	T	1
NC_045512.2	22536	C	1
NC_045512.2	22537	T	1
NC_045512.2	22538	A	1
NC_045512.2	22539	T	1
NC_045512.2	22540	T	1
NC_045512.2	22541	G	1
NC_045512.2	22542	T	1
NC_045512.2	22543	T	1
NC_045512.2	22544	A	1
NC_045512.2	22545	G	3
NC_045512.2	22546	A	6
NC_045512.2	22547	T	6
NC_045512.2	22548	T	6
NC_045512.2	22549	T	5
NC_045512.2	22550	C	6
NC_045512.2	22551	C	6
NC_045512.2	22552	T	6
NC_045512.2	22553	A	6
NC_045512.2	22554	A	6
NC_045512.2	22555	T	6
NC_045512.2	22556	A	6
NC_045512.2	22557	T	6
NC_045512.2	22558	T	6
NC_045512.2	22559	A	6
NC_045512.2	22560	C	6
NC_045512.2	22561	A	6
NC_045512.2	22562	A	5
NC_045512.2	22563	A	6
NC_045512.2	22564	C	5
NC_045512.2	22565	T	5
NC_045512.2	22566	T	4
NC_045512.2	22567	G	4
NC_045512.2	22568	T	4
NC_045512.2	22569	G	4
NC_045512.2	22570	C	5
NC_045512.2	22571	C	5
NC_045512.2	22572	C	5
NC_045512.2	22573	T	5
NC_045512.2	22574	T	4
NC_045512.2	22575	T	3
NC_045512.2	22576	T	0
NC_045512.2	22577	G	0
NC_045512.2	22578	G	0
NC_045512.2	22579	T	0
NC_045512.2	22580	G	0
NC_045512.2	22581	A	0
NC_045512.2	22582	A	0
NC_045512.2	22583	G	0
NC_045512.2	22584	T	0
NC_045512.2	22585	T	0
NC_045512.2	22586	T	0
NC_045512.2	22587	T	0
NC_045512.2	22588	T	0
NC_045512.2	22589	A	0
NC_045512.2	22590	A	0
NC_045512.2	22591	C	0
NC_045512.2	22592	G	0
NC_045512.2	22593	C	0
NC_045512.2	22594	C	0
NC_045512.2	22595	A	0
NC_045512.2	22596	C	0
NC_045512.2	22597	C	0
NC_045512.2	22598	A	0
NC_045512.2	22599	G	0
NC_045512.2	22600	A	0
NC_045512.2	22601	T	0
NC_045512.2	22602	T	2
NC_045512.2	22603	T	2
NC_045512.2	22604	G	2
NC_045512.2	22605	C	2
NC_045512.2	22606	A	2
NC_045512.2	22607	T	4
NC_045512.2	22608	C	4
NC_045512.2	22609	T	4
NC_045512.2	22610	G	4
NC_045512.2	22611	T	4
NC_045512.2	22612	T	4
NC_045512.2	22613	T	4
NC_045512.2	22614	A	4
NC_045512.2	22615	T	4
NC_045512.2	22616	G	4
NC_045512.2	22617	C	4
NC_045512.2	22618	T	5
NC_045512.2	22619	T	5
NC_045512.2	22620	G	6
NC_045512.2	22621	G	6
NC_045512.2	22622	A	6
NC_045512.2	22623	A	6
NC_045512.2	22624	C	6
NC_045512.2	22625	A	6
NC_045512.2	22626	G	6
NC_045512.2	22627	G	6
NC_045512.2	22628	A	6
NC_045512.2	22629	A	6
NC_045512.2	22630	G	6
NC_045512.2	22631	A	6
NC_045512.2	22632	G	4
NC_045512.2	22633	A	4
NC_045512.2	22634	A	4
NC_045512.2	22635	T	4
NC_045512.2	22636	C	4
NC_045512.2	22637	A	2
NC_045512.2	22638	G	2
NC_045512.2	22639	C	2
NC_045512.2	22640	A	2
NC_045512.2	22641	A	2
NC_045512.2	22642	C	2
NC_045512.2	22643	T	2
NC_045512.2	22644	G	2
NC_045512.2	22645	T	2
NC_045512.2	22646	G	2
NC_045512.2	22647	T	3
NC_045512.2	22648	T	2
NC_045512.2	22649	G	2
NC_045512.2	22650	C	2
NC_045512.2	22651	T	2
NC_045512.2	22652	G	2
NC_045512.2	22653	A	2
NC_045512.2	22654	T	2
NC_045512.2	22655	T	2
NC_045512.2	22656	A	2
NC_045512.2	22657	T	2
NC_045512.2	22658	T	1
NC_045512.2	22659	C	1
NC_045512.2	22660	T	1
NC_045512.2	22661	G	1
NC_045512.2	22662	T	1
NC_045512.2	22663	C	1
NC_045512.2	22664	C	1
NC_045512.2	22665	T	1
NC_045512.2	22666	A	1
NC_045512.2	22667	T	1
NC_045512.2	22668	A	1
NC_045512.2	22669	T	1
NC_045512.2	22670	A	1
NC_045512.2	22671	A	1
NC_045512.2	22672	T	1
NC_045512.2	22673	T	1
NC_045512.2	22674	C	1
NC_045512.2	22675	C	1
NC_045512.2	22676	G	1
NC_045512.2	22677	C	0
NC_045512.2	22678	A	0
NC_045512.2	22679	T	0
NC_045512.2	22680	C	0
NC_045512.2	22681	A	0
NC_045512.2	22682	T	0
NC_045512.2	22683	T	0
NC_045512.2	22684	T	0
NC_045512.2	22685	T	0
NC_045512.2	22686	C	0
NC_045512.2	22687	C	0
NC_045512.2	22688	A	0
NC_045512.2	22689	C	0
NC_045512.2	22690	T	0
NC_045512.2	22691	T	0
NC_045512.2	22692	T	0
NC_045512.2	22693	T	0
NC_045512.2	22694	A	0
NC_045512.2	22695	A	0
NC_045512.2	22696	G	0
NC_045512.2	22697	T	0
NC_045512.2	22698	G	0
NC_045512.2	22699	T	0
NC_045512.2	22700	T	0
NC_045512.2	22701	A	0
NC_045512.2	22702	T	0
NC_045512.2	22703	G	0
NC_045512.2	22704	G	0
NC_045512.2	22705	A	0
NC_045512.2	22706	G	0
NC_045512.2	22707	T	0
NC_045512.2	22708	G	0
NC_045512.2	22709	T	0
NC_045512.2	22710	C	0
NC_045512.2	22711	T	0
NC_045512.2	22712	C	0
NC_045512.2	22713	C	0
NC_045512.2	22714	T	0
NC_045512.2	22715	A	0
NC_045512.2	22716	C	0
NC_045512.2	22717	T	0
NC_045512.2	22718	A	0
NC_045512.2	22719	A	0
NC_045512.2	22720	A	0
NC_045512.2	22721	T	0
NC_045512.2	22722	T	0
NC_045512.2	22723	A	0
NC_045512.2	22724	A	0
NC_045512.2	22725	A	0
NC_045512.2	22726	T	0
NC_045512.2	22727	G	0
NC_045512.2	22728	A	0
NC_045512.2	22729	T	0
NC_045512.2	22730	C	0
NC_045512.2	22731	T	0
NC_045512.2	22732	C	0
NC_045512.2	22733	T	0
NC_045512.2	22734	G	0
NC_045512.2	22735	C	0
NC_045512.2	22736	T	0
NC_045512.2	22737	T	0
NC_045512.2	22738	T	0
NC_045512.2	22739	A	0
NC_045512.2	22740	C	0
NC_045512.2	22741	T	0
NC_045512.2	22742	A	0
NC_045512.2	22743	A	0
NC_045512.2	22744	T	0
NC_045512.2	22745	G	0
NC_045512.2	22746	T	0
NC_045512.2	22747	C	0
NC_045512.2	22748	T	0
NC_045512.2	22749	A	0
NC_045512.2	22750	T	0
NC_045512.2	22751	G	0
NC_045512.2	22752	C	0
NC_045512.2	22753	A	0
NC_045512.2	22754	G	0
NC_045512.2	22755	A	0
NC_045512.2	22756	T	0
NC_045512.2	22757	T	0
NC_045512.2	22758	C	0
NC_045512.2	22759	A	0
NC_045512.2	22760	T	0
NC_045512.2	22761	T	0
NC_045512.2	22762	T	0
NC_045512.2	22763	G	0
NC_045512.2	22764	T	0
NC_045512.2	22765	A	0
NC_045512.2	22766	A	0
NC_045512.2	22767	T	0
NC_045512.2	22768	T	0
NC_045512.2	22769	A	0
NC_045512.2	22770	G	0
NC_045512.2	22771	A	0
NC_045512.2	22772	G	0
NC_045512.2	22773	G	0
NC_045512.2	22774	T	0
NC_045512.2	22775	G	0
NC_045512.2	22776	A	0
NC_045512.2	22777	T	0
NC_045512.2	22778	G	0
NC_045512.2	22779	A	0
NC_045512.2	22780	A	0
NC_045512.2	22781	G	0
NC_045512.2	22782	T	0
NC_045512.2	22783	C	0
NC_045512.2	22784	A	0
NC_045512.2	22785	G	0
NC_045512.2	22786	A	0
NC_045512.2	22787	C	0
NC_045512.2	22788	A	0
NC_045512.2	22789	A	0
NC_045512.2	22790	A	0
NC_045512.2	22791	T	0
NC_045512.2	22792	C	0
NC_045512.2	22793	G	0
NC_045512.2	22794	C	0
NC_045512.2	22795	T	0
NC_045512.2	22796	C	0
NC_045512.2	22797	C	0
NC_045512.2	22798	A	0
NC_045512.2	22799	G	0
NC_045512.2	22800	G	0
NC_045512.2	22801	G	0
NC_045512.2	22802	C	0
NC_045512.2	22803	A	0
NC_045512.2	22804	A	0
NC_045512.2	22805	A	0
NC_045512.2	22806	C	0
NC_045512.2	22807	T	0
NC_045512.2	22808	G	0
NC_045512.2	22809	G	0
NC_045512.2	22810	A	0
NC_045512.2	22811	A	0
NC_045512.2	22812	A	0
NC_045512.2	22813	G	0
NC_045512.2	22814	A	0
NC_045512.2	22815	T	0
NC_045512.2	22816	T	0
NC_045512.2	22817	G	0
NC_045512.2	22818	C	0
NC_045512.2	22819	T	0
NC_045512.2	22820	G	0
NC_045512.2	22821	A	0
NC_045512.2	22822	T	0
NC_045512.2	22823	T	0
NC_045512.2	22824	A	0
NC_045512.2	22825	T	0
NC_045512.2	22826	A	0
NC_045512.2	22827	A	0
NC_045512.2	22828	T	0
NC_045512.2	22829	T	0
NC_045512.2	22830	A	0
NC_045512.2	22831	T	0
NC_045512.2	22832	A	0
NC_045512.2	22833	A	0
NC_045512.2	22834	A	0
NC_045512.2	22835	T	0
NC_045512.2	22836	T	0
NC_045512.2	22837	A	0
NC_045512.2	22838	C	0
NC_045512.2	22839	C	0
NC_045512.2	22840	A	0
NC_045512.2	22841	G	0
NC_045512.2	22842	A	0
NC_045512.2	22843	T	0
NC_045512.2	22844	G	0
NC_045512.2	22845	A	0
NC_045512.2	22846	T	0
NC_045512.2	22847	T	0
NC_045512.2	22848	T	0
NC_045512.2	22849	T	0
NC_045512.2	22850	A	0
NC_045512.2	22851	C	0
NC_045512.2	22852	A	0
NC_045512.2	22853	G	0
NC_045512.2	22854	G	0
NC_045512.2	22855	C	0
NC_045512.2	22856	T	0
NC_045512.2	22857	G	0
NC_045512.2	22858	C	0
NC_045512.2	22859	G	0
NC_045512.2	22860	T	0
NC_045512.2	22861	T	0
NC_045512.2	22862	A	0
NC_045512.2	22863	T	0
NC_045512.2	22864	A	0
NC_045512.2	22865	G	0
NC_045512.2	22866	C	0
NC_045512.2	22867	T	0
NC_045512.2	22868	T	0
NC_045512.2	22869	G	0
NC_045512.2	22870	G	0
NC_045512.2	22871	A	0
NC_045512.2	22872	A	0
NC_045512.2	22873	T	0
NC_045512.2	22874	T	0
NC_045512.2	22875	C	0
NC_045512.2	22876	T	0
NC_045512.2	22877	A	0
NC_045512.2	22878	A	0
NC_045512.2	22879	C	0
NC_045512.2	22880	A	0
NC_045512.2	22881	A	0
NC_045512.2	22882	T	0
NC_045512.2	22883	C	0
NC_045512.2	22884	T	0
NC_045512.2	22885	T	0
NC_045512.2	22886	G	0
NC_045512.2	22887	A	0
NC_045512.2	22888	T	0
NC_045512.2	22889	T	0
NC_045512.2	22890	C	0
NC_045512.2	22891	T	0
NC_045512.2	22892	A	0
NC_045512.2	22893	A	0
NC_045512.2	22894	G	0
NC_045512.2	22895	G	0
NC_045512.2	22896	T	0
NC_045512.2	22897	T	0
NC_045512.2	22898	G	0
NC_045512.2	22899	G	0
NC_045512.2	22900	T	0
NC_045512.2	22901	G	0
NC_045512.2	22902	G	0
NC_045512.2	22903	T	0
NC_045512.2	22904	A	0
NC_045512.2	22905	A	0
NC_045512.2	22906	T	0
NC_045512.2	22907	T	0
NC_045512.2	22908	A	0
NC_045512.2	22909	T	0
NC_045512.2	22910	A	0
NC_045512.2	22911	A	0
NC_045512.2	22912	T	0
NC_045512.2	22913	T	0
NC_045512.2	22914	A	0
NC_045512.2	22915	C	0
NC_045512.2	22916	C	0
NC_045512.2	22917	T	0
NC_045512.2	22918	G	0
NC_045512.2	22919	T	0
NC_045512.2	22920	A	0
NC_045512.2	22921	T	0
NC_045512.2	22922	A	0
NC_045512.2	22923	G	0
NC_045512.2	22924	A	0
NC_045512.2	22925	T	0
NC_045512.2	22926	T	0
NC_045512.2	22927	G	0
NC_045512.2	22928	T	0
NC_045512.2	22929	T	0
NC_045512.2	22930	T	0
NC_045512.2	22931	A	0
NC_045512.2	22932	G	0
NC_045512.2	22933	G	0
NC_045512.2	22934	A	0
NC_045512.2	22935	A	0
NC_045512.2	22936	G	0
NC_045512.2	22937	T	0
NC_045512.2	22938	C	0
NC_045512.2	22939	T	0
NC_045512.2	22940	A	0
NC_045512.2	22941	A	0
NC_045512.2	22942	T	0
NC_045512.2	22943	C	0
NC_045512.2	22944	T	0
NC_045512.2	22945	C	0
NC_045512.2	22946	A	0
NC_045512.2	22947	A	0
NC_045512.2	22948	A	0
NC_045512.2	22949	C	0
NC_045512.2	22950	C	0
NC_045512.2	22951	T	0
NC_045512.2	22952	T	0
NC_045512.2	22953	T	0
NC_045512.2	22954	T	0
NC_045512.2	22955	G	0
NC_045512.2	22956	A	0
NC_045512.2	22957	G	0
NC_045512.2	22958	A	0
NC_045512.2	22959	G	0
NC_045512.2	22960	A	0
NC_045512.2	22961	G	0
NC_045512.2	22962	A	0
NC_045512.2	22963	T	0
NC_045512.2	22964	A	0
NC_045512.2	22965	T	0
NC_045512.2	22966	T	0
NC_045512.2	22967	T	0
NC_045512.2	22968	C	0
NC_045512.2	22969	A	0
NC_045512.2	22970	A	0
NC_045512.2	22971	C	0
NC_045512.2	22972	T	0
NC_045512.2	22973	G	0
NC_045512.2	22974	A	0
NC_045512.2	22975	A	0
NC_045512.2	22976	A	0
NC_045512.2	22977	T	0
NC_045512.2	22978	C	0
NC_045512.2	22979	T	0
NC_045512.2	22980	A	0
NC_045512.2	22981	T	0
NC_045512.2	22982	C	0
NC_045512.2	22983	A	0
NC_045512.2	22984	G	0
NC_045512.2	22985	G	0
NC_045512.2	22986	C	0
NC_045512.2	22987	C	0
NC_045512.2	22988	G	0
NC_045512.2	22989	G	0
NC_045512.2	22990	T	0
NC_045512.2	22991	A	0
NC_045512.2	22992	G	0
NC_045512.2	22993	C	0
NC_045512.2	22994	A	0
NC_045512.2	22995	C	0
NC_045512.2	22996	A	0
NC_045512.2	22997	C	0
NC_045512.2	22998	C	0
NC_045512.2	22999	T	0
NC_045512.2	23000	T	0
NC_045512.2	23001	G	0
NC_045512.2	23002	T	0
NC_045512.2	23003	A	0
NC_045512.2	23004	A	0
NC_045512.2	23005	T	0
NC_045512.2	23006	G	0
NC_045512.2	23007	G	0
NC_045512.2	23008	T	0
NC_045512.2	23009	G	0
NC_045512.2	23010	T	0
NC_045512.2	23011	T	0
NC_045512.2	23012	G	0
NC_045512.2	23013	A	0
NC_045512.2	23014	A	0
NC_045512.2	23015	G	0
NC_045512.2	23016	G	0
NC_045512.2	23017	T	0
NC_045512.2	23018	T	0
NC_045512.2	23019	T	0
NC_045512.2	23020	T	0
NC_045512.2	23021	A	0
NC_045512.2	23022	A	0
NC_045512.2	23023	T	0
NC_045512.2	23024	T	0
NC_045512.2	23025	G	0
NC_045512.2	23026	T	0
NC_045512.2	23027	T	0
NC_045512.2	23028	A	0
NC_045512.2	23029	C	0
NC_045512.2	23030	T	0
NC_045512.2	23031	T	0
NC_045512.2	23032	T	0
NC_045512.2	23033	C	0
NC_045512.2	23034	C	0
NC_045512.2	23035	T	0
NC_045512.2	23036	T	0
NC_045512.2	23037	T	0
NC_045512.2	23038	A	0
NC_045512.2	23039	C	0
NC_045512.2	23040	A	0
NC_045512.2	23041	A	0
NC_045512.2	23042	T	0
NC_045512.2	23043	C	0
NC_045512.2	23044	A	0
NC_045512.2	23045	T	0
NC_045512.2	23046	A	0
NC_045512.2	23047	T	0
NC_045512.2	23048	G	0
NC_045512.2	23049	G	0
NC_045512.2	23050	T	0
NC_045512.2	23051	T	0
NC_045512.2	23052	T	0
NC_045512.2	23053	C	0
NC_045512.2	23054	C	0
NC_045512.2	23055	A	0
NC_045512.2	23056	A	0
NC_045512.2	23057	C	0
NC_045512.2	23058	C	0
NC_045512.2	23059	C	0
NC_045512.2	23060	A	0
NC_045512.2	23061	C	0
NC_045512.2	23062	T	0
NC_045512.2	23063	A	0
NC_045512.2	23064	A	0
NC_045512.2	23065	T	0
NC_045512.2	23066	G	0
NC_045512.2	23067	G	0
NC_045512.2	23068	T	0
NC_045512.2	23069	G	0
NC_045512.2	23070	T	0
NC_045512.2	23071	T	0
NC_045512.2	23072	G	0
NC_045512.2	23073	G	0
NC_045512.2	23074	T	0
NC_045512.2	23075	T	0
NC_045512.2	23076	A	0
NC_045512.2	23077	C	0
NC_045512.2	23078	C	0
NC_045512.2	23079	A	0
NC_045512.2	23080	A	5
NC_045512.2	23081	C	5
NC_045512.2	23082	C	5
NC_045512.2	23083	A	7
NC_045512.2	23084	T	8
NC_045512.2	23085	A	8
NC_045512.2	23086	C	8
NC_045512.2	23087	A	8
NC_045512.2	23088	G	8
NC_045512.2	23089	A	8
NC_045512.2	23090	G	8
NC_045512.2	23091	T	9
NC_045512.2	23092	A	9
NC_045512.2	23093	G	9
NC_045512.2	23094	T	9
NC_045512.2	23095	A	9
NC_045512.2	23096	G	9
NC_045512.2	23097	T	9
NC_045512.2	23098	A	9
NC_045512.2	23099	C	12
NC_045512.2	23100	T	12
NC_045512.2	23101	T	12
NC_045512.2	23102	T	12
NC_045512.2	23103	C	12
NC_045512.2	23104	T	12
NC_045512.2	23105	T	13
NC_045512.2	23106	T	13
NC_045512.2	23107	T	13
NC_045512.2	23108	G	13
NC_045512.2	23109	A	13
NC_045512.2	23110	A	11
NC_045512.2	23111	C	12
NC_045512.2	23112	T	13
NC_045512.2	23113	T	11
NC_045512.2	23114	C	10
NC_045512.2	23115	T	10
NC_045512.2	23116	A	9
NC_045512.2	23117	C	9
NC_045512.2	23118	A	11
NC_045512.2	23119	T	11
NC_045512.2	23120	G	15
NC_045512.2	23121	C	14
NC_045512.2	23122	A	16
NC_045512.2	23123	C	16
NC_045512.2	23124	C	16
NC_045512.2	23125	A	16
NC_045512.2	23126	G	16
NC_045512.2	23127	C	16
NC_045512.2	23128	A	21
NC_045512.2	23129	A	19
NC_045512.2	23130	C	19
NC_045512.2	23131	T	19
NC_045512.2	23132	G	19
NC_045512.2	23133	T	19
NC_045512.2	23134	T	19
NC_045512.2	23135	T	21
NC_045512.2	23136	G	22
NC_045512.2	23137	T	22
NC_045512.2	23138	G	26
NC_045512.2	23139	G	25
NC_045512.2	23140	A	21
NC_045512.2	23141	C	20
NC_045512.2	23142	C	22
NC_045512.2	23143	T	22
NC_045512.2	23144	A	21
NC_045512.2	23145	A	22
NC_045512.2	23146	A	20
NC_045512.2	23147	A	20
NC_045512.2	23148	A	17
NC_045512.2	23149	G	17
NC_045512.2	23150	T	17
NC_045512.2	23151	C	17
NC_045512.2	23152	T	16
NC_045512.2	23153	A	15
NC_045512.2	23154	C	19
NC_045512.2	23155	T	19
NC_045512.2	23156	A	19
NC_045512.2	23157	A	17
NC_045512.2	23158	T	14
NC_045512.2	23159	T	13
NC_045512.2	23160	T	13
NC_045512.2	23161	G	14
NC_045512.2	23162	G	13
NC_045512.2	23163	T	13
NC_045512.2	23164	T	15
NC_045512.2	23165	A	12
NC_045512.2	23166	A	9
NC_045512.2	23167	A	10
NC_045512.2	23168	A	7
NC_045512.2	23169	A	8
NC_045512.2	23170	C	9
NC_045512.2	23171	A	9
NC_045512.2	23172	A	9
NC_045512.2	23173	A	9
NC_045512.2	23174	T	9
NC_045512.2	23175	G	9
NC_045512.2	23176	T	9
NC_045512.2	23177	G	16
NC_045512.2	23178	T	16
NC_045512.2	23179	C	15
NC_045512.2	23180	A	16
NC_045512.2	23181	A	17
NC_045512.2	23182	T	17
NC_045512.2	23183	T	16
NC_045512.2	23184	T	15
NC_045512.2	23185	C	16
NC_045512.2	23186	A	16
NC_045512.2	23187	A	16
NC_045512.2	23188	C	16
NC_045512.2	23189	T	15
NC_045512.2	23190	T	18
NC_045512.2	23191	C	18
NC_045512.2	23192	A	22
NC_045512.2	23193	A	24
NC_045512.2	23194	T	23
NC_045512.2	23195	G	21
NC_045512.2	23196	G	22
NC_045512.2	23197	T	22
NC_045512.2	23198	T	21
NC_045512.2	23199	T	22
NC_045512.2	23200	A	20
NC_045512.2	23201	A	19
NC_045512.2	23202	C	20
NC_045512.2	23203	A	20
NC_045512.2	23204	G	19
NC_045512.2	23205	G	17
NC_045512.2	23206	C	19
NC_045512.2	23207	A	11
NC_045512.2	23208	C	11
NC_045512.2	23209	A	11
NC_045512.2	23210	G	11
NC_045512.2	23211	G	9
NC_045512.2	23212	T	9
NC_045512.2	23213	G	10
NC_045512.2	23214	T	8
NC_045512.2	23215	T	9
NC_045512.2	23216	C	9
NC_045512.2	23217	T	7
NC_045512.2	23218	T	8
NC_045512.2	23219	A	7
NC_045512.2	23220	C	5
NC_045512.2	23221	T	2
NC_045512.2	23222	G	2
NC_045512.2	23223	A	0
NC_045512.2	23224	G	0
NC_045512.2	23225	T	0
NC_045512.2	23226	C	0
NC_045512.2	23227	T	0
NC_045512.2	23228	A	0
NC_045512.2	23229	A	0
NC_045512.2	23230	C	0
NC_045512.2	23231	A	0
NC_045512.2	23232	A	0
NC_045512.2	23233	A	0
NC_045512.2	23234	A	0
NC_045512.2	23235	A	0
NC_045512.2	23236	G	0
NC_045512.2	23237	T	0
NC_045512.2	23238	T	0
NC_045512.2	23239	T	0
NC_045512.2	23240	C	0
NC_045512.2	23241	T	0
NC_045512.2	23242	G	0
NC_045512.2	23243	C	0
NC_045512.2	23244	C	0
NC_045512.2	23245	T	0
NC_045512.2	23246	T	0
NC_045512.2	23247	T	0
NC_045512.2	23248	C	0
NC_045512.2	23249	C	0
NC_045512.2	23250	A	0
NC_045512.2	23251	A	0
NC_045512.2	23252	C	0
NC_045512.2	23253	A	0
NC_045512.2	23254	A	0
NC_045512.2	23255	T	0
NC_045512.2	23256	T	0
NC_045512.2	23257	T	0
NC_045512.2	23258	G	0
NC_045512.2	23259	G	0
NC_045512.2	23260	C	0
NC_045512.2	23261	A	0
NC_045512.2	23262	G	0
NC_045512.2	23263	A	0
NC_045512.2	23264	G	0
NC_045512.2	23265	A	0
NC_045512.2	23266	C	0
NC_045512.2	23267	A	0
NC_045512.2	23268	T	0
NC_045512.2	23269	T	0
NC_045512.2	23270	G	0
NC_045512.2	23271	C	0
NC_045512.2	23272	T	0
NC_045512.2	23273	G	0
NC_045512.2	23274	A	0
NC_045512.2	23275	C	0
NC_045512.2	23276	A	0
NC_045512.2	23277	C	0
NC_045512.2	23278	T	0
NC_045512.2	23279	A	0
NC_045512.2	23280	C	0
NC_045512.2	23281	T	0
NC_045512.2	23282	G	0
NC_045512.2	23283	A	0
NC_045512.2	23284	T	0
NC_045512.2	23285	G	0
NC_045512.2	23286	C	0
NC_045512.2	23287	T	0
NC_045512.2	23288	G	0
NC_045512.2	23289	T	0
NC_045512.2	23290	C	0
NC_045512.2	23291	C	0
NC_045512.2	23292	G	0
NC_045512.2	23293	T	0
NC_045512.2	23294	G	0
NC_045512.2	23295	A	0
NC_045512.2	23296	T	0
NC_045512.2	23297	C	0
NC_045512.2	23298	C	0
NC_045512.2	23299	A	0
NC_045512.2	23300	C	0
NC_045512.2	23301	A	0
NC_045512.2	23302	G	0
NC_045512.2	23303	A	0
NC_045512.2	23304	C	0
NC_045512.2	23305	A	0
NC_045512.2	23306	C	0
NC_045512.2	23307	T	0
NC_045512.2	23308	T	0
NC_045512.2	23309	G	0
NC_045512.2	23310	A	0
NC_045512.2	23311	G	0
NC_045512.2	23312	A	0
NC_045512.2	23313	T	0
NC_045512.2	23314	T	0
NC_045512.2	23315	C	0
NC_045512.2	23316	T	0
NC_045512.2	23317	T	0
NC_045512.2	23318	G	0
NC_045512.2	23319	A	0
NC_045512.2	23320	C	0
NC_045512.2	23321	A	0
NC_045512.2	23322	T	0
NC_045512.2	23323	T	0
NC_045512.2	23324	A	0
NC_045512.2	23325	C	0
NC_045512.2	23326	A	0
NC_045512.2	23327	C	0
NC_045512.2	23328	C	0
NC_045512.2	23329	A	0
NC_045512.2	23330	T	0
NC_045512.2	23331	G	0
NC_045512.2	23332	T	0
NC_045512.2	23333	T	0
NC_045512.2	23334	C	0
NC_045512.2	23335	T	0
NC_045512.2	23336	T	0
NC_045512.2	23337	T	0
NC_045512.2	23338	T	0
NC_045512.2	23339	G	0
NC_045512.2	23340	G	0
NC_045512.2	23341	T	0
NC_045512.2	23342	G	0
NC_045512.2	23343	G	0
NC_045512.2	23344	T	0
NC_045512.2	23345	G	0
NC_045512.2	23346	T	0
NC_045512.2	23347	C	0
NC_045512.2	23348	A	0
NC_045512.2	23349	G	15
NC_045512.2	23350	T	19
NC_045512.2	23351	G	19
NC_045512.2	23352	T	20
NC_045512.2	23353	T	19
NC_045512.2	23354	A	20
NC_045512.2	23355	T	20
NC_045512.2	23356	A	20
NC_045512.2	23357	A	25
NC_045512.2	23358	C	27
NC_045512.2	23359	A	26
NC_045512.2	23360	C	27
NC_045512.2	23361	C	26
NC_045512.2	23362	A	25
NC_045512.2	23363	G	26
NC_045512.2	23364	G	26
NC_045512.2	23365	A	22
NC_045512.2	23366	A	27
NC_045512.2	23367	C	28
NC_045512.2	23368	A	30
NC_045512.2	23369	A	25
NC_045512.2	23370	A	27
NC_045512.2	23371	T	30
NC_045512.2	23372	A	30
NC_045512.2	23373	C	34
NC_045512.2	23374	T	34
NC_045512.2	23375	T	34
NC_045512.2	23376	C	36
NC_045512.2	23377	T	35
NC_045512.2	23378	A	35
NC_045512.2	23379	A	25
NC_045512.2	23380	C	27
NC_045512.2	23381	C	25
NC_045512.2	23382	A	25
NC_045512.2	23383	G	26
NC_045512.2	23384	G	26
NC_045512.2	23385	T	24
NC_045512.2	23386	T	25
NC_045512.2	23387	G	19
NC_045512.2	23388	C	18
NC_045512.2	23389	T	19
NC_045512.2	23390	G	19
NC_045512.2	23391	T	18
NC_045512.2	23392	T	19
NC_045512.2	23393	C	17
NC_045512.2	23394	T	17
NC_045512.2	23395	T	17
NC_045512.2	23396	T	13
NC_045512.2	23397	A	13
NC_045512.2	23398	T	11
NC_045512.2	23399	C	11
NC_045512.2	23400	A	11
NC_045512.2	23401	G	11
NC_045512.2	23402	G	11
NC_045512.2	23403	A	10
NC_045512.2	23404	T	11
NC_045512.2	23405	G	7
NC_045512.2	23406	T	7
NC_045512.2	23407	T	10
NC_045512.2	23408	A	10
NC_045512.2	23409	A	11
NC_045512.2	23410	C	11
NC_045512.2	23411	T	12
NC_045512.2	23412	G	12
NC_045512.2	23413	C	12
NC_045512.2	23414	A	12
NC_045512.2	23415	C	12
NC_045512.2	23416	A	12
NC_045512.2	23417	G	14
NC_045512.2	23418	A	16
NC_045512.2	23419	A	16
NC_045512.2	23420	G	18
NC_045512.2	23421	T	17
NC_045512.2	23422	C	16
NC_045512.2	23423	C	16
NC_045512.2	23424	C	18
NC_045512.2	23425	T	24
NC_045512.2	23426	G	24
NC_045512.2	23427	T	26
NC_045512.2	23428	T	26
NC_045512.2	23429	G	25
NC_045512.2	23430	C	26
NC_045512.2	23431	T	24
NC_045512.2	23432	A	26
NC_045512.2	23433	T	23
NC_045512.2	23434	T	22
NC_045512.2	23435	C	25
NC_045512.2	23436	A	25
NC_045512.2	23437	T	22
NC_045512.2	23438	G	23
NC_045512.2	23439	C	19
NC_045512.2	23440	A	31
NC_045512.2	23441	G	34
NC_045512.2	23442	A	32
NC_045512.2	23443	T	35
NC_045512.2	23444	C	34
NC_045512.2	23445	A	36
NC_045512.2	23446	A	37
NC_045512.2	23447	C	37
NC_045512.2	23448	T	34
NC_045512.2	23449	T	36
NC_045512.2	23450	A	37
NC_045512.2	23451	C	41
NC_045512.2	23452	T	43
NC_045512.2	23453	C	46
NC_045512.2	23454	C	43
NC_045512.2	23455	T	41
NC_045512.2	23456	A	40
NC_045512.2	23457	C	41
NC_045512.2	23458	T	39
NC_045512.2	23459	T	38
NC_045512.2	23460	G	39
NC_045512.2	23461	G	39
NC_045512.2	23462	C	39
NC_045512.2	23463	G	40
NC_045512.2	23464	T	40
NC_045512.2	23465	G	41
NC_045512.2	23466	T	38
NC_045512.2	23467	T	41
NC_045512.2	23468	T	40
NC_045512.2	23469	A	42
NC_045512.2	23470	T	35
NC_045512.2	23471	T	34
NC_045512.2	23472	C	36
NC_045512.2	23473	T	38
NC_045512.2	23474	A	40
NC_045512.2	23475	C	49
NC_045512.2	23476	A	51
NC_045512.2	23477	G	58
NC_045512.2	23478	G	65
NC_045512.2	23479	T	64
NC_045512.2	23480	T	64
NC_045512.2	23481	C	54
NC_045512.2	23482	T	57
NC_045512.2	23483	A	57
NC_045512.2	23484	A	55
NC_045512.2	23485	T	53
NC_045512.2	23486	G	55
NC_045512.2	23487	T	53
NC_045512.2	23488	T	52
NC_045512.2	23489	T	49
NC_045512.2	23490	T	51
NC_045512.2	23491	T	49
NC_045512.2	23492	C	55
NC_045512.2	23493	A	52
NC_045512.2	23494	A	55
NC_045512.2	23495	A	55
NC_045512.2	23496	C	52
NC_045512.2	23497	A	54
NC_045512.2	23498	C	53
NC_045512.2	23499	G	49
NC_045512.2	23500	T	49
NC_045512.2	23501	G	46
NC_045512.2	23502	C	43
NC_045512.2	23503	A	42
NC_045512.2	23504	G	37
NC_045512.2	23505	G	23
NC_045512.2	23506	C	18
NC_045512.2	23507	T	9
NC_045512.2	23508	G	1
NC_045512.2	23509	T	1
NC_045512.2	23510	T	0
NC_045512.2	23511	T	0
NC_045512.2	23512	A	0
NC_045512.2	23513	A	0
NC_045512.2	23514	T	0
NC_045512.2	23515	A	0
NC_045512.2	23516	G	0
NC_045512.2	23517	G	0
NC_045512.2	23518	G	0
NC_045512.2	23519	G	0
NC_045512.2	23520	C	0
NC_045512.2	23521	T	0
NC_045512.2	23522	G	0
NC_045512.2	23523	A	0
NC_045512.2	23524	A	0
NC_045512.2	23525	C	0
NC_045512.2	23526	A	0
NC_045512.2	23527	T	0
NC_045512.2	23528	G	0
NC_045512.2	23529	T	0
NC_045512.2	23530	C	0
NC_045512.2	23531	A	0
NC_045512.2	23532	A	0
NC_045512.2	23533	C	0
NC_045512.2	23534	A	0
NC_045512.2	23535	A	0
NC_045512.2	23536	C	0
NC_045512.2	23537	T	0
NC_045512.2	23538	C	0
NC_045512.2	23539	A	0
NC_045512.2	23540	T	0
NC_045512.2	23541	A	0
NC_045512.2	23542	T	0
NC_045512.2	23543	G	0
NC_045512.2	23544	A	0
NC_045512.2	23545	G	0
NC_045512.2	23546	T	0
NC_045512.2	23547	G	0
NC_045512.2	23548	T	0
NC_045512.2	23549	G	0
NC_045512.2	23550	A	0
NC_045512.2	23551	C	0
NC_045512.2	23552	A	0
NC_045512.2	23553	T	0
NC_045512.2	23554	A	0
NC_045512.2	23555	C	0
NC_045512.2	23556	C	0
NC_045512.2	23557	C	0
NC_045512.2	23558	A	0
NC_045512.2	23559	T	0
NC_045512.2	23560	T	0
NC_045512.2	23561	G	0
NC_045512.2	23562	G	0
NC_045512.2	23563	T	0
NC_045512.2	23564	G	0
NC_045512.2	23565	C	0
NC_045512.2	23566	A	0
NC_045512.2	23567	G	0
NC_045512.2	23568	G	0
NC_045512.2	23569	T	0
NC_045512.2	23570	A	0
NC_045512.2	23571	T	0
NC_045512.2	23572	A	0
NC_045512.2	23573	T	0
NC_045512.2	23574	G	0
NC_045512.2	23575	C	0
NC_045512.2	23576	G	0
NC_045512.2	23577	C	0
NC_045512.2	23578	T	0
NC_045512.2	23579	A	0
NC_045512.2	23580	G	0
NC_045512.2	23581	T	0
NC_045512.2	23582	T	0
NC_045512.2	23583	A	0
NC_045512.2	23584	T	0
NC_045512.2	23585	C	0
NC_045512.2	23586	A	0
NC_045512.2	23587	G	0
NC_045512.2	23588	A	0
NC_045512.2	23589	C	0
NC_045512.2	23590	T	0
NC_045512.2	23591	C	0
NC_045512.2	23592	A	0
NC_045512.2	23593	G	0
NC_045512.2	23594	A	0
NC_045512.2	23595	C	0
NC_045512.2	23596	T	0
NC_045512.2	23597	A	0
NC_045512.2	23598	A	0
NC_045512.2	23599	T	0
NC_045512.2	23600	T	0
NC_045512.2	23601	C	0
NC_045512.2	23602	T	0
NC_045512.2	23603	C	0
NC_045512.2	23604	C	0
NC_045512.2	23605	T	0
NC_045512.2	23606	C	0
NC_045512.2	23607	G	0
NC_045512.2	23608	G	0
NC_045512.2	23609	C	0
NC_045512.2	23610	G	0
NC_045512.2	23611	G	0
NC_045512.2	23612	G	0
NC_045512.2	23613	C	0
NC_045512.2	23614	A	0
NC_045512.2	23615	C	0
NC_045512.2	23616	G	0
NC_045512.2	23617	T	0
NC_045512.2	23618	A	0
NC_045512.2	23619	G	0
NC_045512.2	23620	T	0
NC_045512.2	23621	G	0
NC_045512.2	23622	T	0
NC_045512.2	23623	A	0
NC_045512.2	23624	G	0
NC_045512.2	23625	C	0
NC_045512.2	23626	T	0
NC_045512.2	23627	A	0
NC_045512.2	23628	G	0
NC_045512.2	23629	T	0
NC_045512.2	23630	C	0
NC_045512.2	23631	A	0
NC_045512.2	23632	A	0
NC_045512.2	23633	T	0
NC_045512.2	23634	C	0
NC_045512.2	23635	C	0
NC_045512.2	23636	A	0
NC_045512.2	23637	T	0
NC_045512.2	23638	C	0
NC_045512.2	23639	A	0
NC_045512.2	23640	T	0
NC_045512.2	23641	T	0
NC_045512.2	23642	G	0
NC_045512.2	23643	C	0
NC_045512.2	23644	C	0
NC_045512.2	23645	T	0
NC_045512.2	23646	A	0
NC_045512.2	23647	C	0
NC_045512.2	23648	A	0
NC_045512.2	23649	C	0
NC_045512.2	23650	T	0
NC_045512.2	23651	A	0
NC_045512.2	23652	T	0
NC_045512.2	23653	G	0
NC_045512.2	23654	T	0
NC_045512.2	23655	C	0
NC_045512.2	23656	A	0
NC_045512.2	23657	C	0
NC_045512.2	23658	T	0
NC_045512.2	23659	T	0
NC_045512.2	23660	G	0
NC_045512.2	23661	G	0
NC_045512.2	23662	T	0
NC_045512.2	23663	G	0
NC_045512.2	23664	C	0
NC_045512.2	23665	A	0
NC_045512.2	23666	G	0
NC_045512.2	23667	A	0
NC_045512.2	23668	A	0
NC_045512.2	23669	A	0
NC_045512.2	23670	A	0
NC_045512.2	23671	T	0
NC_045512.2	23672	T	0
NC_045512.2	23673	C	0
NC_045512.2	23674	A	0
NC_045512.2	23675	G	0
NC_045512.2	23676	T	0
NC_045512.2	23677	T	0
NC_045512.2	23678	G	0
NC_045512.2	23679	C	0
NC_045512.2	23680	T	0
NC_045512.2	23681	T	0
NC_045512.2	23682	A	0
NC_045512.2	23683	C	0
NC_045512.2	23684	T	0
NC_045512.2	23685	C	0
NC_045512.2	23686	T	0
NC_045512.2	23687	A	0
NC_045512.2	23688	A	1
NC_045512.2	23689	T	1
NC_045512.2	23690	A	0
NC_045512.2	23691	A	1
NC_045512.2	23692	C	0
NC_045512.2	23693	T	1
NC_045512.2	23694	C	1
NC_045512.2	23695	T	0
NC_045512.2	23696	A	0
NC_045512.2	23697	T	0
NC_045512.2	23698	T	1
NC_045512.2	23699	G	0
NC_045512.2	23700	C	0
NC_045512.2	23701	C	1
NC_045512.2	23702	A	0
NC_045512.2	23703	T	0
NC_045512.2	23704	A	1
NC_045512.2	23705	C	0
NC_045512.2	23706	C	1
NC_045512.2	23707	C	1
NC_045512.2	23708	A	1
NC_045512.2	23709	C	1
NC_045512.2	23710	A	1
NC_045512.2	23711	A	1
NC_045512.2	23712	A	1
NC_045512.2	23713	T	0
NC_045512.2	23714	T	1
NC_045512.2	23715	T	1
NC_045512.2	23716	T	1
NC_045512.2	23717	A	0
NC_045512.2	23718	C	0
NC_045512.2	23719	T	0
NC_045512.2	23720	A	0
NC_045512.2	23721	T	0
NC_045512.2	23722	T	0
NC_045512.2	23723	A	0
NC_045512.2	23724	G	0
NC_045512.2	23725	T	0
NC_045512.2	23726	G	0
NC_045512.2	23727	T	0
NC_045512.2	23728	T	0
NC_045512.2	23729	A	0
NC_045512.2	23730	C	0
NC_045512.2	23731	C	0
NC_045512.2	23732	A	0
NC_045512.2	23733	C	0
NC_045512.2	23734	A	0
NC_045512.2	23735	G	0
NC_045512.2	23736	A	0
NC_045512.2	23737	A	0
NC_045512.2	23738	A	0
NC_045512.2	23739	T	0
NC_045512.2	23740	T	0
NC_045512.2	23741	C	0
NC_045512.2	23742	T	0
NC_045512.2	23743	A	1
NC_045512.2	23744	C	1
NC_045512.2	23745	C	1
NC_045512.2	23746	A	1
NC_045512.2	23747	G	1
NC_045512.2	23748	T	1
NC_045512.2	23749	G	0
NC_045512.2	23750	T	1
NC_045512.2	23751	C	1
NC_045512.2	23752	T	1
NC_045512.2	23753	A	1
NC_045512.2	23754	T	0
NC_045512.2	23755	G	1
NC_045512.2	23756	A	1
NC_045512.2	23757	C	1
NC_045512.2	23758	C	1
NC_045512.2	23759	A	1
NC_045512.2	23760	A	1
NC_045512.2	23761	G	1
NC_045512.2	23762	A	1
NC_045512.2	23763	C	1
NC_045512.2	23764	A	1
NC_045512.2	23765	T	1
NC_045512.2	23766	C	1
NC_045512.2	23767	A	1
NC_045512.2	23768	G	1
NC_045512.2	23769	T	1
NC_045512.2	23770	A	1
NC_045512.2	23771	G	1
NC_045512.2	23772	A	1
NC_045512.2	23773	T	0
NC_045512.2	23774	T	0
NC_045512.2	23775	G	0
NC_045512.2	23776	T	0
NC_045512.2	23777	A	0
NC_045512.2	23778	C	0
NC_045512.2	23779	A	0
NC_045512.2	23780	A	0
NC_045512.2	23781	T	0
NC_045512.2	23782	G	0
NC_045512.2	23783	T	0
NC_045512.2	23784	A	0
NC_045512.2	23785	C	0
NC_045512.2	23786	A	0
NC_045512.2	23787	T	0
NC_045512.2	23788	T	0
NC_045512.2	23789	T	0
NC_045512.2	23790	G	0
NC_045512.2	23791	T	0
NC_045512.2	23792	G	0
NC_045512.2	23793	G	0
NC_045512.2	23794	T	0
NC_045512.2	23795	G	0
NC_045512.2	23796	A	0
NC_045512.2	23797	T	0
NC_045512.2	23798	T	0
NC_045512.2	23799	C	0
NC_045512.2	23800	A	0
NC_045512.2	23801	A	0
NC_045512.2	23802	C	0
NC_045512.2	23803	T	0
NC_045512.2	23804	G	0
NC_045512.2	23805	A	0
NC_045512.2	23806	A	0
NC_045512.2	23807	T	0
NC_045512.2	23808	G	0
NC_045512.2	23809	C	0
NC_045512.2	23810	A	0
NC_045512.2	23811	G	0
NC_045512.2	23812	C	0
NC_045512.2	23813	A	0
NC_045512.2	23814	A	0
NC_045512.2	23815	T	0
NC_045512.2	23816	C	0
NC_045512.2	23817	T	0
NC_045512.2	23818	T	0
NC_045512.2	23819	T	0
NC_045512.2	23820	T	0
NC_045512.2	23821	G	0
NC_045512.2	23822	T	0
NC_045512.2	23823	T	0
NC_045512.2	23824	G	0
NC_045512.2	23825	C	0
NC_045512.2	23826	A	0
NC_045512.2	23827	A	0
NC_045512.2	23828	T	0
NC_045512.2	23829	A	0
NC_045512.2	23830	T	0
NC_045512.2	23831	G	0
NC_045512.2	23832	G	0
NC_045512.2	23833	C	0
NC_045512.2	23834	A	0
NC_045512.2	23835	G	0
NC_045512.2	23836	T	0
NC_045512.2	23837	T	0
NC_045512.2	23838	T	0
NC_045512.2	23839	T	0
NC_045512.2	23840	T	0
NC_045512.2	23841	G	0
NC_045512.2	23842	T	0
NC_045512.2	23843	A	0
NC_045512.2	23844	C	0
NC_045512.2	23845	A	0
NC_045512.2	23846	C	0
NC_045512.2	23847	A	0
NC_045512.2	23848	A	0
NC_045512.2	23849	T	0
NC_045512.2	23850	T	0
NC_045512.2	23851	A	0
NC_045512.2	23852	A	0
NC_045512.2	23853	A	0
NC_045512.2	23854	C	0
NC_045512.2	23855	C	0
NC_045512.2	23856	G	0
NC_045512.2	23857	T	0
NC_045512.2	23858	G	0
NC_045512.2	23859	C	0
NC_045512.2	23860	T	0
NC_045512.2	23861	T	0
NC_045512.2	23862	T	0
NC_045512.2	23863	A	0
NC_045512.2	23864	A	0
NC_045512.2	23865	C	0
NC_045512.2	23866	T	0
NC_045512.2	23867	G	0
NC_045512.2	23868	G	0
NC_045512.2	23869	A	0
NC_045512.2	23870	A	0
NC_045512.2	23871	T	0
NC_045512.2	23872	A	0
NC_045512.2	23873	G	0
NC_045512.2	23874	C	0
NC_045512.2	23875	T	0
NC_045512.2	23876	G	0
NC_045512.2	23877	T	0
NC_045512.2	23878	T	0
NC_045512.2	23879	G	0
NC_045512.2	23880	A	0
NC_045512.2	23881	A	0
NC_045512.2	23882	C	0
NC_045512.2	23883	A	0
NC_045512.2	23884	A	0
NC_045512.2	23885	G	0
NC_045512.2	23886	A	0
NC_045512.2	23887	C	0
NC_045512.2	23888	A	0
NC_045512.2	23889	A	0
NC_045512.2	23890	A	0
NC_045512.2	23891	A	0
NC_045512.2	23892	A	0
NC_045512.2	23893	C	0
NC_045512.2	23894	A	0
NC_045512.2	23895	C	0
NC_045512.2	23896	C	0
NC_045512.2	23897	C	0
NC_045512.2	23898	A	0
NC_045512.2	23899	A	0
NC_045512.2	23900	G	0
NC_045512.2	23901	A	0
NC_045512.2	23902	A	0
NC_045512.2	23903	G	0
NC_045512.2	23904	T	0
NC_045512.2	23905	T	0
NC_045512.2	23906	T	0
NC_045512.2	23907	T	0
NC_045512.2	23908	T	0
NC_045512.2	23909	G	0
NC_045512.2	23910	C	0
NC_045512.2	23911	A	0
NC_045512.2	23912	C	0
NC_045512.2	23913	A	0
NC_045512.2	23914	A	0
NC_045512.2	23915	G	0
NC_045512.2	23916	T	0
NC_045512.2	23917	C	0
NC_045512.2	23918	A	0
NC_045512.2	23919	A	0
NC_045512.2	23920	A	0
NC_045512.2	23921	C	0
NC_045512.2	23922	A	0
NC_045512.2	23923	A	0
NC_045512.2	23924	A	0
NC_045512.2	23925	T	0
NC_045512.2	23926	T	0
NC_045512.2	23927	T	0
NC_045512.2	23928	A	0
NC_045512.2	23929	C	0
NC_045512.2	23930	A	0
NC_045512.2	23931	A	0
NC_045512.2	23932	A	0
NC_045512.2	23933	A	0
NC_045512.2	23934	C	0
NC_045512.2	23935	A	0
NC_045512.2	23936	C	0
NC_045512.2	23937	C	0
NC_045512.2	23938	A	0
NC_045512.2	23939	C	0
NC_045512.2	23940	C	0
NC_045512.2	23941	A	0
NC_045512.2	23942	A	0
NC_045512.2	23943	T	0
NC_045512.2	23944	T	0
NC_045512.2	23945	A	0
NC_045512.2	23946	A	0
NC_045512.2	23947	A	0
NC_045512.2	23948	G	0
NC_045512.2	23949	A	0
NC_045512.2	23950	T	0
NC_045512.2	23951	T	0
NC_045512.2	23952	T	0
NC_045512.2	23953	T	0
NC_045512.2	23954	G	0
NC_045512.2	23955	G	0
NC_045512.2	23956	T	0
NC_045512.2	23957	G	0
NC_045512.2	23958	G	0
NC_045512.2	23959	T	0
NC_045512.2	23960	T	0
NC_045512.2	23961	T	0
NC_045512.2	23962	T	0
NC_045512.2	23963	A	0
NC_045512.2	23964	A	0
NC_045512.2	23965	T	0
NC_045512.2	23966	T	0
NC_045512.2	23967	T	0
NC_045512.2	23968	T	0
NC_045512.2	23969	T	0
NC_045512.2	23970	C	0
NC_045512.2	23971	A	0
NC_045512.2	23972	C	0
NC_045512.2	23973	A	0
NC_045512.2	23974	A	0
NC_045512.2	23975	A	0
NC_045512.2	23976	T	0
NC_045512.2	23977	A	0
NC_045512.2	23978	T	0
NC_045512.2	23979	T	0
NC_045512.2	23980	A	0
NC_045512.2	23981	C	0
NC_045512.2	23982	C	0
NC_045512.2	23983	A	0
NC_045512.2	23984	G	1
NC_045512.2	23985	A	1
NC_045512.2	23986	T	1
NC_045512.2	23987	C	1
NC_045512.2	23988	C	2
NC_045512.2	23989	A	6
NC_045512.2	23990	T	6
NC_045512.2	23991	C	6
NC_045512.2	23992	A	7
NC_045512.2	23993	A	7
NC_045512.2	23994	A	7
NC_045512.2	23995	A	14
NC_045512.2	23996	C	14
NC_045512.2	23997	C	14
NC_045512.2	23998	A	14
NC_045512.2	23999	A	14
NC_045512.2	24000	G	15
NC_045512.2	24001	C	14
NC_045512.2	24002	A	15
NC_045512.2	24003	A	14
NC_045512.2	24004	G	13
NC_045512.2	24005	A	16
NC_045512.2	24006	G	17
NC_045512.2	24007	G	17
NC_045512.2	24008	T	17
NC_045512.2	24009	C	17
NC_045512.2	24010	A	18
NC_045512.2	24011	T	19
NC_045512.2	24012	T	19
NC_045512.2	24013	T	18
NC_045512.2	24014	A	17
NC_045512.2	24015	T	17
NC_045512.2	24016	T	17
NC_045512.2	24017	G	16
NC_045512.2	24018	A	17
NC_045512.2	24019	A	13
NC_045512.2	24020	G	12
NC_045512.2	24021	A	12
NC_045512.2	24022	T	12
NC_045512.2	24023	C	12
NC_045512.2	24024	T	17
NC_045512.2	24025	A	11
NC_045512.2	24026	C	12
NC_045512.2	24027	T	13
NC_045512.2	24028	T	12
NC_045512.2	24029	T	14
NC_045512.2	24030	T	11
NC_045512.2	24031	C	10
NC_045512.2	24032	A	13
NC_045512.2	24033	A	14
NC_045512.2	24034	C	11
NC_045512.2	24035	A	12
NC_045512.2	24036	A	13
NC_045512.2	24037	A	12
NC_045512.2	24038	G	12
NC_045512.2	24039	T	10
NC_045512.2	24040	G	11
NC_045512.2	24041	A	12
NC_045512.2	24042	C	12
NC_045512.2	24043	A	14
NC_045512.2	24044	C	13
NC_045512.2	24045	T	14
NC_045512.2	24046	T	14
NC_045512.2	24047	G	11
NC_045512.2	24048	C	11
NC_045512.2	24049	A	12
NC_045512.2	24050	G	11
NC_045512.2	24051	A	12
NC_045512.2	24052	T	14
NC_045512.2	24053	G	13
NC_045512.2	24054	C	12
NC_045512.2	24055	T	11
NC_045512.2	24056	G	10
NC_045512.2	24057	G	9
NC_045512.2	24058	C	11
NC_045512.2	24059	T	10
NC_045512.2	24060	T	9
NC_045512.2	24061	C	9
NC_045512.2	24062	A	8
NC_045512.2	24063	T	9
NC_045512.2	24064	C	9
NC_045512.2	24065	A	9
NC_045512.2	24066	A	7
NC_045512.2	24067	A	8
NC_045512.2	24068	C	9
NC_045512.2	24069	A	11
NC_045512.2	24070	A	11
NC_045512.2	24071	T	9
NC_045512.2	24072	A	10
NC_045512.2	24073	T	9
NC_045512.2	24074	G	9
NC_045512.2	24075	G	8
NC_045512.2	24076	T	10
NC_045512.2	24077	G	10
NC_045512.2	24078	A	11
NC_045512.2	24079	T	12
NC_045512.2	24080	T	12
NC_045512.2	24081	G	8
NC_045512.2	24082	C	9
NC_045512.2	24083	C	10
NC_045512.2	24084	T	10
NC_045512.2	24085	T	10
NC_045512.2	24086	G	10
NC_045512.2	24087	G	10
NC_045512.2	24088	T	10
NC_045512.2	24089	G	10
NC_045512.2	24090	A	10
NC_045512.2	24091	T	10
NC_045512.2	24092	A	10
NC_045512.2	24093	T	10
NC_045512.2	24094	T	10
NC_045512.2	24095	G	10
NC_045512.2	24096	C	10
NC_045512.2	24097	T	11
NC_045512.2	24098	G	8
NC_045512.2	24099	C	8
NC_045512.2	24100	T	8
NC_045512.2	24101	A	8
NC_045512.2	24102	G	8
NC_045512.2	24103	A	7
NC_045512.2	24104	G	7
NC_045512.2	24105	A	7
NC_045512.2	24106	C	7
NC_045512.2	24107	C	7
NC_045512.2	24108	T	5
NC_045512.2	24109	C	5
NC_045512.2	24110	A	5
NC_045512.2	24111	T	5
NC_045512.2	24112	T	5
NC_045512.2	24113	T	4
NC_045512.2	24114	G	3
NC_045512.2	24115	T	3
NC_045512.2	24116	G	2
NC_045512.2	24117	C	2
NC_045512.2	24118	A	2
NC_045512.2	24119	C	2
NC_045512.2	24120	A	2
NC_045512.2	24121	A	2
NC_045512.2	24122	A	2
NC_045512.2	24123	A	2
NC_045512.2	24124	G	2
NC_045512.2	24125	T	2
NC_045512.2	24126	T	2
NC_045512.2	24127	T	1
NC_045512.2	24128	A	1
NC_045512.2	24129	A	1
NC_045512.2	24130	C	1
NC_045512.2	24131	G	0
NC_045512.2	24132	G	0
NC_045512.2	24133	C	0
NC_045512.2	24134	C	0
NC_045512.2	24135	T	0
NC_045512.2	24136	T	0
NC_045512.2	24137	A	0
NC_045512.2	24138	C	0
NC_045512.2	24139	T	0
NC_045512.2	24140	G	0
NC_045512.2	24141	T	0
NC_045512.2	24142	T	0
NC_045512.2	24143	T	0
NC_045512.2	24144	T	0
NC_045512.2	24145	G	0
NC_045512.2	24146	C	0
NC_045512.2	24147	C	0
NC_045512.2	24148	A	0
NC_045512.2	24149	C	0
NC_045512.2	24150	C	0
NC_045512.2	24151	T	0
NC_045512.2	24152	T	0
NC_045512.2	24153	T	0
NC_045512.2	24154	G	0
NC_045512.2	24155	C	0
NC_045512.2	24156	T	0
NC_045512.2	24157	C	0
NC_045512.2	24158	A	0
NC_045512.2	24159	C	0
NC_045512.2	24160	A	0
NC_045512.2	24161	G	0
NC_045512.2	24162	A	0
NC_045512.2	24163	T	0
NC_045512.2	24164	G	0
NC_045512.2	24165	A	0
NC_045512.2	24166	A	0
NC_045512.2	24167	A	0
NC_045512.2	24168	T	0
NC_045512.2	24169	G	0
NC_045512.2	24170	A	0
NC_045512.2	24171	T	0
NC_045512.2	24172	T	0
NC_045512.2	24173	G	0
NC_045512.2	24174	C	0
NC_045512.2	24175	T	0
NC_045512.2	24176	C	0
NC_045512.2	24177	A	0
NC_045512.2	24178	A	0
NC_045512.2	24179	T	0
NC_045512.2	24180	A	0
NC_045512.2	24181	C	0
NC_045512.2	24182	A	0
NC_045512.2	24183	C	0
NC_045512.2	24184	T	0
NC_045512.2	24185	T	0
NC_045512.2	24186	C	0
NC_045512.2	24187	T	0
NC_045512.2	24188	G	0
NC_045512.2	24189	C	0
NC_045512.2	24190	A	0
NC_045512.2	24191	C	0
NC_045512.2	24192	T	0
NC_045512.2	24193	G	0
NC_045512.2	24194	T	0
NC_045512.2	24195	T	0
NC_045512.2	24196	A	0
NC_045512.2	24197	G	0
NC_045512.2	24198	C	0
NC_045512.2	24199	G	0
NC_045512.2	24200	G	0
NC_045512.2	24201	G	0
NC_045512.2	24202	T	0
NC_045512.2	24203	A	0
NC_045512.2	24204	C	0
NC_045512.2	24205	A	0
NC_045512.2	24206	A	0
NC_045512.2	24207	T	0
NC_045512.2	24208	C	0
NC_045512.2	24209	A	0
NC_045512.2	24210	C	0
NC_045512.2	24211	T	0
NC_045512.2	24212	T	0
NC_045512.2	24213	C	0
NC_045512.2	24214	T	0
NC_045512.2	24215	G	0
NC_045512.2	24216	G	0
NC_045512.2	24217	T	0
NC_045512.2	24218	T	0
NC_045512.2	24219	G	0
NC_045512.2	24220	G	0
NC_045512.2	24221	A	0
NC_045512.2	24222	C	0
NC_045512.2	24223	C	0
NC_045512.2	24224	T	0
NC_045512.2	24225	T	0
NC_045512.2	24226	T	0
NC_045512.2	24227	G	0
NC_045512.2	24228	G	0
NC_045512.2	24229	T	0
NC_045512.2	24230	G	0
NC_045512.2	24231	C	0
NC_045512.2	24232	A	0
NC_045512.2	24233	G	0
NC_045512.2	24234	G	0
NC_045512.2	24235	T	0
NC_045512.2	24236	G	0
NC_045512.2	24237	C	0
NC_045512.2	24238	T	0
NC_045512.2	24239	G	0
NC_045512.2	24240	C	0
NC_045512.2	24241	A	0
NC_045512.2	24242	T	0
NC_045512.2	24243	T	0
NC_045512.2	24244	A	0
NC_045512.2	24245	C	0
NC_045512.2	24246	A	0
NC_045512.2	24247	A	0
NC_045512.2	24248	A	0
NC_045512.2	24249	T	0
NC_045512.2	24250	A	0
NC_045512.2	24251	C	0
NC_045512.2	24252	C	0
NC_045512.2	24253	A	0
NC_045512.2	24254	T	0
NC_045512.2	24255	T	0
NC_045512.2	24256	T	0
NC_045512.2	24257	G	0
NC_045512.2	24258	C	0
NC_045512.2	24259	T	0
NC_045512.2	24260	A	0
NC_045512.2	24261	T	0
NC_045512.2	24262	G	0
NC_045512.2	24263	C	0
NC_045512.2	24264	A	0
NC_045512.2	24265	A	0
NC_045512.2	24266	A	0
NC_045512.2	24267	T	0
NC_045512.2	24268	G	0
NC_045512.2	24269	G	0
NC_045512.2	24270	C	0
NC_045512.2	24271	T	0
NC_045512.2	24272	T	0
NC_045512.2	24273	A	0
NC_045512.2	24274	T	0
NC_045512.2	24275	A	0
NC_045512.2	24276	G	0
NC_045512.2	24277	G	0
NC_045512.2	24278	T	0
NC_045512.2	24279	T	0
NC_045512.2	24280	T	0
NC_045512.2	24281	A	0
NC_045512.2	24282	A	0
NC_045512.2	24283	T	0
NC_045512.2	24284	G	0
NC_045512.2	24285	G	0
NC_045512.2	24286	T	0
NC_045512.2	24287	A	0
NC_045512.2	24288	T	0
NC_045512.2	24289	T	0
NC_045512.2	24290	G	0
NC_045512.2	24291	G	0
NC_045512.2	24292	A	0
NC_045512.2	24293	G	0
NC_045512.2	24294	T	0
NC_045512.2	24295	T	0
NC_045512.2	24296	A	0
NC_045512.2	24297	C	0
NC_045512.2	24298	A	0
NC_045512.2	24299	C	1
NC_045512.2	24300	A	1
NC_045512.2	24301	G	1
NC_045512.2	24302	A	2
NC_045512.2	24303	A	3
NC_045512.2	24304	T	7
NC_045512.2	24305	G	8
NC_045512.2	24306	T	7
NC_045512.2	24307	T	9
NC_045512.2	24308	C	8
NC_045512.2	24309	T	9
NC_045512.2	24310	C	9
NC_045512.2	24311	T	8
NC_045512.2	24312	A	10
NC_045512.2	24313	T	10
NC_045512.2	24314	G	10
NC_045512.2	24315	A	10
NC_045512.2	24316	G	11
NC_045512.2	24317	A	11
NC_045512.2	24318	A	11
NC_045512.2	24319	C	11
NC_045512.2	24320	C	10
NC_045512.2	24321	A	11
NC_045512.2	24322	A	10
NC_045512.2	24323	A	11
NC_045512.2	24324	A	12
NC_045512.2	24325	A	12
NC_045512.2	24326	T	12
NC_045512.2	24327	T	12
NC_045512.2	24328	G	12
NC_045512.2	24329	A	12
NC_045512.2	24330	T	11
NC_045512.2	24331	T	11
NC_045512.2	24332	G	10
NC_045512.2	24333	C	10
NC_045512.2	24334	C	7
NC_045512.2	24335	A	7
NC_045512.2	24336	A	6
NC_045512.2	24337	C	9
NC_045512.2	24338	C	9
NC_045512.2	24339	A	8
NC_045512.2	24340	A	8
NC_045512.2	24341	T	8
NC_045512.2	24342	T	7
NC_045512.2	24343	T	7
NC_045512.2	24344	A	6
NC_045512.2	24345	A	4
NC_045512.2	24346	T	6
NC_045512.2	24347	A	6
NC_045512.2	24348	G	5
NC_045512.2	24349	T	6
NC_045512.2	24350	G	6
NC_045512.2	24351	C	6
NC_045512.2	24352	T	6
NC_045512.2	24353	A	7
NC_045512.2	24354	T	5
NC_045512.2	24355	T	6
NC_045512.2	24356	G	6
NC_045512.2	24357	G	5
NC_045512.2	24358	C	6
NC_045512.2	24359	A	6
NC_045512.2	24360	A	6
NC_045512.2	24361	A	6
NC_045512.2	24362	A	6
NC_045512.2	24363	T	6
NC_045512.2	24364	T	6
NC_045512.2	24365	C	6
NC_045512.2	24366	A	6
NC_045512.2	24367	A	5
NC_045512.2	24368	G	5
NC_045512.2	24369	A	5
NC_045512.2	24370	C	5
NC_045512.2	24371	T	4
NC_045512.2	24372	C	5
NC_045512.2	24373	A	4
NC_045512.2	24374	C	6
NC_045512.2	24375	T	6
NC_045512.2	24376	T	3
NC_045512.2	24377	T	3
NC_045512.2	24378	C	3
NC_045512.2	24379	T	3
NC_045512.2	24380	T	4
NC_045512.2	24381	C	3
NC_045512.2	24382	C	3
NC_045512.2	24383	A	3
NC_045512.2	24384	C	3
NC_045512.2	24385	A	3
NC_045512.2	24386	G	3
NC_045512.2	24387	C	4
NC_045512.2	24388	A	5
NC_045512.2	24389	A	5
NC_045512.2	24390	G	5
NC_045512.2	24391	T	5
NC_045512.2	24392	G	5
NC_045512.2	24393	C	5
NC_045512.2	24394	A	6
NC_045512.2	24395	C	6
NC_045512.2	24396	T	6
NC_045512.2	24397	T	5
NC_045512.2	24398	G	5
NC_045512.2	24399	G	5
NC_045512.2	24400	A	5
NC_045512.2	24401	A	5
NC_045512.2	24402	A	5
NC_045512.2	24403	A	4
NC_045512.2	24404	C	4
NC_045512.2	24405	T	4
NC_045512.2	24406	T	4
NC_045512.2	24407	C	4
NC_045512.2	24408	A	4
NC_045512.2	24409	A	3
NC_045512.2	24410	G	3
NC_045512.2	24411	A	3
NC_045512.2	24412	T	3
NC_045512.2	24413	G	3
NC_045512.2	24414	T	3
NC_045512.2	24415	G	3
NC_045512.2	24416	G	2
NC_045512.2	24417	T	2
NC_045512.2	24418	C	1
NC_045512.2	24419	A	1
NC_045512.2	24420	A	1
NC_045512.2	24421	C	1
NC_045512.2	24422	C	1
NC_045512.2	24423	A	1
NC_045512.2	24424	A	0
NC_045512.2	24425	A	0
NC_045512.2	24426	A	0
NC_045512.2	24427	T	0
NC_045512.2	24428	G	0
NC_045512.2	24429	C	0
NC_045512.2	24430	A	0
NC_045512.2	24431	C	0
NC_045512.2	24432	A	0
NC_045512.2	24433	A	0
NC_045512.2	24434	G	0
NC_045512.2	24435	C	0
NC_045512.2	24436	T	0
NC_045512.2	24437	T	0
NC_045512.2	24438	T	0
NC_045512.2	24439	A	0
NC_045512.2	24440	A	0
NC_045512.2	24441	A	0
NC_045512.2	24442	C	0
NC_045512.2	24443	A	0
NC_045512.2	24444	C	0
NC_045512.2	24445	G	0
NC_045512.2	24446	C	0
NC_045512.2	24447	T	0
NC_045512.2	24448	T	0
NC_045512.2	24449	G	0
NC_045512.2	24450	T	0
NC_045512.2	24451	T	0
NC_045512.2	24452	A	0
NC_045512.2	24453	A	0
NC_045512.2	24454	A	0
NC_045512.2	24455	C	0
NC_045512.2	24456	A	0
NC_045512.2	24457	A	0
NC_045512.2	24458	C	0
NC_045512.2	24459	T	0
NC_045512.2	24460	T	0
NC_045512.2	24461	A	0
NC_045512.2	24462	G	0
NC_045512.2	24463	C	0
NC_045512.2	24464	T	0
NC_045512.2	24465	C	0
NC_045512.2	24466	C	0
NC_045512.2	24467	A	0
NC_045512.2	24468	A	0
NC_045512.2	24469	T	0
NC_045512.2	24470	T	0
NC_045512.2	24471	T	0
NC_045512.2	24472	T	0
NC_045512.2	24473	G	0
NC_045512.2	24474	G	0
NC_045512.2	24475	T	0
NC_045512.2	24476	G	0
NC_045512.2	24477	C	0
NC_045512.2	24478	A	0
NC_045512.2	24479	A	0
NC_045512.2	24480	T	0
NC_045512.2	24481	T	0
NC_045512.2	24482	T	0
NC_045512.2	24483	C	0
NC_045512.2	24484	A	0
NC_045512.2	24485	A	0
NC_045512.2	24486	G	0
NC_045512.2	24487	T	0
NC_045512.2	24488	G	0
NC_045512.2	24489	T	0
NC_045512.2	24490	T	0
NC_045512.2	24491	T	0
NC_045512.2	24492	T	0
NC_045512.2	24493	A	0
NC_045512.2	24494	A	0
NC_045512.2	24495	A	0
NC_045512.2	24496	T	0
NC_045512.2	24497	G	0
NC_045512.2	24498	A	0
NC_045512.2	24499	T	0
NC_045512.2	24500	A	0
NC_045512.2	24501	T	0
NC_045512.2	24502	C	0
NC_045512.2	24503	C	0
NC_045512.2	24504	T	0
NC_045512.2	24505	T	0
NC_045512.2	24506	T	0
NC_045512.2	24507	C	0
NC_045512.2	24508	A	0
NC_045512.2	24509	C	0
NC_045512.2	24510	G	0
NC_045512.2	24511	T	0
NC_045512.2	24512	C	0
NC_045512.2	24513	T	0
NC_045512.2	24514	T	0
NC_045512.2	24515	G	0
NC_045512.2	24516	A	0
NC_045512.2	24517	C	0
NC_045512.2	24518	A	0
NC_045512.2	24519	A	0
NC_045512.2	24520	A	0
NC_045512.2	24521	G	0
NC_045512.2	24522	T	0
NC_045512.2	24523	T	0
NC_045512.2	24524	G	0
NC_045512.2	24525	A	0
NC_045512.2	24526	G	0
NC_045512.2	24527	G	0
NC_045512.2	24528	C	0
NC_045512.2	24529	T	1
NC_045512.2	24530	G	1
NC_045512.2	24531	A	1
NC_045512.2	24532	A	1
NC_045512.2	24533	G	1
NC_045512.2	24534	T	1
NC_045512.2	24535	G	1
NC_045512.2	24536	C	1
NC_045512.2	24537	A	1
NC_045512.2	24538	A	1
NC_045512.2	24539	A	1
NC_045512.2	24540	T	1
NC_045512.2	24541	T	1
NC_045512.2	24542	G	1
NC_045512.2	24543	A	1
NC_045512.2	24544	T	1
NC_045512.2	24545	A	1
NC_045512.2	24546	G	1
NC_045512.2	24547	G	1
NC_045512.2	24548	T	0
NC_045512.2	24549	T	1
NC_045512.2	24550	G	1
NC_045512.2	24551	A	1
NC_045512.2	24552	T	1
NC_045512.2	24553	C	1
NC_045512.2	24554	A	2
NC_045512.2	24555	C	30
NC_045512.2	24556	A	46
NC_045512.2	24557	G	44
NC_045512.2	24558	G	45
NC_045512.2	24559	C	45
NC_045512.2	24560	A	50
NC_045512.2	24561	G	51
NC_045512.2	24562	A	49
NC_045512.2	24563	C	50
NC_045512.2	24564	T	53
NC_045512.2	24565	T	57
NC_045512.2	24566	C	57
NC_045512.2	24567	A	61
NC_045512.2	24568	A	60
NC_045512.2	24569	A	59
NC_045512.2	24570	G	62
NC_045512.2	24571	T	64
NC_045512.2	24572	T	63
NC_045512.2	24573	T	68
NC_045512.2	24574	G	66
NC_045512.2	24575	C	68
NC_045512.2	24576	A	68
NC_045512.2	24577	G	69
NC_045512.2	24578	A	71
NC_045512.2	24579	C	74
NC_045512.2	24580	A	73
NC_045512.2	24581	T	73
NC_045512.2	24582	A	73
NC_045512.2	24583	T	75
NC_045512.2	24584	G	73
NC_045512.2	24585	T	48
NC_045512.2	24586	G	41
NC_045512.2	24587	A	39
NC_045512.2	24588	C	40
NC_045512.2	24589	T	38
NC_045512.2	24590	C	38
NC_045512.2	24591	A	39
NC_045512.2	24592	A	39
NC_045512.2	24593	C	40
NC_045512.2	24594	A	38
NC_045512.2	24595	A	31
NC_045512.2	24596	T	34
NC_045512.2	24597	T	32
NC_045512.2	24598	A	32
NC_045512.2	24599	A	33
NC_045512.2	24600	T	30
NC_045512.2	24601	T	35
NC_045512.2	24602	A	35
NC_045512.2	24603	G	33
NC_045512.2	24604	A	33
NC_045512.2	24605	G	35
NC_045512.2	24606	C	35
NC_045512.2	24607	T	34
NC_045512.2	24608	G	29
NC_045512.2	24609	C	34
NC_045512.2	24610	A	35
NC_045512.2	24611	G	34
NC_045512.2	24612	A	33
NC_045512.2	24613	A	31
NC_045512.2	24614	A	32
NC_045512.2	24615	T	33
NC_045512.2	24616	C	40
NC_045512.2	24617	A	43
NC_045512.2	24618	G	42
NC_045512.2	24619	A	42
NC_045512.2	24620	G	41
NC_045512.2	24621	C	39
NC_045512.2	24622	T	39
NC_045512.2	24623	T	44
NC_045512.2	24624	C	47
NC_045512.2	24625	T	45
NC_045512.2	24626	G	40
NC_045512.2	24627	C	39
NC_045512.2	24628	T	42
NC_045512.2	24629	A	41
NC_045512.2	24630	A	42
NC_045512.2	24631	T	36
NC_045512.2	24632	C	36
NC_045512.2	24633	T	33
NC_045512.2	24634	T	41
NC_045512.2	24635	G	38
NC_045512.2	24636	C	38
NC_045512.2	24637	T	38
NC_045512.2	24638	G	38
NC_045512.2	24639	C	33
NC_045512.2	24640	T	33
NC_045512.2	24641	A	33
NC_045512.2	24642	C	38
NC_045512.2	24643	T	38
NC_045512.2	24644	A	38
NC_045512.2	24645	A	37
NC_045512.2	24646	A	32
NC_045512.2	24647	A	35
NC_045512.2	24648	T	33
NC_045512.2	24649	G	33
NC_045512.2	24650	T	34
NC_045512.2	24651	C	33
NC_045512.2	24652	A	37
NC_045512.2	24653	G	34
NC_045512.2	24654	A	35
NC_045512.2	24655	G	35
NC_045512.2	24656	T	35
NC_045512.2	24657	G	34
NC_045512.2	24658	T	33
NC_045512.2	24659	G	35
NC_045512.2	24660	T	34
NC_045512.2	24661	A	36
NC_045512.2	24662	C	35
NC_045512.2	24663	T	36
NC_045512.2	24664	T	29
NC_045512.2	24665	G	30
NC_045512.2	24666	G	31
NC_045512.2	24667	A	32
NC_045512.2	24668	C	29
NC_045512.2	24669	A	32
NC_045512.2	24670	A	33
NC_045512.2	24671	T	32
NC_045512.2	24672	C	26
NC_045512.2	24673	A	26
NC_045512.2	24674	A	26
NC_045512.2	24675	A	27
NC_045512.2	24676	A	28
NC_045512.2	24677	A	25
NC_045512.2	24678	G	27
NC_045512.2	24679	A	29
NC_045512.2	24680	G	30
NC_045512.2	24681	T	30
NC_045512.2	24682	T	24
NC_045512.2	24683	G	23
NC_045512.2	24684	A	23
NC_045512.2	24685	T	24
NC_045512.2	24686	T	21
NC_045512.2	24687	T	23
NC_045512.2	24688	T	23
NC_045512.2	24689	T	22
NC_045512.2	24690	G	21
NC_045512.2	24691	T	23
NC_045512.2	24692	G	22
NC_045512.2	24693	G	22
NC_045512.2	24694	A	22
NC_045512.2	24695	A	21
NC_045512.2	24696	A	20
NC_045512.2	24697	G	20
NC_045512.2	24698	G	22
NC_045512.2	24699	G	17
NC_045512.2	24700	C	19
NC_045512.2	24701	T	20
NC_045512.2	24702	A	15
NC_045512.2	24703	T	15
NC_045512.2	24704	C	11
NC_045512.2	24705	A	11
NC_045512.2	24706	T	7
NC_045512.2	24707	C	6
NC_045512.2	24708	T	3
NC_045512.2	24709	T	1
NC_045512.2	24710	A	1
NC_045512.2	24711	T	0
NC_045512.2	24712	G	0
NC_045512.2	24713	T	0
NC_045512.2	24714	C	0
NC_045512.2	24715	C	0
NC_045512.2	24716	T	0
NC_045512.2	24717	T	0
NC_045512.2	24718	C	0
NC_045512.2	24719	C	0
NC_045512.2	24720	C	0
NC_045512.2	24721	T	0
NC_045512.2	24722	C	0
NC_045512.2	24723	A	0
NC_045512.2	24724	G	0
NC_045512.2	24725	T	0
NC_045512.2	24726	C	0
NC_045512.2	24727	A	0
NC_045512.2	24728	G	0
NC_045512.2	24729	C	0
NC_045512.2	24730	A	0
NC_045512.2	24731	C	0
NC_045512.2	24732	C	0
NC_045512.2	24733	T	0
NC_045512.2	24734	C	0
NC_045512.2	24735	A	0
NC_045512.2	24736	T	0
NC_045512.2	24737	G	0
NC_045512.2	24738	G	0
NC_045512.2	24739	T	0
NC_045512.2	24740	G	0
NC_045512.2	24741	T	0
NC_045512.2	24742	A	0
NC_045512.2	24743	G	0
NC_045512.2	24744	T	0
NC_045512.2	24745	C	0
NC_045512.2	24746	T	0
NC_045512.2	24747	T	0
NC_045512.2	24748	C	0
NC_045512.2	24749	T	0
NC_045512.2	24750	T	0
NC_045512.2	24751	G	0
NC_045512.2	24752	C	0
NC_045512.2	24753	A	0
NC_045512.2	24754	T	0
NC_045512.2	24755	G	0
NC_045512.2	24756	T	0
NC_045512.2	24757	G	0
NC_045512.2	24758	A	0
NC_045512.2	24759	C	0
NC_045512.2	24760	T	0
NC_045512.2	24761	T	0
NC_045512.2	24762	A	0
NC_045512.2	24763	T	0
NC_045512.2	24764	G	0
NC_045512.2	24765	T	0
NC_045512.2	24766	C	0
NC_045512.2	24767	C	0
NC_045512.2	24768	C	0
NC_045512.2	24769	T	0
NC_045512.2	24770	G	0
NC_045512.2	24771	C	0
NC_045512.2	24772	A	0
NC_045512.2	24773	C	0
NC_045512.2	24774	A	0
NC_045512.2	24775	A	0
NC_045512.2	24776	G	0
NC_045512.2	24777	A	0
NC_045512.2	24778	A	0
NC_045512.2	24779	A	0
NC_045512.2	24780	A	0
NC_045512.2	24781	G	0
NC_045512.2	24782	A	0
NC_045512.2	24783	A	0
NC_045512.2	24784	C	0
NC_045512.2	24785	T	0
NC_045512.2	24786	T	0
NC_045512.2	24787	C	0
NC_045512.2	24788	A	0
NC_045512.2	24789	C	0
NC_045512.2	24790	A	0
NC_045512.2	24791	A	0
NC_045512.2	24792	C	0
NC_045512.2	24793	T	0
NC_045512.2	24794	G	0
NC_045512.2	24795	C	0
NC_045512.2	24796	T	0
NC_045512.2	24797	C	0
NC_045512.2	24798	C	0
NC_045512.2	24799	T	0
NC_045512.2	24800	G	0
NC_045512.2	24801	C	0
NC_045512.2	24802	C	0
NC_045512.2	24803	A	0
NC_045512.2	24804	T	0
NC_045512.2	24805	T	0
NC_045512.2	24806	T	0
NC_045512.2	24807	G	0
NC_045512.2	24808	T	0
NC_045512.2	24809	C	0
NC_045512.2	24810	A	0
NC_045512.2	24811	T	0
NC_045512.2	24812	G	0
NC_045512.2	24813	A	0
NC_045512.2	24814	T	0
NC_045512.2	24815	G	0
NC_045512.2	24816	G	0
NC_045512.2	24817	A	0
NC_045512.2	24818	A	0
NC_045512.2	24819	A	0
NC_045512.2	24820	A	0
NC_045512.2	24821	G	0
NC_045512.2	24822	C	0
NC_045512.2	24823	A	0
NC_045512.2	24824	C	0
NC_045512.2	24825	A	0
NC_045512.2	24826	C	0
NC_045512.2	24827	T	0
NC_045512.2	24828	T	0
NC_045512.2	24829	T	0
NC_045512.2	24830	C	0
NC_045512.2	24831	C	0
NC_045512.2	24832	T	0
NC_045512.2	24833	C	0
NC_045512.2	24834	G	0
NC_045512.2	24835	T	0
NC_045512.2	24836	G	0
NC_045512.2	24837	A	0
NC_045512.2	24838	A	0
NC_045512.2	24839	G	0
NC_045512.2	24840	G	0
NC_045512.2	24841	T	0
NC_045512.2	24842	G	0
NC_045512.2	24843	T	0
NC_045512.2	24844	C	0
NC_045512.2	24845	T	0
NC_045512.2	24846	T	0
NC_045512.2	24847	T	0
NC_045512.2	24848	G	0
NC_045512.2	24849	T	0
NC_045512.2	24850	T	0
NC_045512.2	24851	T	0
NC_045512.2	24852	C	0
NC_045512.2	24853	A	0
NC_045512.2	24854	A	0
NC_045512.2	24855	A	0
NC_045512.2	24856	T	0
NC_045512.2	24857	G	0
NC_045512.2	24858	G	0
NC_045512.2	24859	C	0
NC_045512.2	24860	A	0
NC_045512.2	24861	C	0
NC_045512.2	24862	A	0
NC_045512.2	24863	C	0
NC_045512.2	24864	A	0
NC_045512.2	24865	C	0
NC_045512.2	24866	T	0
NC_045512.2	24867	G	0
NC_045512.2	24868	G	0
NC_045512.2	24869	T	0
NC_045512.2	24870	T	0
NC_045512.2	24871	T	0
NC_045512.2	24872	G	0
NC_045512.2	24873	T	0
NC_045512.2	24874	A	0
NC_045512.2	24875	A	0
NC_045512.2	24876	C	0
NC_045512.2	24877	A	0
NC_045512.2	24878	C	0
NC_045512.2	24879	A	2
NC_045512.2	24880	A	3
NC_045512.2	24881	A	3
NC_045512.2	24882	G	3
NC_045512.2	24883	G	3
NC_045512.2	24884	A	3
NC_045512.2	24885	A	3
NC_045512.2	24886	T	4
NC_045512.2	24887	T	4
NC_045512.2	24888	T	4
NC_045512.2	24889	T	4
NC_045512.2	24890	T	4
NC_045512.2	24891	A	4
NC_045512.2	24892	T	4
NC_045512.2	24893	G	4
NC_045512.2	24894	A	4
NC_045512.2	24895	A	4
NC_045512.2	24896	C	4
NC_045512.2	24897	C	4
NC_045512.2	24898	A	4
NC_045512.2	24899	C	4
NC_045512.2	24900	A	4
NC_045512.2	24901	A	4
NC_045512.2	24902	A	4
NC_045512.2	24903	T	4
NC_045512.2	24904	C	4
NC_045512.2	24905	A	5
NC_045512.2	24906	T	5
NC_045512.2	24907	T	5
NC_045512.2	24908	A	5
NC_045512.2	24909	C	4
NC_045512.2	24910	T	4
NC_045512.2	24911	A	4
NC_045512.2	24912	C	4
NC_045512.2	24913	A	4
NC_045512.2	24914	G	4
NC_045512.2	24915	A	4
NC_045512.2	24916	C	3
NC_045512.2	24917	A	3
NC_045512.2	24918	A	3
NC_045512.2	24919	C	3
NC_045512.2	24920	A	3
NC_045512.2	24921	C	3
NC_045512.2	24922	A	3
NC_045512.2	24923	T	3
NC_045512.2	24924	T	4
NC_045512.2	24925	T	4
NC_045512.2	24926	G	4
NC_045512.2	24927	T	4
NC_045512.2	24928	G	4
NC_045512.2	24929	T	3
NC_045512.2	24930	C	3
NC_045512.2	24931	T	3
NC_045512.2	24932	G	3
NC_045512.2	24933	G	2
NC_045512.2	24934	T	2
NC_045512.2	24935	A	1
NC_045512.2	24936	A	1
NC_045512.2	24937	C	1
NC_045512.2	24938	T	1
NC_045512.2	24939	G	1
NC_045512.2	24940	T	1
NC_045512.2	24941	G	1
NC_045512.2	24942	A	1
NC_045512.2	24943	T	1
NC_045512.2	24944	G	1
NC_045512.2	24945	T	1
NC_045512.2	24946	T	3
NC_045512.2	24947	G	3
NC_045512.2	24948	T	3
NC_045512.2	24949	A	3
NC_045512.2	24950	A	3
NC_045512.2	24951	T	3
NC_045512.2	24952	A	3
NC_045512.2	24953	G	3
NC_045512.2	24954	G	2
NC_045512.2	24955	A	2
NC_045512.2	24956	A	2
NC_045512.2	24957	T	2
NC_045512.2	24958	T	2
NC_045512.2	24959	G	2
NC_045512.2	24960	T	2
NC_045512.2	24961	C	2
NC_045512.2	24962	A	2
NC_045512.2	24963	A	2
NC_045512.2	24964	C	2
NC_045512.2	24965	A	2
NC_045512.2	24966	A	2
NC_045512.2	24967	C	2
NC_045512.2	24968	A	2
NC_045512.2	24969	C	2
NC_045512.2	24970	A	2
NC_045512.2	24971	G	2
NC_045512.2	24972	T	2
NC_045512.2	24973	T	2
NC_045512.2	24974	T	2
NC_045512.2	24975	A	2
NC_045512.2	24976	T	0
NC_045512.2	24977	G	0
NC_045512.2	24978	A	0
NC_045512.2	24979	T	0
NC_045512.2	24980	C	0
NC_045512.2	24981	C	0
NC_045512.2	24982	T	0
NC_045512.2	24983	T	0
NC_045512.2	24984	T	0
NC_045512.2	24985	G	0
NC_045512.2	24986	C	0
NC_045512.2	24987	A	0
NC_045512.2	24988	A	0
NC_045512.2	24989	C	0
NC_045512.2	24990	C	0
NC_045512.2	24991	T	0
NC_045512.2	24992	G	0
NC_045512.2	24993	A	0
NC_045512.2	24994	A	0
NC_045512.2	24995	T	0
NC_045512.2	24996	T	0
NC_045512.2	24997	A	0
NC_045512.2	24998	G	0
NC_045512.2	24999	A	0
NC_045512.2	25000	C	0
NC_045512.2	25001	T	0
NC_045512.2	25002	C	0
NC_045512.2	25003	A	0
NC_045512.2	25004	T	0
NC_045512.2	25005	T	0
NC_045512.2	25006	C	0
NC_045512.2	25007	A	0
NC_045512.2	25008	A	0
NC_045512.2	25009	G	0
NC_045512.2	25010	G	0
NC_045512.2	25011	A	0
NC_045512.2	25012	G	0
NC_045512.2	25013	G	0
NC_045512.2	25014	A	0
NC_045512.2	25015	G	0
NC_045512.2	25016	T	0
NC_045512.2	25017	T	0
NC_045512.2	25018	A	0
NC_045512.2	25019	G	0
NC_045512.2	25020	A	0
NC_045512.2	25021	T	0
NC_045512.2	25022	A	0
NC_045512.2	25023	A	0
NC_045512.2	25024	A	0
NC_045512.2	25025	T	0
NC_045512.2	25026	A	0
NC_045512.2	25027	T	0
NC_045512.2	25028	T	0
NC_045512.2	25029	T	0
NC_045512.2	25030	T	0
NC_045512.2	25031	A	0
NC_045512.2	25032	A	0
NC_045512.2	25033	G	0
NC_045512.2	25034	A	0
NC_045512.2	25035	A	0
NC_045512.2	25036	T	0
NC_045512.2	25037	C	0
NC_045512.2	25038	A	0
NC_045512.2	25039	T	0
NC_045512.2	25040	A	0
NC_045512.2	25041	C	0
NC_045512.2	25042	A	0
NC_045512.2	25043	T	0
NC_045512.2	25044	C	0
NC_045512.2	25045	A	0
NC_045512.2	25046	C	0
NC_045512.2	25047	C	0
NC_045512.2	25048	A	0
NC_045512.2	25049	G	0
NC_045512.2	25050	A	0
NC_045512.2	25051	T	0
NC_045512.2	25052	G	0
NC_045512.2	25053	T	0
NC_045512.2	25054	T	0
NC_045512.2	25055	G	0
NC_045512.2	25056	A	0
NC_045512.2	25057	T	0
NC_045512.2	25058	T	0
NC_045512.2	25059	T	0
NC_045512.2	25060	A	0
NC_045512.2	25061	G	0
NC_045512.2	25062	G	0
NC_045512.2	25063	T	0
NC_045512.2	25064	G	0
NC_045512.2	25065	A	0
NC_045512.2	25066	C	0
NC_045512.2	25067	A	0
NC_045512.2	25068	T	0
NC_045512.2	25069	C	0
NC_045512.2	25070	T	0
NC_045512.2	25071	C	0
NC_045512.2	25072	T	0
NC_045512.2	25073	G	0
NC_045512.2	25074	G	0
NC_045512.2	25075	C	0
NC_045512.2	25076	A	0
NC_045512.2	25077	T	0
NC_045512.2	25078	T	0
NC_045512.2	25079	A	0
NC_045512.2	25080	A	0
NC_045512.2	25081	T	0
NC_045512.2	25082	G	0
NC_045512.2	25083	C	0
NC_045512.2	25084	T	0
NC_045512.2	25085	T	0
NC_045512.2	25086	C	0
NC_045512.2	25087	A	0
NC_045512.2	25088	G	0
NC_045512.2	25089	T	0
NC_045512.2	25090	T	0
NC_045512.2	25091	G	0
NC_045512.2	25092	T	0
NC_045512.2	25093	A	0
NC_045512.2	25094	A	0
NC_045512.2	25095	A	0
NC_045512.2	25096	C	0
NC_045512.2	25097	A	0
NC_045512.2	25098	T	0
NC_045512.2	25099	T	0
NC_045512.2	25100	C	0
NC_045512.2	25101	A	0
NC_045512.2	25102	A	0
NC_045512.2	25103	A	0
NC_045512.2	25104	A	0
NC_045512.2	25105	A	0
NC_045512.2	25106	G	0
NC_045512.2	25107	A	0
NC_045512.2	25108	A	0
NC_045512.2	25109	A	0
NC_045512.2	25110	T	0
NC_045512.2	25111	T	0
NC_045512.2	25112	G	0
NC_045512.2	25113	A	0
NC_045512.2	25114	C	0
NC_045512.2	25115	C	0
NC_045512.2	25116	G	0
NC_045512.2	25117	C	0
NC_045512.2	25118	C	0
NC_045512.2	25119	T	0
NC_045512.2	25120	C	0
NC_045512.2	25121	A	0
NC_045512.2	25122	A	0
NC_045512.2	25123	T	0
NC_045512.2	25124	G	0
NC_045512.2	25125	A	0
NC_045512.2	25126	G	0
NC_045512.2	25127	G	0
NC_045512.2	25128	T	0
NC_045512.2	25129	T	0
NC_045512.2	25130	G	0
NC_045512.2	25131	C	0
NC_045512.2	25132	C	0
NC_045512.2	25133	A	0
NC_045512.2	25134	A	0
NC_045512.2	25135	G	0
NC_045512.2	25136	A	0
NC_045512.2	25137	A	0
NC_045512.2	25138	T	0
NC_045512.2	25139	T	0
NC_045512.2	25140	T	0
NC_045512.2	25141	A	0
NC_045512.2	25142	A	0
NC_045512.2	25143	A	0
NC_045512.2	25144	T	0
NC_045512.2	25145	G	0
NC_045512.2	25146	A	0
NC_045512.2	25147	A	0
NC_045512.2	25148	T	0
NC_045512.2	25149	C	0
NC_045512.2	25150	T	0
NC_045512.2	25151	C	0
NC_045512.2	25152	T	0
NC_045512.2	25153	C	0
NC_045512.2	25154	A	0
NC_045512.2	25155	T	0
NC_045512.2	25156	C	0
NC_045512.2	25157	G	0
NC_045512.2	25158	A	0
NC_045512.2	25159	T	0
NC_045512.2	25160	C	0
NC_045512.2	25161	T	0
NC_045512.2	25162	C	0
NC_045512.2	25163	C	0
NC_045512.2	25164	A	0
NC_045512.2	25165	A	0
NC_045512.2	25166	G	0
NC_045512.2	25167	A	0
NC_045512.2	25168	A	0
NC_045512.2	25169	C	0
NC_045512.2	25170	T	0
NC_045512.2	25171	T	0
NC_045512.2	25172	G	0
NC_045512.2	25173	G	0
NC_045512.2	25174	A	0
NC_045512.2	25175	A	0
NC_045512.2	25176	A	0
NC_045512.2	25177	G	0
NC_045512.2	25178	T	0
NC_045512.2	25179	A	0
NC_045512.2	25180	T	0
NC_045512.2	25181	G	3
NC_045512.2	25182	A	10
NC_045512.2	25183	G	10
NC_045512.2	25184	C	9
NC_045512.2	25185	A	11
NC_045512.2	25186	G	11
NC_045512.2	25187	T	16
NC_045512.2	25188	A	15
NC_045512.2	25189	T	26
NC_045512.2	25190	A	32
NC_045512.2	25191	T	31
NC_045512.2	25192	A	33
NC_045512.2	25193	A	32
NC_045512.2	25194	A	33
NC_045512.2	25195	A	33
NC_045512.2	25196	T	33
NC_045512.2	25197	G	34
NC_045512.2	25198	G	33
NC_045512.2	25199	C	34
NC_045512.2	25200	C	33
NC_045512.2	25201	A	34
NC_045512.2	25202	T	35
NC_045512.2	25203	G	36
NC_045512.2	25204	G	38
NC_045512.2	25205	T	40
NC_045512.2	25206	A	39
NC_045512.2	25207	C	38
NC_045512.2	25208	A	39
NC_045512.2	25209	T	51
NC_045512.2	25210	T	50
NC_045512.2	25211	T	52
NC_045512.2	25212	G	44
NC_045512.2	25213	G	45
NC_045512.2	25214	C	43
NC_045512.2	25215	T	43
NC_045512.2	25216	A	44
NC_045512.2	25217	G	41
NC_045512.2	25218	G	41
NC_045512.2	25219	T	35
NC_045512.2	25220	T	34
NC_045512.2	25221	T	32
NC_045512.2	25222	T	34
NC_045512.2	25223	A	31
NC_045512.2	25224	T	32
NC_045512.2	25225	A	32
NC_045512.2	25226	G	32
NC_045512.2	25227	C	32
NC_045512.2	25228	T	34
NC_045512.2	25229	G	30
NC_045512.2	25230	G	28
NC_045512.2	25231	C	27
NC_045512.2	25232	T	29
NC_045512.2	25233	T	31
NC_045512.2	25234	G	26
NC_045512.2	25235	A	27
NC_045512.2	25236	T	29
NC_045512.2	25237	T	30
NC_045512.2	25238	G	36
NC_045512.2	25239	C	31
NC_045512.2	25240	C	31
NC_045512.2	25241	A	33
NC_045512.2	25242	T	27
NC_045512.2	25243	A	27
NC_045512.2	25244	G	28
NC_045512.2	25245	T	25
NC_045512.2	25246	A	29
NC_045512.2	25247	A	31
NC_045512.2	25248	T	32
NC_045512.2	25249	G	31
NC_045512.2	25250	G	31
NC_045512.2	25251	T	32
NC_045512.2	25252	G	33
NC_045512.2	25253	A	32
NC_045512.2	25254	C	30
NC_045512.2	25255	A	30
NC_045512.2	25256	A	33
NC_045512.2	25257	T	31
NC_045512.2	25258	T	30
NC_045512.2	25259	A	33
NC_045512.2	25260	T	27
NC_045512.2	25261	G	25
NC_045512.2	25262	C	26
NC_045512.2	25263	T	25
NC_045512.2	25264	T	25
NC_045512.2	25265	T	25
NC_045512.2	25266	G	23
NC_045512.2	25267	C	18
NC_045512.2	25268	T	17
NC_045512.2	25269	G	17
NC_045512.2	25270	T	16
NC_045512.2	25271	A	15
NC_045512.2	25272	T	18
NC_045512.2	25273	G	18
NC_045512.2	25274	A	17
NC_045512.2	25275	C	15
NC_045512.2	25276	C	17
NC_045512.2	25277	A	22
NC_045512.2	25278	G	19
NC_045512.2	25279	T	19
NC_045512.2	25280	T	19
NC_045512.2	25281	G	18
NC_045512.2	25282	C	18
NC_045512.2	25283	T	21
NC_045512.2	25284	G	22
NC_045512.2	25285	T	22
NC_045512.2	25286	A	22
NC_045512.2	25287	G	25
NC_045512.2	25288	T	22
NC_045512.2	25289	T	21
NC_045512.2	25290	G	23
NC_045512.2	25291	T	28
NC_045512.2	25292	C	27
NC_045512.2	25293	T	28
NC_045512.2	25294	C	28
NC_045512.2	25295	A	29
NC_045512.2	25296	A	27
NC_045512.2	25297	G	26
NC_045512.2	25298	G	25
NC_045512.2	25299	G	26
NC_045512.2	25300	C	20
NC_045512.2	25301	T	25
NC_045512.2	25302	G	30
NC_045512.2	25303	T	31
NC_045512.2	25304	T	34
NC_045512.2	25305	G	33
NC_045512.2	25306	T	31
NC_045512.2	25307	T	24
NC_045512.2	25308	C	25
NC_045512.2	25309	T	25
NC_045512.2	25310	T	26
NC_045512.2	25311	G	27
NC_045512.2	25312	T	27
NC_045512.2	25313	G	23
NC_045512.2	25314	G	24
NC_045512.2	25315	A	20
NC_045512.2	25316	T	17
NC_045512.2	25317	C	18
NC_045512.2	25318	C	19
NC_045512.2	25319	T	19
NC_045512.2	25320	G	19
NC_045512.2	25321	C	13
NC_045512.2	25322	T	14
NC_045512.2	25323	G	14
NC_045512.2	25324	C	14
NC_045512.2	25325	A	14
NC_045512.2	25326	A	13
NC_045512.2	25327	A	14
NC_045512.2	25328	T	13
NC_045512.2	25329	T	13
NC_045512.2	25330	T	13
NC_045512.2	25331	G	11
NC_045512.2	25332	A	4
NC_045512.2	25333	T	0
NC_045512.2	25334	G	0
NC_045512.2	25335	A	0
NC_045512.2	25336	A	0
NC_045512.2	25337	G	0
NC_045512.2	25338	A	0
NC_045512.2	25339	C	0
NC_045512.2	25340	G	0
NC_045512.2	25341	A	0
NC_045512.2	25342	C	0
NC_045512.2	25343	T	0
NC_045512.2	25344	C	0
NC_045512.2	25345	T	0
NC_045512.2	25346	G	0
NC_045512.2	25347	A	0
NC_045512.2	25348	G	0
NC_045512.2	25349	C	0
NC_045512.2	25350	C	0
NC_045512.2	25351	A	0
NC_045512.2	25352	G	0
NC_045512.2	25353	T	0
NC_045512.2	25354	G	0
NC_045512.2	25355	C	0
NC_045512.2	25356	T	0
NC_045512.2	25357	C	0
NC_045512.2	25358	A	0
NC_045512.2	25359	A	0
NC_045512.2	25360	A	0
NC_045512.2	25361	G	0
NC_045512.2	25362	G	0
NC_045512.2	25363	A	0
NC_045512.2	25364	G	0
NC_045512.2	25365	T	0
NC_045512.2	25366	C	0
NC_045512.2	25367	A	0
NC_045512.2	25368	A	0
NC_045512.2	25369	A	0
NC_045512.2	25370	T	0
NC_045512.2	25371	T	0
NC_045512.2	25372	A	0
NC_045512.2	25373	C	0
NC_045512.2	25374	A	0
NC_045512.2	25375	T	0
NC_045512.2	25376	T	0
NC_045512.2	25377	A	0
NC_045512.2	25378	C	0
NC_045512.2	25379	A	0
NC_045512.2	25380	C	0
NC_045512.2	25381	A	0
NC_045512.2	25382	T	0
NC_045512.2	25383	A	0
NC_045512.2	25384	A	0
NC_045512.2	25385	A	0
NC_045512.2	25386	C	0
NC_045512.2	25387	G	0
NC_045512.2	25388	A	0
NC_045512.2	25389	A	0
NC_045512.2	25390	C	0
NC_045512.2	25391	T	0
NC_045512.2	25392	T	0
NC_045512.2	25393	A	0
NC_045512.2	25394	T	0
NC_045512.2	25395	G	0
NC_045512.2	25396	G	0
NC_045512.2	25397	A	0
NC_045512.2	25398	T	0
NC_045512.2	25399	T	0
NC_045512.2	25400	T	0
NC_045512.2	25401	G	0
NC_045512.2	25402	T	0
NC_045512.2	25403	T	0
NC_045512.2	25404	T	0
NC_045512.2	25405	A	0
NC_045512.2	25406	T	0
NC_045512.2	25407	G	0
NC_045512.2	25408	A	0
NC_045512.2	25409	G	0
NC_045512.2	25410	A	0
NC_045512.2	25411	A	0
NC_045512.2	25412	T	0
NC_045512.2	25413	C	0
NC_045512.2	25414	T	0
NC_045512.2	25415	T	0
NC_045512.2	25416	C	0
NC_045512.2	25417	A	0
NC_045512.2	25418	C	0
NC_045512.2	25419	A	0
NC_045512.2	25420	A	0
NC_045512.2	25421	T	0
NC_045512.2	25422	T	0
NC_045512.2	25423	G	0
NC_045512.2	25424	G	0
NC_045512.2	25425	A	0
NC_045512.2	25426	A	0
NC_045512.2	25427	C	0
NC_045512.2	25428	T	0
NC_045512.2	25429	G	0
NC_045512.2	25430	T	0
NC_045512.2	25431	A	0
NC_045512.2	25432	A	0
NC_045512.2	25433	C	0
NC_045512.2	25434	T	0
NC_045512.2	25435	T	0
NC_045512.2	25436	T	0
NC_045512.2	25437	G	0
NC_045512.2	25438	A	0
NC_045512.2	25439	A	0
NC_045512.2	25440	G	0
NC_045512.2	25441	C	0
NC_045512.2	25442	A	0
NC_045512.2	25443	A	0
NC_045512.2	25444	G	0
NC_045512.2	25445	G	0
NC_045512.2	25446	T	0
NC_045512.2	25447	G	0
NC_045512.2	25448	A	0
NC_045512.2	25449	A	0
NC_045512.2	25450	A	0
NC_045512.2	25451	T	0
NC_045512.2	25452	C	0
NC_045512.2	25453	A	0
NC_045512.2	25454	A	0
NC_045512.2	25455	G	0
NC_045512.2	25456	G	0
NC_045512.2	25457	A	0
NC_045512.2	25458	T	1
NC_045512.2	25459	G	1
NC_045512.2	25460	C	1
NC_045512.2	25461	T	1
NC_045512.2	25462	A	3
NC_045512.2	25463	C	5
NC_045512.2	25464	T	5
NC_045512.2	25465	C	5
NC_045512.2	25466	C	5
NC_045512.2	25467	T	6
NC_045512.2	25468	T	6
NC_045512.2	25469	C	6
NC_045512.2	25470	A	7
NC_045512.2	25471	G	6
NC_045512.2	25472	A	6
NC_045512.2	25473	T	7
NC_045512.2	25474	T	7
NC_045512.2	25475	T	9
NC_045512.2	25476	T	9
NC_045512.2	25477	G	9
NC_045512.2	25478	T	9
NC_045512.2	25479	T	9
NC_045512.2	25480	C	9
NC_045512.2	25481	G	8
NC_045512.2	25482	C	7
NC_045512.2	25483	G	10
NC_045512.2	25484	C	9
NC_045512.2	25485	T	10
NC_045512.2	25486	A	10
NC_045512.2	25487	C	10
NC_045512.2	25488	T	9
NC_045512.2	25489	G	11
NC_045512.2	25490	C	9
NC_045512.2	25491	A	11
NC_045512.2	25492	A	9
NC_045512.2	25493	C	7
NC_045512.2	25494	G	6
NC_045512.2	25495	A	7
NC_045512.2	25496	T	7
NC_045512.2	25497	A	6
NC_045512.2	25498	C	7
NC_045512.2	25499	C	5
NC_045512.2	25500	G	5
NC_045512.2	25501	A	5
NC_045512.2	25502	T	5
NC_045512.2	25503	A	5
NC_045512.2	25504	C	5
NC_045512.2	25505	A	3
NC_045512.2	25506	A	3
NC_045512.2	25507	G	3
NC_045512.2	25508	C	4
NC_045512.2	25509	C	4
NC_045512.2	25510	T	4
NC_045512.2	25511	C	5
NC_045512.2	25512	A	5
NC_045512.2	25513	C	4
NC_045512.2	25514	T	4
NC_045512.2	25515	C	3
NC_045512.2	25516	C	4
NC_045512.2	25517	C	3
NC_045512.2	25518	T	4
NC_045512.2	25519	T	3
NC_045512.2	25520	T	3
NC_045512.2	25521	C	3
NC_045512.2	25522	G	5
NC_045512.2	25523	G	4
NC_045512.2	25524	A	3
NC_045512.2	25525	T	5
NC_045512.2	25526	G	4
NC_045512.2	25527	G	5
NC_045512.2	25528	C	3
NC_045512.2	25529	T	4
NC_045512.2	25530	T	6
NC_045512.2	25531	A	6
NC_045512.2	25532	T	6
NC_045512.2	25533	T	5
NC_045512.2	25534	G	6
NC_045512.2	25535	T	6
NC_045512.2	25536	T	7
NC_045512.2	25537	G	7
NC_045512.2	25538	G	5
NC_045512.2	25539	C	5
NC_045512.2	25540	G	7
NC_045512.2	25541	T	6
NC_045512.2	25542	T	6
NC_045512.2	25543	G	4
NC_045512.2	25544	C	4
NC_045512.2	25545	A	5
NC_045512.2	25546	C	5
NC_045512.2	25547	T	4
NC_045512.2	25548	T	6
NC_045512.2	25549	C	6
NC_045512.2	25550	T	5
NC_045512.2	25551	T	5
NC_045512.2	25552	G	4
NC_045512.2	25553	C	4
NC_045512.2	25554	T	4
NC_045512.2	25555	G	4
NC_045512.2	25556	T	4
NC_045512.2	25557	T	4
NC_045512.2	25558	T	4
NC_045512.2	25559	T	3
NC_045512.2	25560	T	1
NC_045512.2	25561	C	1
NC_045512.2	25562	A	1
NC_045512.2	25563	G	1
NC_045512.2	25564	A	1
NC_045512.2	25565	G	1
NC_045512.2	25566	C	1
NC_045512.2	25567	G	1
NC_045512.2	25568	C	1
NC_045512.2	25569	T	1
NC_045512.2	25570	T	0
NC_045512.2	25571	C	0
NC_045512.2	25572	C	0
NC_045512.2	25573	A	0
NC_045512.2	25574	A	0
NC_045512.2	25575	A	0
NC_045512.2	25576	A	0
NC_045512.2	25577	T	0
NC_045512.2	25578	C	0
NC_045512.2	25579	A	0
NC_045512.2	25580	T	0
NC_045512.2	25581	A	0
NC_045512.2	25582	A	0
NC_045512.2	25583	C	2
NC_045512.2	25584	C	4
NC_045512.2	25585	C	4
NC_045512.2	25586	T	4
NC_045512.2	25587	C	4
NC_045512.2	25588	A	4
NC_045512.2	25589	A	3
NC_045512.2	25590	A	3
NC_045512.2	25591	A	4
NC_045512.2	25592	A	4
NC_045512.2	25593	G	3
NC_045512.2	25594	A	3
NC_045512.2	25595	G	4
NC_045512.2	25596	A	3
NC_045512.2	25597	T	4
NC_045512.2	25598	G	4
NC_045512.2	25599	G	4
NC_045512.2	25600	C	3
NC_045512.2	25601	A	4
NC_045512.2	25602	A	4
NC_045512.2	25603	C	4
NC_045512.2	25604	T	4
NC_045512.2	25605	A	3
NC_045512.2	25606	G	3
NC_045512.2	25607	C	4
NC_045512.2	25608	A	3
NC_045512.2	25609	C	3
NC_045512.2	25610	T	4
NC_045512.2	25611	C	3
NC_045512.2	25612	T	4
NC_045512.2	25613	C	1
NC_045512.2	25614	C	0
NC_045512.2	25615	A	0
NC_045512.2	25616	A	0
NC_045512.2	25617	G	0
NC_045512.2	25618	G	0
NC_045512.2	25619	G	0
NC_045512.2	25620	T	0
NC_045512.2	25621	G	0
NC_045512.2	25622	T	0
NC_045512.2	25623	T	0
NC_045512.2	25624	C	0
NC_045512.2	25625	A	0
NC_045512.2	25626	C	0
NC_045512.2	25627	T	0
NC_045512.2	25628	T	0
NC_045512.2	25629	T	0
NC_045512.2	25630	G	0
NC_045512.2	25631	T	0
NC_045512.2	25632	T	0
NC_045512.2	25633	T	0
NC_045512.2	25634	G	0
NC_045512.2	25635	C	0
NC_045512.2	25636	A	0
NC_045512.2	25637	A	0
NC_045512.2	25638	C	0
NC_045512.2	25639	T	0
NC_045512.2	25640	T	0
NC_045512.2	25641	G	0
NC_045512.2	25642	C	0
NC_045512.2	25643	T	0
NC_045512.2	25644	G	0
NC_045512.2	25645	T	0
NC_045512.2	25646	T	0
NC_045512.2	25647	G	0
NC_045512.2	25648	T	0
NC_045512.2	25649	T	0
NC_045512.2	25650	G	0
NC_045512.2	25651	T	0
NC_045512.2	25652	T	0
NC_045512.2	25653	T	0
NC_045512.2	25654	G	0
NC_045512.2	25655	T	0
NC_045512.2	25656	A	0
NC_045512.2	25657	A	0
NC_045512.2	25658	C	0
NC_045512.2	25659	A	0
NC_045512.2	25660	G	0
NC_045512.2	25661	T	0
NC_045512.2	25662	T	0
NC_045512.2	25663	T	0
NC_045512.2	25664	A	0
NC_045512.2	25665	C	0
NC_045512.2	25666	T	0
NC_045512.2	25667	C	0
NC_045512.2	25668	A	0
NC_045512.2	25669	C	0
NC_045512.2	25670	A	0
NC_045512.2	25671	C	0
NC_045512.2	25672	C	0
NC_045512.2	25673	T	0
NC_045512.2	25674	T	0
NC_045512.2	25675	T	0
NC_045512.2	25676	T	0
NC_045512.2	25677	G	0
NC_045512.2	25678	C	0
NC_045512.2	25679	T	0
NC_045512.2	25680	C	0
NC_045512.2	25681	G	0
NC_045512.2	25682	T	0
NC_045512.2	25683	T	0
NC_045512.2	25684	G	0
NC_045512.2	25685	C	0
NC_045512.2	25686	T	0
NC_045512.2	25687	G	0
NC_045512.2	25688	C	0
NC_045512.2	25689	T	0
NC_045512.2	25690	G	0
NC_045512.2	25691	G	0
NC_045512.2	25692	C	0
NC_045512.2	25693	C	0
NC_045512.2	25694	T	0
NC_045512.2	25695	T	0
NC_045512.2	25696	G	0
NC_045512.2	25697	A	0
NC_045512.2	25698	A	0
NC_045512.2	25699	G	0
NC_045512.2	25700	C	0
NC_045512.2	25701	C	0
NC_045512.2	25702	C	0
NC_045512.2	25703	C	0
NC_045512.2	25704	T	0
NC_045512.2	25705	T	0
NC_045512.2	25706	T	0
NC_045512.2	25707	T	0
NC_045512.2	25708	C	0
NC_045512.2	25709	T	0
NC_045512.2	25710	C	0
NC_045512.2	25711	T	0
NC_045512.2	25712	A	0
NC_045512.2	25713	T	0
NC_045512.2	25714	C	0
NC_045512.2	25715	T	0
NC_045512.2	25716	T	0
NC_045512.2	25717	T	0
NC_045512.2	25718	A	0
NC_045512.2	25719	T	0
NC_045512.2	25720	G	0
NC_045512.2	25721	C	0
NC_045512.2	25722	T	0
NC_045512.2	25723	T	0
NC_045512.2	25724	T	0
NC_045512.2	25725	A	0
NC_045512.2	25726	G	0
NC_045512.2	25727	T	0
NC_045512.2	25728	C	0
NC_045512.2	25729	T	0
NC_045512.2	25730	A	0
NC_045512.2	25731	C	0
NC_045512.2	25732	T	0
NC_045512.2	25733	T	0
NC_045512.2	25734	C	0
NC_045512.2	25735	T	0
NC_045512.2	25736	T	0
NC_045512.2	25737	G	0
NC_045512.2	25738	C	0
NC_045512.2	25739	A	0
NC_045512.2	25740	G	0
NC_045512.2	25741	A	0
NC_045512.2	25742	G	0
NC_045512.2	25743	T	0
NC_045512.2	25744	A	0
NC_045512.2	25745	T	0
NC_045512.2	25746	A	0
NC_045512.2	25747	A	0
NC_045512.2	25748	A	0
NC_045512.2	25749	C	0
NC_045512.2	25750	T	0
NC_045512.2	25751	T	0
NC_045512.2	25752	T	0
NC_045512.2	25753	G	0
NC_045512.2	25754	T	0
NC_045512.2	25755	A	0
NC_045512.2	25756	A	0
NC_045512.2	25757	G	0
NC_045512.2	25758	A	0
NC_045512.2	25759	A	0
NC_045512.2	25760	T	0
NC_045512.2	25761	A	0
NC_045512.2	25762	A	0
NC_045512.2	25763	T	0
NC_045512.2	25764	A	0
NC_045512.2	25765	A	0
NC_045512.2	25766	T	0
NC_045512.2	25767	G	0
NC_045512.2	25768	A	0
NC_045512.2	25769	G	0
NC_045512.2	25770	G	0
NC_045512.2	25771	C	1
NC_045512.2	25772	T	1
NC_045512.2	25773	T	5
NC_045512.2	25774	T	5
NC_045512.2	25775	G	6
NC_045512.2	25776	G	6
NC_045512.2	25777	C	6
NC_045512.2	25778	T	6
NC_045512.2	25779	T	12
NC_045512.2	25780	T	18
NC_045512.2	25781	G	18
NC_045512.2	25782	C	20
NC_045512.2	25783	T	19
NC_045512.2	25784	G	19
NC_045512.2	25785	G	22
NC_045512.2	25786	A	22
NC_045512.2	25787	A	22
NC_045512.2	25788	A	24
NC_045512.2	25789	T	22
NC_045512.2	25790	G	23
NC_045512.2	25791	C	26
NC_045512.2	25792	C	36
NC_045512.2	25793	G	39
NC_045512.2	25794	T	38
NC_045512.2	25795	T	39
NC_045512.2	25796	C	37
NC_045512.2	25797	C	40
NC_045512.2	25798	A	40
NC_045512.2	25799	A	40
NC_045512.2	25800	A	40
NC_045512.2	25801	A	38
NC_045512.2	25802	A	37
NC_045512.2	25803	C	34
NC_045512.2	25804	C	35
NC_045512.2	25805	C	35
NC_045512.2	25806	A	36
NC_045512.2	25807	T	37
NC_045512.2	25808	T	36
NC_045512.2	25809	A	29
NC_045512.2	25810	C	24
NC_045512.2	25811	T	24
NC_045512.2	25812	T	25
NC_045512.2	25813	T	25
NC_045512.2	25814	A	25
NC_045512.2	25815	T	23
NC_045512.2	25816	G	22
NC_045512.2	25817	A	23
NC_045512.2	25818	T	23
NC_045512.2	25819	G	23
NC_045512.2	25820	C	21
NC_045512.2	25821	C	21
NC_045512.2	25822	A	15
NC_045512.2	25823	A	16
NC_045512.2	25824	C	18
NC_045512.2	25825	T	15
NC_045512.2	25826	A	13
NC_045512.2	25827	T	13
NC_045512.2	25828	T	13
NC_045512.2	25829	T	12
NC_045512.2	25830	T	12
NC_045512.2	25831	C	13
NC_045512.2	25832	T	13
NC_045512.2	25833	T	10
NC_045512.2	25834	T	12
NC_045512.2	25835	G	9
NC_045512.2	25836	C	8
NC_045512.2	25837	T	11
NC_045512.2	25838	G	11
NC_045512.2	25839	G	19
NC_045512.2	25840	C	20
NC_045512.2	25841	A	22
NC_045512.2	25842	T	21
NC_045512.2	25843	A	20
NC_045512.2	25844	C	22
NC_045512.2	25845	T	24
NC_045512.2	25846	A	24
NC_045512.2	25847	A	27
NC_045512.2	25848	T	25
NC_045512.2	25849	T	28
NC_045512.2	25850	G	28
NC_045512.2	25851	T	25
NC_045512.2	25852	T	27
NC_045512.2	25853	A	27
NC_045512.2	25854	C	30
NC_045512.2	25855	G	31
NC_045512.2	25856	A	31
NC_045512.2	25857	C	31
NC_045512.2	25858	T	33
NC_045512.2	25859	A	32
NC_045512.2	25860	T	29
NC_045512.2	25861	T	37
NC_045512.2	25862	G	37
NC_045512.2	25863	T	42
NC_045512.2	25864	A	41
NC_045512.2	25865	T	39
NC_045512.2	25866	A	41
NC_045512.2	25867	C	41
NC_045512.2	25868	C	39
NC_045512.2	25869	T	26
NC_045512.2	25870	T	28
NC_045512.2	25871	A	26
NC_045512.2	25872	C	26
NC_045512.2	25873	A	29
NC_045512.2	25874	A	27
NC_045512.2	25875	T	26
NC_045512.2	25876	A	26
NC_045512.2	25877	G	27
NC_045512.2	25878	T	27
NC_045512.2	25879	G	23
NC_045512.2	25880	T	25
NC_045512.2	25881	A	23
NC_045512.2	25882	A	28
NC_045512.2	25883	C	30
NC_045512.2	25884	T	22
NC_045512.2	25885	T	21
NC_045512.2	25886	C	18
NC_045512.2	25887	T	22
NC_045512.2	25888	T	23
NC_045512.2	25889	C	31
NC_045512.2	25890	A	32
NC_045512.2	25891	A	32
NC_045512.2	25892	T	32
NC_045512.2	25893	T	31
NC_045512.2	25894	G	30
NC_045512.2	25895	T	30
NC_045512.2	25896	C	30
NC_045512.2	25897	A	31
NC_045512.2	25898	T	30
NC_045512.2	25899	T	29
NC_045512.2	25900	A	28
NC_045512.2	25901	C	29
NC_045512.2	25902	T	29
NC_045512.2	25903	T	25
NC_045512.2	25904	C	25
NC_045512.2	25905	A	26
NC_045512.2	25906	G	26
NC_045512.2	25907	G	26
NC_045512.2	25908	T	26
NC_045512.2	25909	G	26
NC_045512.2	25910	A	25
NC_045512.2	25911	T	25
NC_045512.2	25912	G	18
NC_045512.2	25913	G	18
NC_045512.2	25914	C	18
NC_045512.2	25915	A	18
NC_045512.2	25916	C	18
NC_045512.2	25917	A	15
NC_045512.2	25918	A	14
NC_045512.2	25919	C	4
NC_045512.2	25920	A	4
NC_045512.2	25921	A	4
NC_045512.2	25922	G	2
NC_045512.2	25923	T	2
NC_045512.2	25924	C	1
NC_045512.2	25925	C	1
NC_045512.2	25926	T	1
NC_045512.2	25927	A	1
NC_045512.2	25928	T	1
NC_045512.2	25929	T	1
NC_045512.2	25930	T	1
NC_045512.2	25931	C	1
NC_045512.2	25932	T	1
NC_045512.2	25933	G	1
NC_045512.2	25934	A	1
NC_045512.2	25935	A	1
NC_045512.2	25936	C	1
NC_045512.2	25937	A	1
NC_045512.2	25938	T	1
NC_045512.2	25939	G	0
NC_045512.2	25940	A	0
NC_045512.2	25941	C	0
NC_045512.2	25942	T	0
NC_045512.2	25943	A	0
NC_045512.2	25944	C	0
NC_045512.2	25945	C	0
NC_045512.2	25946	A	0
NC_045512.2	25947	G	0
NC_045512.2	25948	A	0
NC_045512.2	25949	T	0
NC_045512.2	25950	T	0
NC_045512.2	25951	G	0
NC_045512.2	25952	G	0
NC_045512.2	25953	T	0
NC_045512.2	25954	G	0
NC_045512.2	25955	G	0
NC_045512.2	25956	T	0
NC_045512.2	25957	T	0
NC_045512.2	25958	A	0
NC_045512.2	25959	T	0
NC_045512.2	25960	A	0
NC_045512.2	25961	C	0
NC_045512.2	25962	T	0
NC_045512.2	25963	G	0
NC_045512.2	25964	A	0
NC_045512.2	25965	A	0
NC_045512.2	25966	A	0
NC_045512.2	25967	A	0
NC_045512.2	25968	A	0
NC_045512.2	25969	T	0
NC_045512.2	25970	G	0
NC_045512.2	25971	G	0
NC_045512.2	25972	G	0
NC_045512.2	25973	A	0
NC_045512.2	25974	A	0
NC_045512.2	25975	T	0
NC_045512.2	25976	C	0
NC_045512.2	25977	T	0
NC_045512.2	25978	G	0
NC_045512.2	25979	G	0
NC_045512.2	25980	A	0
NC_045512.2	25981	G	0
NC_045512.2	25982	T	0
NC_045512.2	25983	A	0
NC_045512.2	25984	A	0
NC_045512.2	25985	A	0
NC_045512.2	25986	A	0
NC_045512.2	25987	G	0
NC_045512.2	25988	A	0
NC_045512.2	25989	C	0
NC_045512.2	25990	T	0
NC_045512.2	25991	G	0
NC_045512.2	25992	T	0
NC_045512.2	25993	G	0
NC_045512.2	25994	T	0
NC_045512.2	25995	T	0
NC_045512.2	25996	G	0
NC_045512.2	25997	T	0
NC_045512.2	25998	A	0
NC_045512.2	25999	T	0
NC_045512.2	26000	T	0
NC_045512.2	26001	A	0
NC_045512.2	26002	C	0
NC_045512.2	26003	A	0
NC_045512.2	26004	C	0
NC_045512.2	26005	A	0
NC_045512.2	26006	G	0
NC_045512.2	26007	T	0
NC_045512.2	26008	T	0
NC_045512.2	26009	A	0
NC_045512.2	26010	C	0
NC_045512.2	26011	T	0
NC_045512.2	26012	T	0
NC_045512.2	26013	C	0
NC_045512.2	26014	A	0
NC_045512.2	26015	C	0
NC_045512.2	26016	T	0
NC_045512.2	26017	T	0
NC_045512.2	26018	C	0
NC_045512.2	26019	A	0
NC_045512.2	26020	G	0
NC_045512.2	26021	A	0
NC_045512.2	26022	C	0
NC_045512.2	26023	T	0
NC_045512.2	26024	A	0
NC_045512.2	26025	T	0
NC_045512.2	26026	T	0
NC_045512.2	26027	A	0
NC_045512.2	26028	C	0
NC_045512.2	26029	C	0
NC_045512.2	26030	A	0
NC_045512.2	26031	G	0
NC_045512.2	26032	C	0
NC_045512.2	26033	T	0
NC_045512.2	26034	G	0
NC_045512.2	26035	T	0
NC_045512.2	26036	A	0
NC_045512.2	26037	C	0
NC_045512.2	26038	T	0
NC_045512.2	26039	C	0
NC_045512.2	26040	A	0
NC_045512.2	26041	A	0
NC_045512.2	26042	C	0
NC_045512.2	26043	T	0
NC_045512.2	26044	C	0
NC_045512.2	26045	A	0
NC_045512.2	26046	A	0
NC_045512.2	26047	T	0
NC_045512.2	26048	T	0
NC_045512.2	26049	G	0
NC_045512.2	26050	A	0
NC_045512.2	26051	G	0
NC_045512.2	26052	T	0
NC_045512.2	26053	A	0
NC_045512.2	26054	C	0
NC_045512.2	26055	A	0
NC_045512.2	26056	G	0
NC_045512.2	26057	A	0
NC_045512.2	26058	C	0
NC_045512.2	26059	A	0
NC_045512.2	26060	C	0
NC_045512.2	26061	T	0
NC_045512.2	26062	G	0
NC_045512.2	26063	G	0
NC_045512.2	26064	T	0
NC_045512.2	26065	G	0
NC_045512.2	26066	T	0
NC_045512.2	26067	T	0
NC_045512.2	26068	G	0
NC_045512.2	26069	A	0
NC_045512.2	26070	A	0
NC_045512.2	26071	C	0
NC_045512.2	26072	A	0
NC_045512.2	26073	T	0
NC_045512.2	26074	G	0
NC_045512.2	26075	T	0
NC_045512.2	26076	T	0
NC_045512.2	26077	A	0
NC_045512.2	26078	C	0
NC_045512.2	26079	C	0
NC_045512.2	26080	T	0
NC_045512.2	26081	T	0
NC_045512.2	26082	C	0
NC_045512.2	26083	T	0
NC_045512.2	26084	T	2
NC_045512.2	26085	C	2
NC_045512.2	26086	A	2
NC_045512.2	26087	T	2
NC_045512.2	26088	C	2
NC_045512.2	26089	T	2
NC_045512.2	26090	A	2
NC_045512.2	26091	C	2
NC_045512.2	26092	A	2
NC_045512.2	26093	A	3
NC_045512.2	26094	T	3
NC_045512.2	26095	A	3
NC_045512.2	26096	A	3
NC_045512.2	26097	A	3
NC_045512.2	26098	A	3
NC_045512.2	26099	T	3
NC_045512.2	26100	T	6
NC_045512.2	26101	G	6
NC_045512.2	26102	T	19
NC_045512.2	26103	T	19
NC_045512.2	26104	G	19
NC_045512.2	26105	A	18
NC_045512.2	26106	T	19
NC_045512.2	26107	G	22
NC_045512.2	26108	A	22
NC_045512.2	26109	G	22
NC_045512.2	26110	C	22
NC_045512.2	26111	C	22
NC_045512.2	26112	T	33
NC_045512.2	26113	G	32
NC_045512.2	26114	A	34
NC_045512.2	26115	A	33
NC_045512.2	26116	G	31
NC_045512.2	26117	A	46
NC_045512.2	26118	A	46
NC_045512.2	26119	C	46
NC_045512.2	26120	A	50
NC_045512.2	26121	T	48
NC_045512.2	26122	G	48
NC_045512.2	26123	T	48
NC_045512.2	26124	C	48
NC_045512.2	26125	C	50
NC_045512.2	26126	A	51
NC_045512.2	26127	A	53
NC_045512.2	26128	A	56
NC_045512.2	26129	T	57
NC_045512.2	26130	T	51
NC_045512.2	26131	C	51
NC_045512.2	26132	A	42
NC_045512.2	26133	C	42
NC_045512.2	26134	A	42
NC_045512.2	26135	C	43
NC_045512.2	26136	A	45
NC_045512.2	26137	A	42
NC_045512.2	26138	T	40
NC_045512.2	26139	C	39
NC_045512.2	26140	G	40
NC_045512.2	26141	A	44
NC_045512.2	26142	C	37
NC_045512.2	26143	G	38
NC_045512.2	26144	G	38
NC_045512.2	26145	T	41
NC_045512.2	26146	T	41
NC_045512.2	26147	C	33
NC_045512.2	26148	A	34
NC_045512.2	26149	T	34
NC_045512.2	26150	C	33
NC_045512.2	26151	C	33
NC_045512.2	26152	G	35
NC_045512.2	26153	G	35
NC_045512.2	26154	A	31
NC_045512.2	26155	G	31
NC_045512.2	26156	T	30
NC_045512.2	26157	T	26
NC_045512.2	26158	G	26
NC_045512.2	26159	T	27
NC_045512.2	26160	T	27
NC_045512.2	26161	A	26
NC_045512.2	26162	A	28
NC_045512.2	26163	T	28
NC_045512.2	26164	C	27
NC_045512.2	26165	C	24
NC_045512.2	26166	A	24
NC_045512.2	26167	G	26
NC_045512.2	26168	T	24
NC_045512.2	26169	A	24
NC_045512.2	26170	A	23
NC_045512.2	26171	T	21
NC_045512.2	26172	G	21
NC_045512.2	26173	G	20
NC_045512.2	26174	A	22
NC_045512.2	26175	A	19
NC_045512.2	26176	C	20
NC_045512.2	26177	C	26
NC_045512.2	26178	A	26
NC_045512.2	26179	A	24
NC_045512.2	26180	T	23
NC_045512.2	26181	T	25
NC_045512.2	26182	T	23
NC_045512.2	26183	A	23
NC_045512.2	26184	T	23
NC_045512.2	26185	G	22
NC_045512.2	26186	A	23
NC_045512.2	26187	T	23
NC_045512.2	26188	G	23
NC_045512.2	26189	A	23
NC_045512.2	26190	A	28
NC_045512.2	26191	C	28
NC_045512.2	26192	C	28
NC_045512.2	26193	G	31
NC_045512.2	26194	A	30
NC_045512.2	26195	C	32
NC_045512.2	26196	G	36
NC_045512.2	26197	A	35
NC_045512.2	26198	C	34
NC_045512.2	26199	G	34
NC_045512.2	26200	A	59
NC_045512.2	26201	C	59
NC_045512.2	26202	T	60
NC_045512.2	26203	A	61
NC_045512.2	26204	C	61
NC_045512.2	26205	T	60
NC_045512.2	26206	A	60
NC_045512.2	26207	G	55
NC_045512.2	26208	C	55
NC_045512.2	26209	G	57
NC_045512.2	26210	T	54
NC_045512.2	26211	G	54
NC_045512.2	26212	C	50
NC_045512.2	26213	C	54
NC_045512.2	26214	T	53
NC_045512.2	26215	T	53
NC_045512.2	26216	T	51
NC_045512.2	26217	G	52
NC_045512.2	26218	T	52
NC_045512.2	26219	A	51
NC_045512.2	26220	A	45
NC_045512.2	26221	G	42
NC_045512.2	26222	C	42
NC_045512.2	26223	A	41
NC_045512.2	26224	C	38
NC_045512.2	26225	A	36
NC_045512.2	26226	A	36
NC_045512.2	26227	G	36
NC_045512.2	26228	C	36
NC_045512.2	26229	T	33
NC_045512.2	26230	G	4
NC_045512.2	26231	A	3
NC_045512.2	26232	T	3
NC_045512.2	26233	G	0
NC_045512.2	26234	A	0
NC_045512.2	26235	G	0
NC_045512.2	26236	T	0
NC_045512.2	26237	A	0
NC_045512.2	26238	C	0
NC_045512.2	26239	G	0
NC_045512.2	26240	A	0
NC_045512.2	26241	A	0
NC_045512.2	26242	C	0
NC_045512.2	26243	T	0
NC_045512.2	26244	T	0
NC_045512.2	26245	A	0
NC_045512.2	26246	T	0
NC_045512.2	26247	G	0
NC_045512.2	26248	T	0
NC_045512.2	26249	A	0
NC_045512.2	26250	C	0
NC_045512.2	26251	T	0
NC_045512.2	26252	C	0
NC_045512.2	26253	A	0
NC_045512.2	26254	T	0
NC_045512.2	26255	T	0
NC_045512.2	26256	C	0
NC_045512.2	26257	G	0
NC_045512.2	26258	T	0
NC_045512.2	26259	T	0
NC_045512.2	26260	T	0
NC_045512.2	26261	C	0
NC_045512.2	26262	G	0
NC_045512.2	26263	G	0
NC_045512.2	26264	A	0
NC_045512.2	26265	A	0
NC_045512.2	26266	G	0
NC_045512.2	26267	A	0
NC_045512.2	26268	G	0
NC_045512.2	26269	A	0
NC_045512.2	26270	C	0
NC_045512.2	26271	A	0
NC_045512.2	26272	G	0
NC_045512.2	26273	G	0
NC_045512.2	26274	T	0
NC_045512.2	26275	A	0
NC_045512.2	26276	C	0
NC_045512.2	26277	G	0
NC_045512.2	26278	T	0
NC_045512.2	26279	T	0
NC_045512.2	26280	A	0
NC_045512.2	26281	A	0
NC_045512.2	26282	T	0
NC_045512.2	26283	A	0
NC_045512.2	26284	G	0
NC_045512.2	26285	T	0
NC_045512.2	26286	T	0
NC_045512.2	26287	A	0
NC_045512.2	26288	A	0
NC_045512.2	26289	T	0
NC_045512.2	26290	A	0
NC_045512.2	26291	G	0
NC_045512.2	26292	C	0
NC_045512.2	26293	G	0
NC_045512.2	26294	T	0
NC_045512.2	26295	A	0
NC_045512.2	26296	C	0
NC_045512.2	26297	T	0
NC_045512.2	26298	T	0
NC_045512.2	26299	C	0
NC_045512.2	26300	T	0
NC_045512.2	26301	T	0
NC_045512.2	26302	T	0
NC_045512.2	26303	T	0
NC_045512.2	26304	T	0
NC_045512.2	26305	C	0
NC_045512.2	26306	T	0
NC_045512.2	26307	T	0
NC_045512.2	26308	G	0
NC_045512.2	26309	C	0
NC_045512.2	26310	T	0
NC_045512.2	26311	T	0
NC_045512.2	26312	T	0
NC_045512.2	26313	C	0
NC_045512.2	26314	G	0
NC_045512.2	26315	T	0
NC_045512.2	26316	G	0
NC_045512.2	26317	G	0
NC_045512.2	26318	T	0
NC_045512.2	26319	A	0
NC_045512.2	26320	T	0
NC_045512.2	26321	T	0
NC_045512.2	26322	C	0
NC_045512.2	26323	T	0
NC_045512.2	26324	T	0
NC_045512.2	26325	G	0
NC_045512.2	26326	C	0
NC_045512.2	26327	T	0
NC_045512.2	26328	A	0
NC_045512.2	26329	G	0
NC_045512.2	26330	T	0
NC_045512.2	26331	T	0
NC_045512.2	26332	A	0
NC_045512.2	26333	C	0
NC_045512.2	26334	A	0
NC_045512.2	26335	C	0
NC_045512.2	26336	T	0
NC_045512.2	26337	A	0
NC_045512.2	26338	G	0
NC_045512.2	26339	C	0
NC_045512.2	26340	C	0
NC_045512.2	26341	A	0
NC_045512.2	26342	T	0
NC_045512.2	26343	C	0
NC_045512.2	26344	C	0
NC_045512.2	26345	T	0
NC_045512.2	26346	T	0
NC_045512.2	26347	A	0
NC_045512.2	26348	C	0
NC_045512.2	26349	T	0
NC_045512.2	26350	G	0
NC_045512.2	26351	C	0
NC_045512.2	26352	G	0
NC_045512.2	26353	C	0
NC_045512.2	26354	T	0
NC_045512.2	26355	T	0
NC_045512.2	26356	C	0
NC_045512.2	26357	G	0
NC_045512.2	26358	A	0
NC_045512.2	26359	T	0
NC_045512.2	26360	T	0
NC_045512.2	26361	G	0
NC_045512.2	26362	T	0
NC_045512.2	26363	G	0
NC_045512.2	26364	T	0
NC_045512.2	26365	G	0
NC_045512.2	26366	C	0
NC_045512.2	26367	G	0
NC_045512.2	26368	T	0
NC_045512.2	26369	A	0
NC_045512.2	26370	C	0
NC_045512.2	26371	T	1
NC_045512.2	26372	G	1
NC_045512.2	26373	C	3
NC_045512.2	26374	T	3
NC_045512.2	26375	G	3
NC_045512.2	26376	C	3
NC_045512.2	26377	A	3
NC_045512.2	26378	A	3
NC_045512.2	26379	T	4
NC_045512.2	26380	A	4
NC_045512.2	26381	T	4
NC_045512.2	26382	T	4
NC_045512.2	26383	G	4
NC_045512.2	26384	T	4
NC_045512.2	26385	T	4
NC_045512.2	26386	A	4
NC_045512.2	26387	A	4
NC_045512.2	26388	C	3
NC_045512.2	26389	G	5
NC_045512.2	26390	T	5
NC_045512.2	26391	G	4
NC_045512.2	26392	A	4
NC_045512.2	26393	G	5
NC_045512.2	26394	T	5
NC_045512.2	26395	C	6
NC_045512.2	26396	T	6
NC_045512.2	26397	T	7
NC_045512.2	26398	G	7
NC_045512.2	26399	T	7
NC_045512.2	26400	A	7
NC_045512.2	26401	A	7
NC_045512.2	26402	A	7
NC_045512.2	26403	A	6
NC_045512.2	26404	C	7
NC_045512.2	26405	C	7
NC_045512.2	26406	T	7
NC_045512.2	26407	T	6
NC_045512.2	26408	C	6
NC_045512.2	26409	T	5
NC_045512.2	26410	T	6
NC_045512.2	26411	T	5
NC_045512.2	26412	T	6
NC_045512.2	26413	T	6
NC_045512.2	26414	A	6
NC_045512.2	26415	C	6
NC_045512.2	26416	G	6
NC_045512.2	26417	T	5
NC_045512.2	26418	T	5
NC_045512.2	26419	T	6
NC_045512.2	26420	A	6
NC_045512.2	26421	C	6
NC_045512.2	26422	T	6
NC_045512.2	26423	C	6
NC_045512.2	26424	T	5
NC_045512.2	26425	C	5
NC_045512.2	26426	G	5
NC_045512.2	26427	T	4
NC_045512.2	26428	G	2
NC_045512.2	26429	T	2
NC_045512.2	26430	T	2
NC_045512.2	26431	A	2
NC_045512.2	26432	A	2
NC_045512.2	26433	A	2
NC_045512.2	26434	A	1
NC_045512.2	26435	A	1
NC_045512.2	26436	T	1
NC_045512.2	26437	C	1
NC_045512.2	26438	T	1
NC_045512.2	26439	G	1
NC_045512.2	26440	A	2
NC_045512.2	26441	A	2
NC_045512.2	26442	T	3
NC_045512.2	26443	T	3
NC_045512.2	26444	C	3
NC_045512.2	26445	T	4
NC_045512.2	26446	T	4
NC_045512.2	26447	C	5
NC_045512.2	26448	T	5
NC_045512.2	26449	A	5
NC_045512.2	26450	G	5
NC_045512.2	26451	A	5
NC_045512.2	26452	G	5
NC_045512.2	26453	T	5
NC_045512.2	26454	T	5
NC_045512.2	26455	C	7
NC_045512.2	26456	C	7
NC_045512.2	26457	T	7
NC_045512.2	26458	G	7
NC_045512.2	26459	A	7
NC_045512.2	26460	T	6
NC_045512.2	26461	C	6
NC_045512.2	26462	T	8
NC_045512.2	26463	T	8
NC_045512.2	26464	C	9
NC_045512.2	26465	T	9
NC_045512.2	26466	G	8
NC_045512.2	26467	G	8
NC_045512.2	26468	T	9
NC_045512.2	26469	C	9
NC_045512.2	26470	T	9
NC_045512.2	26471	A	9
NC_045512.2	26472	A	8
NC_045512.2	26473	A	8
NC_045512.2	26474	C	7
NC_045512.2	26475	G	7
NC_045512.2	26476	A	6
NC_045512.2	26477	A	5
NC_045512.2	26478	C	5
NC_045512.2	26479	T	5
NC_045512.2	26480	A	5
NC_045512.2	26481	A	5
NC_045512.2	26482	A	5
NC_045512.2	26483	T	5
NC_045512.2	26484	A	5
NC_045512.2	26485	T	4
NC_045512.2	26486	T	5
NC_045512.2	26487	A	5
NC_045512.2	26488	T	5
NC_045512.2	26489	A	5
NC_045512.2	26490	T	5
NC_045512.2	26491	T	5
NC_045512.2	26492	A	4
NC_045512.2	26493	G	4
NC_045512.2	26494	T	4
NC_045512.2	26495	T	3
NC_045512.2	26496	T	3
NC_045512.2	26497	T	4
NC_045512.2	26498	T	3
NC_045512.2	26499	C	3
NC_045512.2	26500	T	3
NC_045512.2	26501	G	3
NC_045512.2	26502	T	3
NC_045512.2	26503	T	1
NC_045512.2	26504	T	1
NC_045512.2	26505	G	1
NC_045512.2	26506	G	1
NC_045512.2	26507	A	1
NC_045512.2	26508	A	1
NC_045512.2	26509	C	1
NC_045512.2	26510	T	1
NC_045512.2	26511	T	1
NC_045512.2	26512	T	1
NC_045512.2	26513	A	1
NC_045512.2	26514	A	1
NC_045512.2	26515	T	1
NC_045512.2	26516	T	0
NC_045512.2	26517	T	0
NC_045512.2	26518	T	0
NC_045512.2	26519	A	0
NC_045512.2	26520	G	0
NC_045512.2	26521	C	0
NC_045512.2	26522	C	0
NC_045512.2	26523	A	0
NC_045512.2	26524	T	0
NC_045512.2	26525	G	0
NC_045512.2	26526	G	0
NC_045512.2	26527	C	0
NC_045512.2	26528	A	0
NC_045512.2	26529	G	0
NC_045512.2	26530	A	0
NC_045512.2	26531	T	0
NC_045512.2	26532	T	0
NC_045512.2	26533	C	0
NC_045512.2	26534	C	0
NC_045512.2	26535	A	0
NC_045512.2	26536	A	0
NC_045512.2	26537	C	0
NC_045512.2	26538	G	0
NC_045512.2	26539	G	0
NC_045512.2	26540	T	0
NC_045512.2	26541	A	0
NC_045512.2	26542	C	0
NC_045512.2	26543	T	0
NC_045512.2	26544	A	0
NC_045512.2	26545	T	0
NC_045512.2	26546	T	0
NC_045512.2	26547	A	0
NC_045512.2	26548	C	0
NC_045512.2	26549	C	0
NC_045512.2	26550	G	0
NC_045512.2	26551	T	0
NC_045512.2	26552	T	0
NC_045512.2	26553	G	0
NC_045512.2	26554	A	0
NC_045512.2	26555	A	0
NC_045512.2	26556	G	0
NC_045512.2	26557	A	0
NC_045512.2	26558	G	0
NC_045512.2	26559	C	0
NC_045512.2	26560	T	0
NC_045512.2	26561	T	0
NC_045512.2	26562	A	0
NC_045512.2	26563	A	0
NC_045512.2	26564	A	0
NC_045512.2	26565	A	0
NC_045512.2	26566	A	0
NC_045512.2	26567	G	0
NC_045512.2	26568	C	0
NC_045512.2	26569	T	0
NC_045512.2	26570	C	0
NC_045512.2	26571	C	0
NC_045512.2	26572	T	0
NC_045512.2	26573	T	0
NC_045512.2	26574	G	0
NC_045512.2	26575	A	0
NC_045512.2	26576	A	0
NC_045512.2	26577	C	0
NC_045512.2	26578	A	0
NC_045512.2	26579	A	0
NC_045512.2	26580	T	0
NC_045512.2	26581	G	0
NC_045512.2	26582	G	0
NC_045512.2	26583	A	0
NC_045512.2	26584	A	0
NC_045512.2	26585	C	0
NC_045512.2	26586	C	0
NC_045512.2	26587	T	0
NC_045512.2	26588	A	0
NC_045512.2	26589	G	0
NC_045512.2	26590	T	0
NC_045512.2	26591	A	0
NC_045512.2	26592	A	0
NC_045512.2	26593	T	0
NC_045512.2	26594	A	0
NC_045512.2	26595	G	0
NC_045512.2	26596	G	0
NC_045512.2	26597	T	0
NC_045512.2	26598	T	0
NC_045512.2	26599	T	0
NC_045512.2	26600	C	0
NC_045512.2	26601	C	0
NC_045512.2	26602	T	0
NC_045512.2	26603	A	0
NC_045512.2	26604	T	0
NC_045512.2	26605	T	0
NC_045512.2	26606	C	0
NC_045512.2	26607	C	0
NC_045512.2	26608	T	0
NC_045512.2	26609	T	0
NC_045512.2	26610	A	0
NC_045512.2	26611	C	0
NC_045512.2	26612	A	0
NC_045512.2	26613	T	0
NC_045512.2	26614	G	0
NC_045512.2	26615	G	0
NC_045512.2	26616	A	0
NC_045512.2	26617	T	0
NC_045512.2	26618	T	0
NC_045512.2	26619	T	0
NC_045512.2	26620	G	0
NC_045512.2	26621	T	0
NC_045512.2	26622	C	0
NC_045512.2	26623	T	0
NC_045512.2	26624	T	0
NC_045512.2	26625	C	0
NC_045512.2	26626	T	0
NC_045512.2	26627	A	0
NC_045512.2	26628	C	0
NC_045512.2	26629	A	0
NC_045512.2	26630	A	0
NC_045512.2	26631	T	0
NC_045512.2	26632	T	0
NC_045512.2	26633	T	0
NC_045512.2	26634	G	0
NC_045512.2	26635	C	0
NC_045512.2	26636	C	0
NC_045512.2	26637	T	0
NC_045512.2	26638	A	0
NC_045512.2	26639	T	0
NC_045512.2	26640	G	0
NC_045512.2	26641	C	0
NC_045512.2	26642	C	0
NC_045512.2	26643	A	0
NC_045512.2	26644	A	0
NC_045512.2	26645	C	0
NC_045512.2	26646	A	0
NC_045512.2	26647	G	0
NC_045512.2	26648	G	0
NC_045512.2	26649	A	0
NC_045512.2	26650	A	0
NC_045512.2	26651	T	0
NC_045512.2	26652	A	0
NC_045512.2	26653	G	0
NC_045512.2	26654	G	0
NC_045512.2	26655	T	0
NC_045512.2	26656	T	0
NC_045512.2	26657	T	0
NC_045512.2	26658	T	0
NC_045512.2	26659	T	0
NC_045512.2	26660	G	0
NC_045512.2	26661	T	0
NC_045512.2	26662	A	0
NC_045512.2	26663	T	0
NC_045512.2	26664	A	0
NC_045512.2	26665	T	0
NC_045512.2	26666	A	0
NC_045512.2	26667	A	0
NC_045512.2	26668	T	0
NC_045512.2	26669	T	0
NC_045512.2	26670	A	0
NC_045512.2	26671	A	0
NC_045512.2	26672	G	0
NC_045512.2	26673	T	0
NC_045512.2	26674	T	0
NC_045512.2	26675	A	0
NC_045512.2	26676	A	0
NC_045512.2	26677	T	0
NC_045512.2	26678	T	0
NC_045512.2	26679	T	0
NC_045512.2	26680	T	0
NC_045512.2	26681	C	0
NC_045512.2	26682	C	0
NC_045512.2	26683	T	0
NC_045512.2	26684	C	0
NC_045512.2	26685	T	0
NC_045512.2	26686	G	0
NC_045512.2	26687	G	0
NC_045512.2	26688	C	0
NC_045512.2	26689	T	0
NC_045512.2	26690	G	0
NC_045512.2	26691	T	0
NC_045512.2	26692	T	0
NC_045512.2	26693	A	0
NC_045512.2	26694	T	0
NC_045512.2	26695	G	0
NC_045512.2	26696	G	0
NC_045512.2	26697	C	0
NC_045512.2	26698	C	0
NC_045512.2	26699	A	0
NC_045512.2	26700	G	0
NC_045512.2	26701	T	0
NC_045512.2	26702	A	0
NC_045512.2	26703	A	0
NC_045512.2	26704	C	0
NC_045512.2	26705	T	0
NC_045512.2	26706	T	0
NC_045512.2	26707	T	0
NC_045512.2	26708	A	0
NC_045512.2	26709	G	0
NC_045512.2	26710	C	0
NC_045512.2	26711	T	0
NC_045512.2	26712	T	0
NC_045512.2	26713	G	0
NC_045512.2	26714	T	0
NC_045512.2	26715	T	0
NC_045512.2	26716	T	0
NC_045512.2	26717	T	0
NC_045512.2	26718	G	0
NC_045512.2	26719	T	2
NC_045512.2	26720	G	2
NC_045512.2	26721	C	2
NC_045512.2	26722	T	4
NC_045512.2	26723	T	4
NC_045512.2	26724	G	6
NC_045512.2	26725	C	7
NC_045512.2	26726	T	9
NC_045512.2	26727	G	12
NC_045512.2	26728	C	12
NC_045512.2	26729	T	13
NC_045512.2	26730	G	13
NC_045512.2	26731	T	15
NC_045512.2	26732	T	15
NC_045512.2	26733	T	15
NC_045512.2	26734	A	15
NC_045512.2	26735	C	17
NC_045512.2	26736	A	19
NC_045512.2	26737	G	19
NC_045512.2	26738	A	19
NC_045512.2	26739	A	19
NC_045512.2	26740	T	19
NC_045512.2	26741	A	23
NC_045512.2	26742	A	23
NC_045512.2	26743	A	23
NC_045512.2	26744	T	23
NC_045512.2	26745	T	23
NC_045512.2	26746	G	23
NC_045512.2	26747	G	23
NC_045512.2	26748	A	24
NC_045512.2	26749	T	25
NC_045512.2	26750	C	25
NC_045512.2	26751	A	25
NC_045512.2	26752	C	24
NC_045512.2	26753	C	24
NC_045512.2	26754	G	24
NC_045512.2	26755	G	23
NC_045512.2	26756	T	23
NC_045512.2	26757	G	19
NC_045512.2	26758	G	20
NC_045512.2	26759	A	18
NC_045512.2	26760	A	18
NC_045512.2	26761	T	17
NC_045512.2	26762	T	21
NC_045512.2	26763	G	19
NC_045512.2	26764	C	20
NC_045512.2	26765	T	16
NC_045512.2	26766	A	15
NC_045512.2	26767	T	16
NC_045512.2	26768	C	15
NC_045512.2	26769	G	18
NC_045512.2	26770	C	16
NC_045512.2	26771	A	14
NC_045512.2	26772	A	12
NC_045512.2	26773	T	14
NC_045512.2	26774	G	14
NC_045512.2	26775	G	14
NC_045512.2	26776	C	14
NC_045512.2	26777	T	14
NC_045512.2	26778	T	16
NC_045512.2	26779	G	15
NC_045512.2	26780	T	14
NC_045512.2	26781	C	16
NC_045512.2	26782	T	16
NC_045512.2	26783	T	16
NC_045512.2	26784	G	16
NC_045512.2	26785	T	14
NC_045512.2	26786	A	16
NC_045512.2	26787	G	13
NC_045512.2	26788	G	13
NC_045512.2	26789	C	12
NC_045512.2	26790	T	13
NC_045512.2	26791	T	14
NC_045512.2	26792	G	8
NC_045512.2	26793	A	9
NC_045512.2	26794	T	10
NC_045512.2	26795	G	8
NC_045512.2	26796	T	8
NC_045512.2	26797	G	10
NC_045512.2	26798	G	11
NC_045512.2	26799	C	8
NC_045512.2	26800	T	9
NC_045512.2	26801	C	9
NC_045512.2	26802	A	11
NC_045512.2	26803	G	12
NC_045512.2	26804	C	9
NC_045512.2	26805	T	10
NC_045512.2	26806	A	11
NC_045512.2	26807	C	13
NC_045512.2	26808	T	13
NC_045512.2	26809	T	13
NC_045512.2	26810	C	13
NC_045512.2	26811	A	13
NC_045512.2	26812	T	16
NC_045512.2	26813	T	16
NC_045512.2	26814	G	17
NC_045512.2	26815	C	17
NC_045512.2	26816	T	18
NC_045512.2	26817	T	19
NC_045512.2	26818	C	19
NC_045512.2	26819	T	19
NC_045512.2	26820	T	20
NC_045512.2	26821	T	20
NC_045512.2	26822	C	21
NC_045512.2	26823	A	20
NC_045512.2	26824	G	23
NC_045512.2	26825	A	23
NC_045512.2	26826	C	23
NC_045512.2	26827	T	24
NC_045512.2	26828	G	24
NC_045512.2	26829	T	23
NC_045512.2	26830	T	24
NC_045512.2	26831	T	24
NC_045512.2	26832	G	20
NC_045512.2	26833	C	20
NC_045512.2	26834	G	20
NC_045512.2	26835	C	18
NC_045512.2	26836	G	18
NC_045512.2	26837	T	16
NC_045512.2	26838	A	16
NC_045512.2	26839	C	15
NC_045512.2	26840	G	12
NC_045512.2	26841	C	13
NC_045512.2	26842	G	10
NC_045512.2	26843	T	11
NC_045512.2	26844	T	8
NC_045512.2	26845	C	9
NC_045512.2	26846	C	9
NC_045512.2	26847	A	8
NC_045512.2	26848	T	8
NC_045512.2	26849	G	8
NC_045512.2	26850	T	7
NC_045512.2	26851	G	7
NC_045512.2	26852	G	4
NC_045512.2	26853	T	5
NC_045512.2	26854	C	1
NC_045512.2	26855	A	1
NC_045512.2	26856	T	1
NC_045512.2	26857	T	0
NC_045512.2	26858	C	0
NC_045512.2	26859	A	0
NC_045512.2	26860	A	0
NC_045512.2	26861	T	0
NC_045512.2	26862	C	0
NC_045512.2	26863	C	0
NC_045512.2	26864	A	0
NC_045512.2	26865	G	0
NC_045512.2	26866	A	0
NC_045512.2	26867	A	0
NC_045512.2	26868	A	0
NC_045512.2	26869	C	0
NC_045512.2	26870	T	0
NC_045512.2	26871	A	0
NC_045512.2	26872	A	0
NC_045512.2	26873	C	0
NC_045512.2	26874	A	0
NC_045512.2	26875	T	0
NC_045512.2	26876	T	0
NC_045512.2	26877	C	0
NC_045512.2	26878	T	0
NC_045512.2	26879	T	0
NC_045512.2	26880	C	0
NC_045512.2	26881	T	0
NC_045512.2	26882	C	0
NC_045512.2	26883	A	0
NC_045512.2	26884	A	0
NC_045512.2	26885	C	0
NC_045512.2	26886	G	0
NC_045512.2	26887	T	0
NC_045512.2	26888	G	0
NC_045512.2	26889	C	0
NC_045512.2	26890	C	0
NC_045512.2	26891	A	0
NC_045512.2	26892	C	0
NC_045512.2	26893	T	0
NC_045512.2	26894	C	0
NC_045512.2	26895	C	0
NC_045512.2	26896	A	0
NC_045512.2	26897	T	0
NC_045512.2	26898	G	0
NC_045512.2	26899	G	0
NC_045512.2	26900	C	0
NC_045512.2	26901	A	0
NC_045512.2	26902	C	0
NC_045512.2	26903	T	0
NC_045512.2	26904	A	0
NC_045512.2	26905	T	0
NC_045512.2	26906	T	0
NC_045512.2	26907	C	0
NC_045512.2	26908	T	0
NC_045512.2	26909	G	0
NC_045512.2	26910	A	0
NC_045512.2	26911	C	0
NC_045512.2	26912	C	0
NC_045512.2	26913	A	0
NC_045512.2	26914	G	0
NC_045512.2	26915	A	0
NC_045512.2	26916	C	0
NC_045512.2	26917	C	0
NC_045512.2	26918	G	0
NC_045512.2	26919	C	0
NC_045512.2	26920	T	0
NC_045512.2	26921	T	0
NC_045512.2	26922	C	0
NC_045512.2	26923	T	0
NC_045512.2	26924	A	0
NC_045512.2	26925	G	0
NC_045512.2	26926	A	0
NC_045512.2	26927	A	0
NC_045512.2	26928	A	0
NC_045512.2	26929	G	0
NC_045512.2	26930	T	0
NC_045512.2	26931	G	0
NC_045512.2	26932	A	0
NC_045512.2	26933	A	0
NC_045512.2	26934	C	0
NC_045512.2	26935	T	0
NC_045512.2	26936	C	0
NC_045512.2	26937	G	0
NC_045512.2	26938	T	0
NC_045512.2	26939	A	0
NC_045512.2	26940	A	0
NC_045512.2	26941	T	0
NC_045512.2	26942	C	0
NC_045512.2	26943	G	0
NC_045512.2	26944	G	0
NC_045512.2	26945	A	0
NC_045512.2	26946	G	0
NC_045512.2	26947	C	0
NC_045512.2	26948	T	0
NC_045512.2	26949	G	0
NC_045512.2	26950	T	0
NC_045512.2	26951	G	0
NC_045512.2	26952	A	0
NC_045512.2	26953	T	0
NC_045512.2	26954	C	0
NC_045512.2	26955	C	0
NC_045512.2	26956	T	0
NC_045512.2	26957	T	0
NC_045512.2	26958	C	0
NC_045512.2	26959	G	0
NC_045512.2	26960	T	0
NC_045512.2	26961	G	0
NC_045512.2	26962	G	0
NC_045512.2	26963	A	0
NC_045512.2	26964	C	0
NC_045512.2	26965	A	0
NC_045512.2	26966	T	0
NC_045512.2	26967	C	0
NC_045512.2	26968	T	0
NC_045512.2	26969	T	0
NC_045512.2	26970	C	0
NC_045512.2	26971	G	0
NC_045512.2	26972	T	0
NC_045512.2	26973	A	0
NC_045512.2	26974	T	0
NC_045512.2	26975	T	0
NC_045512.2	26976	G	0
NC_045512.2	26977	C	0
NC_045512.2	26978	T	0
NC_045512.2	26979	G	0
NC_045512.2	26980	G	0
NC_045512.2	26981	A	0
NC_045512.2	26982	C	0
NC_045512.2	26983	A	0
NC_045512.2	26984	C	0
NC_045512.2	26985	C	0
NC_045512.2	26986	A	0
NC_045512.2	26987	T	0
NC_045512.2	26988	C	0
NC_045512.2	26989	T	0
NC_045512.2	26990	A	0
NC_045512.2	26991	G	0
NC_045512.2	26992	G	0
NC_045512.2	26993	A	0
NC_045512.2	26994	C	0
NC_045512.2	26995	G	0
NC_045512.2	26996	C	0
NC_045512.2	26997	T	0
NC_045512.2	26998	G	0
NC_045512.2	26999	T	0
NC_045512.2	27000	G	0
NC_045512.2	27001	A	0
NC_045512.2	27002	C	0
NC_045512.2	27003	A	0
NC_045512.2	27004	T	0
NC_045512.2	27005	C	0
NC_045512.2	27006	A	0
NC_045512.2	27007	A	0
NC_045512.2	27008	G	0
NC_045512.2	27009	G	0
NC_045512.2	27010	A	0
NC_045512.2	27011	C	0
NC_045512.2	27012	C	0
NC_045512.2	27013	T	0
NC_045512.2	27014	G	0
NC_045512.2	27015	C	0
NC_045512.2	27016	C	0
NC_045512.2	27017	T	0
NC_045512.2	27018	A	0
NC_045512.2	27019	A	0
NC_045512.2	27020	A	1
NC_045512.2	27021	G	1
NC_045512.2	27022	A	1
NC_045512.2	27023	A	2
NC_045512.2	27024	A	2
NC_045512.2	27025	T	2
NC_045512.2	27026	C	2
NC_045512.2	27027	A	2
NC_045512.2	27028	C	2
NC_045512.2	27029	T	2
NC_045512.2	27030	G	2
NC_045512.2	27031	T	2
NC_045512.2	27032	T	2
NC_045512.2	27033	G	2
NC_045512.2	27034	C	2
NC_045512.2	27035	T	2
NC_045512.2	27036	A	2
NC_045512.2	27037	C	2
NC_045512.2	27038	A	2
NC_045512.2	27039	T	2
NC_045512.2	27040	C	2
NC_045512.2	27041	A	2
NC_045512.2	27042	C	2
NC_045512.2	27043	G	2
NC_045512.2	27044	A	2
NC_045512.2	27045	A	2
NC_045512.2	27046	C	2
NC_045512.2	27047	G	2
NC_045512.2	27048	C	2
NC_045512.2	27049	T	2
NC_045512.2	27050	T	2
NC_045512.2	27051	T	2
NC_045512.2	27052	C	2
NC_045512.2	27053	T	1
NC_045512.2	27054	T	1
NC_045512.2	27055	A	1
NC_045512.2	27056	T	1
NC_045512.2	27057	T	1
NC_045512.2	27058	A	1
NC_045512.2	27059	C	1
NC_045512.2	27060	A	1
NC_045512.2	27061	A	1
NC_045512.2	27062	A	1
NC_045512.2	27063	T	1
NC_045512.2	27064	T	1
NC_045512.2	27065	G	1
NC_045512.2	27066	G	1
NC_045512.2	27067	G	1
NC_045512.2	27068	A	1
NC_045512.2	27069	G	1
NC_045512.2	27070	C	1
NC_045512.2	27071	T	1
NC_045512.2	27072	T	0
NC_045512.2	27073	C	0
NC_045512.2	27074	G	0
NC_045512.2	27075	C	0
NC_045512.2	27076	A	0
NC_045512.2	27077	G	0
NC_045512.2	27078	C	0
NC_045512.2	27079	G	0
NC_045512.2	27080	T	0
NC_045512.2	27081	G	0
NC_045512.2	27082	T	0
NC_045512.2	27083	A	0
NC_045512.2	27084	G	0
NC_045512.2	27085	C	0
NC_045512.2	27086	A	0
NC_045512.2	27087	G	0
NC_045512.2	27088	G	1
NC_045512.2	27089	T	1
NC_045512.2	27090	G	0
NC_045512.2	27091	A	1
NC_045512.2	27092	C	1
NC_045512.2	27093	T	1
NC_045512.2	27094	C	1
NC_045512.2	27095	A	0
NC_045512.2	27096	G	1
NC_045512.2	27097	G	1
NC_045512.2	27098	T	0
NC_045512.2	27099	T	0
NC_045512.2	27100	T	1
NC_045512.2	27101	T	0
NC_045512.2	27102	G	1
NC_045512.2	27103	C	0
NC_045512.2	27104	T	1
NC_045512.2	27105	G	1
NC_045512.2	27106	C	1
NC_045512.2	27107	A	0
NC_045512.2	27108	T	1
NC_045512.2	27109	A	1
NC_045512.2	27110	C	1
NC_045512.2	27111	A	1
NC_045512.2	27112	G	0
NC_045512.2	27113	T	1
NC_045512.2	27114	C	1
NC_045512.2	27115	G	1
NC_045512.2	27116	C	0
NC_045512.2	27117	T	0
NC_045512.2	27118	A	0
NC_045512.2	27119	C	0
NC_045512.2	27120	A	0
NC_045512.2	27121	G	0
NC_045512.2	27122	G	0
NC_045512.2	27123	A	0
NC_045512.2	27124	T	0
NC_045512.2	27125	T	0
NC_045512.2	27126	G	0
NC_045512.2	27127	G	0
NC_045512.2	27128	C	0
NC_045512.2	27129	A	0
NC_045512.2	27130	A	0
NC_045512.2	27131	C	0
NC_045512.2	27132	T	0
NC_045512.2	27133	A	0
NC_045512.2	27134	T	0
NC_045512.2	27135	A	0
NC_045512.2	27136	A	0
NC_045512.2	27137	A	0
NC_045512.2	27138	T	0
NC_045512.2	27139	T	0
NC_045512.2	27140	A	0
NC_045512.2	27141	A	0
NC_045512.2	27142	A	0
NC_045512.2	27143	C	0
NC_045512.2	27144	A	0
NC_045512.2	27145	C	0
NC_045512.2	27146	A	0
NC_045512.2	27147	G	0
NC_045512.2	27148	A	0
NC_045512.2	27149	C	0
NC_045512.2	27150	C	0
NC_045512.2	27151	A	0
NC_045512.2	27152	T	0
NC_045512.2	27153	T	0
NC_045512.2	27154	C	0
NC_045512.2	27155	C	0
NC_045512.2	27156	A	0
NC_045512.2	27157	G	0
NC_045512.2	27158	T	0
NC_045512.2	27159	A	0
NC_045512.2	27160	G	0
NC_045512.2	27161	C	0
NC_045512.2	27162	A	0
NC_045512.2	27163	G	0
NC_045512.2	27164	T	0
NC_045512.2	27165	G	0
NC_045512.2	27166	A	0
NC_045512.2	27167	C	0
NC_045512.2	27168	A	0
NC_045512.2	27169	A	0
NC_045512.2	27170	T	0
NC_045512.2	27171	A	0
NC_045512.2	27172	T	0
NC_045512.2	27173	T	0
NC_045512.2	27174	G	0
NC_045512.2	27175	C	0
NC_045512.2	27176	T	0
NC_045512.2	27177	T	0
NC_045512.2	27178	T	0
NC_045512.2	27179	G	0
NC_045512.2	27180	C	0
NC_045512.2	27181	T	0
NC_045512.2	27182	T	0
NC_045512.2	27183	G	0
NC_045512.2	27184	T	0
NC_045512.2	27185	A	0
NC_045512.2	27186	C	0
NC_045512.2	27187	A	0
NC_045512.2	27188	G	0
NC_045512.2	27189	T	0
NC_045512.2	27190	A	0
NC_045512.2	27191	A	0
NC_045512.2	27192	G	0
NC_045512.2	27193	T	0
NC_045512.2	27194	G	0
NC_045512.2	27195	A	0
NC_045512.2	27196	C	0
NC_045512.2	27197	A	0
NC_045512.2	27198	A	0
NC_045512.2	27199	C	0
NC_045512.2	27200	A	0
NC_045512.2	27201	G	0
NC_045512.2	27202	A	0
NC_045512.2	27203	T	0
NC_045512.2	27204	G	0
NC_045512.2	27205	T	0
NC_045512.2	27206	T	0
NC_045512.2	27207	T	0
NC_045512.2	27208	C	0
NC_045512.2	27209	A	0
NC_045512.2	27210	T	0
NC_045512.2	27211	C	0
NC_045512.2	27212	T	0
NC_045512.2	27213	C	0
NC_045512.2	27214	G	0
NC_045512.2	27215	T	0
NC_045512.2	27216	T	0
NC_045512.2	27217	G	0
NC_045512.2	27218	A	0
NC_045512.2	27219	C	0
NC_045512.2	27220	T	0
NC_045512.2	27221	T	0
NC_045512.2	27222	T	0
NC_045512.2	27223	C	0
NC_045512.2	27224	A	0
NC_045512.2	27225	G	0
NC_045512.2	27226	G	0
NC_045512.2	27227	T	0
NC_045512.2	27228	T	0
NC_045512.2	27229	A	0
NC_045512.2	27230	C	0
NC_045512.2	27231	T	0
NC_045512.2	27232	A	0
NC_045512.2	27233	T	0
NC_045512.2	27234	A	0
NC_045512.2	27235	G	0
NC_045512.2	27236	C	0
NC_045512.2	27237	A	0
NC_045512.2	27238	G	0
NC_045512.2	27239	A	0
NC_045512.2	27240	G	0
NC_045512.2	27241	A	0
NC_045512.2	27242	T	0
NC_045512.2	27243	A	0
NC_045512.2	27244	T	0
NC_045512.2	27245	T	0
NC_045512.2	27246	A	0
NC_045512.2	27247	C	0
NC_045512.2	27248	T	0
NC_045512.2	27249	A	0
NC_045512.2	27250	A	0
NC_045512.2	27251	T	0
NC_045512.2	27252	T	0
NC_045512.2	27253	A	0
NC_045512.2	27254	T	0
NC_045512.2	27255	T	0
NC_045512.2	27256	A	0
NC_045512.2	27257	T	0
NC_045512.2	27258	G	0
NC_045512.2	27259	A	0
NC_045512.2	27260	G	0
NC_045512.2	27261	G	0
NC_045512.2	27262	A	0
NC_045512.2	27263	C	0
NC_045512.2	27264	T	0
NC_045512.2	27265	T	1
NC_045512.2	27266	T	1
NC_045512.2	27267	T	1
NC_045512.2	27268	A	1
NC_045512.2	27269	A	1
NC_045512.2	27270	A	1
NC_045512.2	27271	G	1
NC_045512.2	27272	T	1
NC_045512.2	27273	T	1
NC_045512.2	27274	T	1
NC_045512.2	27275	C	1
NC_045512.2	27276	C	1
NC_045512.2	27277	A	1
NC_045512.2	27278	T	1
NC_045512.2	27279	T	1
NC_045512.2	27280	T	1
NC_045512.2	27281	G	4
NC_045512.2	27282	G	10
NC_045512.2	27283	A	10
NC_045512.2	27284	A	14
NC_045512.2	27285	T	17
NC_045512.2	27286	C	21
NC_045512.2	27287	T	25
NC_045512.2	27288	T	78
NC_045512.2	27289	G	76
NC_045512.2	27290	A	92
NC_045512.2	27291	T	95
NC_045512.2	27292	T	98
NC_045512.2	27293	A	99
NC_045512.2	27294	C	95
NC_045512.2	27295	A	101
NC_045512.2	27296	T	102
NC_045512.2	27297	C	100
NC_045512.2	27298	A	99
NC_045512.2	27299	T	114
NC_045512.2	27300	A	121
NC_045512.2	27301	A	129
NC_045512.2	27302	A	128
NC_045512.2	27303	C	127
NC_045512.2	27304	C	131
NC_045512.2	27305	T	138
NC_045512.2	27306	C	139
NC_045512.2	27307	A	137
NC_045512.2	27308	T	143
NC_045512.2	27309	A	154
NC_045512.2	27310	A	150
NC_045512.2	27311	T	155
NC_045512.2	27312	T	152
NC_045512.2	27313	A	149
NC_045512.2	27314	A	146
NC_045512.2	27315	A	141
NC_045512.2	27316	A	137
NC_045512.2	27317	A	144
NC_045512.2	27318	T	111
NC_045512.2	27319	T	116
NC_045512.2	27320	T	109
NC_045512.2	27321	A	108
NC_045512.2	27322	T	106
NC_045512.2	27323	C	107
NC_045512.2	27324	T	111
NC_045512.2	27325	A	106
NC_045512.2	27326	A	118
NC_045512.2	27327	G	115
NC_045512.2	27328	T	123
NC_045512.2	27329	C	111
NC_045512.2	27330	A	109
NC_045512.2	27331	C	108
NC_045512.2	27332	T	109
NC_045512.2	27333	A	110
NC_045512.2	27334	A	106
NC_045512.2	27335	C	103
NC_045512.2	27336	T	104
NC_045512.2	27337	G	103
NC_045512.2	27338	A	103
NC_045512.2	27339	G	85
NC_045512.2	27340	A	85
NC_045512.2	27341	A	81
NC_045512.2	27342	T	80
NC_045512.2	27343	A	79
NC_045512.2	27344	A	79
NC_045512.2	27345	A	79
NC_045512.2	27346	T	87
NC_045512.2	27347	A	75
NC_045512.2	27348	T	72
NC_045512.2	27349	T	63
NC_045512.2	27350	C	62
NC_045512.2	27351	T	84
NC_045512.2	27352	C	85
NC_045512.2	27353	A	82
NC_045512.2	27354	A	81
NC_045512.2	27355	T	83
NC_045512.2	27356	T	69
NC_045512.2	27357	A	71
NC_045512.2	27358	G	69
NC_045512.2	27359	A	71
NC_045512.2	27360	T	75
NC_045512.2	27361	G	71
NC_045512.2	27362	A	69
NC_045512.2	27363	A	72
NC_045512.2	27364	G	81
NC_045512.2	27365	A	82
NC_045512.2	27366	G	83
NC_045512.2	27367	C	83
NC_045512.2	27368	A	84
NC_045512.2	27369	A	91
NC_045512.2	27370	C	90
NC_045512.2	27371	C	89
NC_045512.2	27372	A	90
NC_045512.2	27373	A	91
NC_045512.2	27374	T	97
NC_045512.2	27375	G	93
NC_045512.2	27376	G	90
NC_045512.2	27377	A	93
NC_045512.2	27378	G	94
NC_045512.2	27379	A	95
NC_045512.2	27380	T	90
NC_045512.2	27381	T	82
NC_045512.2	27382	G	83
NC_045512.2	27383	A	80
NC_045512.2	27384	T	86
NC_045512.2	27385	T	88
NC_045512.2	27386	A	91
NC_045512.2	27387	A	90
NC_045512.2	27388	A	81
NC_045512.2	27389	C	80
NC_045512.2	27390	G	79
NC_045512.2	27391	A	75
NC_045512.2	27392	A	87
NC_045512.2	27393	C	86
NC_045512.2	27394	A	78
NC_045512.2	27395	T	77
NC_045512.2	27396	G	78
NC_045512.2	27397	A	75
NC_045512.2	27398	A	75
NC_045512.2	27399	A	60
NC_045512.2	27400	A	59
NC_045512.2	27401	T	62
NC_045512.2	27402	T	75
NC_045512.2	27403	A	75
NC_045512.2	27404	T	70
NC_045512.2	27405	T	69
NC_045512.2	27406	C	70
NC_045512.2	27407	T	59
NC_045512.2	27408	T	61
NC_045512.2	27409	T	60
NC_045512.2	27410	T	61
NC_045512.2	27411	C	59
NC_045512.2	27412	T	59
NC_045512.2	27413	T	58
NC_045512.2	27414	G	57
NC_045512.2	27415	G	55
NC_045512.2	27416	C	46
NC_045512.2	27417	A	48
NC_045512.2	27418	C	44
NC_045512.2	27419	T	47
NC_045512.2	27420	G	46
NC_045512.2	27421	A	44
NC_045512.2	27422	T	34
NC_045512.2	27423	A	33
NC_045512.2	27424	A	23
NC_045512.2	27425	C	23
NC_045512.2	27426	A	22
NC_045512.2	27427	C	23
NC_045512.2	27428	T	22
NC_045512.2	27429	C	18
NC_045512.2	27430	G	17
NC_045512.2	27431	C	19
NC_045512.2	27432	T	5
NC_045512.2	27433	A	4
NC_045512.2	27434	C	1
NC_045512.2	27435	T	1
NC_045512.2	27436	T	1
NC_045512.2	27437	G	1
NC_045512.2	27438	T	1
NC_045512.2	27439	G	1
NC_045512.2	27440	A	0
NC_045512.2	27441	G	1
NC_045512.2	27442	C	2
NC_045512.2	27443	T	2
NC_045512.2	27444	T	2
NC_045512.2	27445	T	2
NC_045512.2	27446	A	2
NC_045512.2	27447	T	2
NC_045512.2	27448	C	2
NC_045512.2	27449	A	2
NC_045512.2	27450	C	2
NC_045512.2	27451	T	2
NC_045512.2	27452	A	1
NC_045512.2	27453	C	2
NC_045512.2	27454	C	2
NC_045512.2	27455	A	1
NC_045512.2	27456	A	2
NC_045512.2	27457	G	2
NC_045512.2	27458	A	1
NC_045512.2	27459	G	2
NC_045512.2	27460	T	2
NC_045512.2	27461	G	1
NC_045512.2	27462	T	1
NC_045512.2	27463	G	1
NC_045512.2	27464	T	1
NC_045512.2	27465	T	1
NC_045512.2	27466	A	1
NC_045512.2	27467	G	1
NC_045512.2	27468	A	1
NC_045512.2	27469	G	1
NC_045512.2	27470	G	1
NC_045512.2	27471	T	1
NC_045512.2	27472	A	0
NC_045512.2	27473	C	0
NC_045512.2	27474	A	0
NC_045512.2	27475	A	0
NC_045512.2	27476	C	0
NC_045512.2	27477	A	0
NC_045512.2	27478	G	0
NC_045512.2	27479	T	0
NC_045512.2	27480	A	0
NC_045512.2	27481	C	0
NC_045512.2	27482	T	0
NC_045512.2	27483	T	0
NC_045512.2	27484	T	0
NC_045512.2	27485	T	1
NC_045512.2	27486	A	1
NC_045512.2	27487	A	1
NC_045512.2	27488	A	1
NC_045512.2	27489	A	1
NC_045512.2	27490	G	1
NC_045512.2	27491	A	1
NC_045512.2	27492	A	1
NC_045512.2	27493	C	1
NC_045512.2	27494	C	1
NC_045512.2	27495	T	1
NC_045512.2	27496	T	1
NC_045512.2	27497	G	1
NC_045512.2	27498	C	1
NC_045512.2	27499	T	1
NC_045512.2	27500	C	1
NC_045512.2	27501	T	1
NC_045512.2	27502	T	1
NC_045512.2	27503	C	1
NC_045512.2	27504	T	1
NC_045512.2	27505	G	1
NC_045512.2	27506	G	1
NC_045512.2	27507	A	1
NC_045512.2	27508	A	1
NC_045512.2	27509	C	1
NC_045512.2	27510	A	1
NC_045512.2	27511	T	1
NC_045512.2	27512	A	1
NC_045512.2	27513	C	1
NC_045512.2	27514	G	1
NC_045512.2	27515	A	0
NC_045512.2	27516	G	0
NC_045512.2	27517	G	0
NC_045512.2	27518	G	0
NC_045512.2	27519	C	0
NC_045512.2	27520	A	0
NC_045512.2	27521	A	0
NC_045512.2	27522	T	0
NC_045512.2	27523	T	0
NC_045512.2	27524	C	0
NC_045512.2	27525	A	0
NC_045512.2	27526	C	0
NC_045512.2	27527	C	0
NC_045512.2	27528	A	0
NC_045512.2	27529	T	0
NC_045512.2	27530	T	0
NC_045512.2	27531	T	0
NC_045512.2	27532	C	0
NC_045512.2	27533	A	0
NC_045512.2	27534	T	0
NC_045512.2	27535	C	0
NC_045512.2	27536	C	0
NC_045512.2	27537	T	0
NC_045512.2	27538	C	0
NC_045512.2	27539	T	0
NC_045512.2	27540	A	0
NC_045512.2	27541	G	0
NC_045512.2	27542	C	0
NC_045512.2	27543	T	0
NC_045512.2	27544	G	0
NC_045512.2	27545	A	0
NC_045512.2	27546	T	0
NC_045512.2	27547	A	0
NC_045512.2	27548	A	0
NC_045512.2	27549	C	0
NC_045512.2	27550	A	0
NC_045512.2	27551	A	0
NC_045512.2	27552	A	0
NC_045512.2	27553	T	0
NC_045512.2	27554	T	0
NC_045512.2	27555	T	0
NC_045512.2	27556	G	0
NC_045512.2	27557	C	0
NC_045512.2	27558	A	0
NC_045512.2	27559	C	0
NC_045512.2	27560	T	0
NC_045512.2	27561	G	1
NC_045512.2	27562	A	1
NC_045512.2	27563	C	1
NC_045512.2	27564	T	1
NC_045512.2	27565	T	1
NC_045512.2	27566	G	1
NC_045512.2	27567	C	2
NC_045512.2	27568	T	2
NC_045512.2	27569	T	2
NC_045512.2	27570	T	2
NC_045512.2	27571	A	2
NC_045512.2	27572	G	2
NC_045512.2	27573	C	3
NC_045512.2	27574	A	3
NC_045512.2	27575	C	3
NC_045512.2	27576	T	3
NC_045512.2	27577	C	3
NC_045512.2	27578	A	10
NC_045512.2	27579	A	10
NC_045512.2	27580	T	10
NC_045512.2	27581	T	10
NC_045512.2	27582	T	15
NC_045512.2	27583	G	14
NC_045512.2	27584	C	17
NC_045512.2	27585	T	17
NC_045512.2	27586	T	17
NC_045512.2	27587	T	16
NC_045512.2	27588	T	18
NC_045512.2	27589	G	20
NC_045512.2	27590	C	19
NC_045512.2	27591	T	19
NC_045512.2	27592	T	20
NC_045512.2	27593	G	20
NC_045512.2	27594	T	20
NC_045512.2	27595	C	21
NC_045512.2	27596	C	20
NC_045512.2	27597	T	20
NC_045512.2	27598	G	20
NC_045512.2	27599	A	19
NC_045512.2	27600	C	20
NC_045512.2	27601	G	20
NC_045512.2	27602	G	20
NC_045512.2	27603	C	18
NC_045512.2	27604	G	19
NC_045512.2	27605	T	19
NC_045512.2	27606	A	19
NC_045512.2	27607	A	18
NC_045512.2	27608	A	14
NC_045512.2	27609	A	14
NC_045512.2	27610	C	14
NC_045512.2	27611	A	15
NC_045512.2	27612	C	10
NC_045512.2	27613	G	10
NC_045512.2	27614	T	8
NC_045512.2	27615	C	7
NC_045512.2	27616	T	8
NC_045512.2	27617	A	8
NC_045512.2	27618	T	7
NC_045512.2	27619	C	4
NC_045512.2	27620	A	4
NC_045512.2	27621	G	6
NC_045512.2	27622	T	7
NC_045512.2	27623	T	7
NC_045512.2	27624	A	6
NC_045512.2	27625	C	6
NC_045512.2	27626	G	6
NC_045512.2	27627	T	7
NC_045512.2	27628	G	8
NC_045512.2	27629	C	8
NC_045512.2	27630	C	7
NC_045512.2	27631	A	7
NC_045512.2	27632	G	8
NC_045512.2	27633	A	7
NC_045512.2	27634	T	7
NC_045512.2	27635	C	8
NC_045512.2	27636	A	8
NC_045512.2	27637	G	9
NC_045512.2	27638	T	8
NC_045512.2	27639	T	6
NC_045512.2	27640	T	9
NC_045512.2	27641	C	9
NC_045512.2	27642	A	9
NC_045512.2	27643	C	9
NC_045512.2	27644	C	9
NC_045512.2	27645	T	9
NC_045512.2	27646	A	8
NC_045512.2	27647	A	8
NC_045512.2	27648	A	8
NC_045512.2	27649	C	9
NC_045512.2	27650	T	9
NC_045512.2	27651	G	8
NC_045512.2	27652	T	6
NC_045512.2	27653	T	7
NC_045512.2	27654	C	7
NC_045512.2	27655	A	7
NC_045512.2	27656	T	7
NC_045512.2	27657	C	5
NC_045512.2	27658	A	5
NC_045512.2	27659	G	4
NC_045512.2	27660	A	6
NC_045512.2	27661	C	6
NC_045512.2	27662	A	6
NC_045512.2	27663	A	8
NC_045512.2	27664	G	9
NC_045512.2	27665	A	9
NC_045512.2	27666	G	10
NC_045512.2	27667	G	10
NC_045512.2	27668	A	9
NC_045512.2	27669	A	10
NC_045512.2	27670	G	9
NC_045512.2	27671	T	7
NC_045512.2	27672	T	7
NC_045512.2	27673	C	8
NC_045512.2	27674	A	8
NC_045512.2	27675	A	7
NC_045512.2	27676	G	8
NC_045512.2	27677	A	7
NC_045512.2	27678	A	9
NC_045512.2	27679	C	8
NC_045512.2	27680	T	8
NC_045512.2	27681	T	8
NC_045512.2	27682	T	8
NC_045512.2	27683	A	8
NC_045512.2	27684	C	8
NC_045512.2	27685	T	10
NC_045512.2	27686	C	12
NC_045512.2	27687	T	11
NC_045512.2	27688	C	10
NC_045512.2	27689	C	11
NC_045512.2	27690	A	10
NC_045512.2	27691	A	9
NC_045512.2	27692	T	12
NC_045512.2	27693	T	10
NC_045512.2	27694	T	11
NC_045512.2	27695	T	12
NC_045512.2	27696	T	12
NC_045512.2	27697	C	12
NC_045512.2	27698	T	12
NC_045512.2	27699	T	12
NC_045512.2	27700	A	12
NC_045512.2	27701	T	12
NC_045512.2	27702	T	12
NC_045512.2	27703	G	12
NC_045512.2	27704	T	12
NC_045512.2	27705	T	12
NC_045512.2	27706	G	12
NC_045512.2	27707	C	12
NC_045512.2	27708	G	10
NC_045512.2	27709	G	11
NC_045512.2	27710	C	11
NC_045512.2	27711	A	11
NC_045512.2	27712	A	11
NC_045512.2	27713	T	11
NC_045512.2	27714	A	10
NC_045512.2	27715	G	8
NC_045512.2	27716	T	7
NC_045512.2	27717	G	7
NC_045512.2	27718	T	7
NC_045512.2	27719	T	7
NC_045512.2	27720	T	6
NC_045512.2	27721	A	7
NC_045512.2	27722	T	2
NC_045512.2	27723	A	2
NC_045512.2	27724	A	2
NC_045512.2	27725	C	0
NC_045512.2	27726	A	0
NC_045512.2	27727	C	0
NC_045512.2	27728	T	0
NC_045512.2	27729	T	0
NC_045512.2	27730	T	0
NC_045512.2	27731	G	0
NC_045512.2	27732	C	0
NC_045512.2	27733	T	0
NC_045512.2	27734	T	0
NC_045512.2	27735	C	0
NC_045512.2	27736	A	0
NC_045512.2	27737	C	0
NC_045512.2	27738	A	0
NC_045512.2	27739	C	0
NC_045512.2	27740	T	0
NC_045512.2	27741	C	0
NC_045512.2	27742	A	0
NC_045512.2	27743	A	0
NC_045512.2	27744	A	0
NC_045512.2	27745	A	0
NC_045512.2	27746	G	0
NC_045512.2	27747	A	0
NC_045512.2	27748	A	1
NC_045512.2	27749	A	1
NC_045512.2	27750	G	1
NC_045512.2	27751	A	1
NC_045512.2	27752	C	1
NC_045512.2	27753	A	1
NC_045512.2	27754	G	1
NC_045512.2	27755	A	1
NC_045512.2	27756	A	1
NC_045512.2	27757	T	1
NC_045512.2	27758	G	1
NC_045512.2	27759	A	1
NC_045512.2	27760	T	1
NC_045512.2	27761	T	1
NC_045512.2	27762	G	1
NC_045512.2	27763	A	1
NC_045512.2	27764	A	1
NC_045512.2	27765	C	1
NC_045512.2	27766	T	1
NC_045512.2	27767	T	1
NC_045512.2	27768	T	1
NC_045512.2	27769	C	1
NC_045512.2	27770	A	1
NC_045512.2	27771	T	1
NC_045512.2	27772	T	1
NC_045512.2	27773	A	1
NC_045512.2	27774	A	1
NC_045512.2	27775	T	1
NC_045512.2	27776	T	1
NC_045512.2	27777	G	0
NC_045512.2	27778	A	0
NC_045512.2	27779	C	0
NC_045512.2	27780	T	1
NC_045512.2	27781	T	1
NC_045512.2	27782	C	1
NC_045512.2	27783	T	1
NC_045512.2	27784	A	1
NC_045512.2	27785	T	1
NC_045512.2	27786	T	1
NC_045512.2	27787	T	1
NC_045512.2	27788	G	1
NC_045512.2	27789	T	1
NC_045512.2	27790	G	1
NC_045512.2	27791	C	1
NC_045512.2	27792	T	1
NC_045512.2	27793	T	1
NC_045512.2	27794	T	1
NC_045512.2	27795	T	1
NC_045512.2	27796	T	1
NC_045512.2	27797	A	1
NC_045512.2	27798	G	1
NC_045512.2	27799	C	1
NC_045512.2	27800	C	1
NC_045512.2	27801	T	1
NC_045512.2	27802	T	1
NC_045512.2	27803	T	1
NC_045512.2	27804	C	1
NC_045512.2	27805	T	1
NC_045512.2	27806	G	1
NC_045512.2	27807	C	1
NC_045512.2	27808	T	1
NC_045512.2	27809	A	1
NC_045512.2	27810	T	0
NC_045512.2	27811	T	0
NC_045512.2	27812	C	0
NC_045512.2	27813	C	0
NC_045512.2	27814	T	1
NC_045512.2	27815	T	1
NC_045512.2	27816	G	0
NC_045512.2	27817	T	0
NC_045512.2	27818	T	1
NC_045512.2	27819	T	0
NC_045512.2	27820	T	1
NC_045512.2	27821	A	1
NC_045512.2	27822	A	1
NC_045512.2	27823	T	1
NC_045512.2	27824	T	0
NC_045512.2	27825	A	1
NC_045512.2	27826	T	1
NC_045512.2	27827	G	1
NC_045512.2	27828	C	9
NC_045512.2	27829	T	9
NC_045512.2	27830	T	47
NC_045512.2	27831	A	50
NC_045512.2	27832	T	50
NC_045512.2	27833	T	57
NC_045512.2	27834	A	58
NC_045512.2	27835	T	62
NC_045512.2	27836	C	68
NC_045512.2	27837	T	73
NC_045512.2	27838	T	113
NC_045512.2	27839	T	123
NC_045512.2	27840	T	164
NC_045512.2	27841	G	163
NC_045512.2	27842	G	159
NC_045512.2	27843	T	167
NC_045512.2	27844	T	165
NC_045512.2	27845	C	168
NC_045512.2	27846	T	177
NC_045512.2	27847	C	176
NC_045512.2	27848	A	177
NC_045512.2	27849	C	177
NC_045512.2	27850	T	185
NC_045512.2	27851	T	185
NC_045512.2	27852	G	186
NC_045512.2	27853	A	182
NC_045512.2	27854	A	187
NC_045512.2	27855	C	190
NC_045512.2	27856	T	194
NC_045512.2	27857	G	192
NC_045512.2	27858	C	186
NC_045512.2	27859	A	186
NC_045512.2	27860	A	161
NC_045512.2	27861	G	167
NC_045512.2	27862	A	160
NC_045512.2	27863	T	178
NC_045512.2	27864	C	185
NC_045512.2	27865	A	184
NC_045512.2	27866	T	184
NC_045512.2	27867	A	182
NC_045512.2	27868	A	142
NC_045512.2	27869	T	141
NC_045512.2	27870	G	111
NC_045512.2	27871	A	114
NC_045512.2	27872	A	106
NC_045512.2	27873	A	107
NC_045512.2	27874	C	106
NC_045512.2	27875	T	100
NC_045512.2	27876	T	99
NC_045512.2	27877	G	93
NC_045512.2	27878	T	93
NC_045512.2	27879	C	85
NC_045512.2	27880	A	86
NC_045512.2	27881	C	86
NC_045512.2	27882	G	76
NC_045512.2	27883	C	76
NC_045512.2	27884	C	77
NC_045512.2	27885	T	79
NC_045512.2	27886	A	89
NC_045512.2	27887	A	87
NC_045512.2	27888	A	93
NC_045512.2	27889	C	96
NC_045512.2	27890	G	88
NC_045512.2	27891	A	63
NC_045512.2	27892	A	66
NC_045512.2	27893	C	64
NC_045512.2	27894	A	65
NC_045512.2	27895	T	67
NC_045512.2	27896	G	57
NC_045512.2	27897	A	58
NC_045512.2	27898	A	61
NC_045512.2	27899	A	60
NC_045512.2	27900	T	63
NC_045512.2	27901	T	60
NC_045512.2	27902	T	63
NC_045512.2	27903	C	69
NC_045512.2	27904	T	69
NC_045512.2	27905	T	71
NC_045512.2	27906	G	70
NC_045512.2	27907	T	71
NC_045512.2	27908	T	71
NC_045512.2	27909	T	71
NC_045512.2	27910	T	72
NC_045512.2	27911	C	74
NC_045512.2	27912	T	76
NC_045512.2	27913	T	80
NC_045512.2	27914	A	83
NC_045512.2	27915	G	80
NC_045512.2	27916	G	49
NC_045512.2	27917	A	54
NC_045512.2	27918	A	46
NC_045512.2	27919	T	45
NC_045512.2	27920	C	47
NC_045512.2	27921	A	49
NC_045512.2	27922	T	45
NC_045512.2	27923	C	49
NC_045512.2	27924	A	37
NC_045512.2	27925	C	46
NC_045512.2	27926	A	49
NC_045512.2	27927	A	51
NC_045512.2	27928	C	54
NC_045512.2	27929	T	52
NC_045512.2	27930	G	50
NC_045512.2	27931	T	64
NC_045512.2	27932	A	64
NC_045512.2	27933	G	65
NC_045512.2	27934	C	60
NC_045512.2	27935	T	63
NC_045512.2	27936	G	66
NC_045512.2	27937	C	69
NC_045512.2	27938	A	79
NC_045512.2	27939	T	81
NC_045512.2	27940	T	76
NC_045512.2	27941	T	78
NC_045512.2	27942	C	78
NC_045512.2	27943	A	83
NC_045512.2	27944	C	84
NC_045512.2	27945	C	88
NC_045512.2	27946	A	84
NC_045512.2	27947	A	92
NC_045512.2	27948	G	104
NC_045512.2	27949	A	105
NC_045512.2	27950	A	107
NC_045512.2	27951	T	103
NC_045512.2	27952	G	104
NC_045512.2	27953	T	100
NC_045512.2	27954	A	98
NC_045512.2	27955	G	101
NC_045512.2	27956	T	96
NC_045512.2	27957	T	92
NC_045512.2	27958	T	92
NC_045512.2	27959	A	93
NC_045512.2	27960	C	94
NC_045512.2	27961	A	72
NC_045512.2	27962	G	71
NC_045512.2	27963	T	65
NC_045512.2	27964	C	67
NC_045512.2	27965	A	69
NC_045512.2	27966	T	67
NC_045512.2	27967	G	58
NC_045512.2	27968	T	45
NC_045512.2	27969	A	47
NC_045512.2	27970	C	42
NC_045512.2	27971	T	40
NC_045512.2	27972	C	40
NC_045512.2	27973	A	32
NC_045512.2	27974	A	32
NC_045512.2	27975	C	32
NC_045512.2	27976	A	32
NC_045512.2	27977	T	18
NC_045512.2	27978	C	4
NC_045512.2	27979	A	1
NC_045512.2	27980	A	1
NC_045512.2	27981	C	1
NC_045512.2	27982	C	1
NC_045512.2	27983	A	1
NC_045512.2	27984	T	1
NC_045512.2	27985	A	1
NC_045512.2	27986	T	1
NC_045512.2	27987	G	1
NC_045512.2	27988	T	0
NC_045512.2	27989	A	0
NC_045512.2	27990	G	0
NC_045512.2	27991	T	0
NC_045512.2	27992	T	0
NC_045512.2	27993	G	0
NC_045512.2	27994	A	0
NC_045512.2	27995	T	0
NC_045512.2	27996	G	0
NC_045512.2	27997	A	0
NC_045512.2	27998	C	0
NC_045512.2	27999	C	0
NC_045512.2	28000	C	0
NC_045512.2	28001	G	0
NC_045512.2	28002	T	0
NC_045512.2	28003	G	0
NC_045512.2	28004	T	0
NC_045512.2	28005	C	0
NC_045512.2	28006	C	0
NC_045512.2	28007	T	0
NC_045512.2	28008	A	0
NC_045512.2	28009	T	0
NC_045512.2	28010	T	0
NC_045512.2	28011	C	0
NC_045512.2	28012	A	0
NC_045512.2	28013	C	0
NC_045512.2	28014	T	0
NC_045512.2	28015	T	0
NC_045512.2	28016	C	0
NC_045512.2	28017	T	0
NC_045512.2	28018	A	0
NC_045512.2	28019	T	0
NC_045512.2	28020	T	0
NC_045512.2	28021	C	0
NC_045512.2	28022	T	0
NC_045512.2	28023	A	0
NC_045512.2	28024	A	0
NC_045512.2	28025	A	0
NC_045512.2	28026	T	0
NC_045512.2	28027	G	0
NC_045512.2	28028	G	1
NC_045512.2	28029	T	1
NC_045512.2	28030	A	1
NC_045512.2	28031	T	1
NC_045512.2	28032	A	1
NC_045512.2	28033	T	1
NC_045512.2	28034	T	1
NC_045512.2	28035	A	1
NC_045512.2	28036	G	1
NC_045512.2	28037	A	1
NC_045512.2	28038	G	1
NC_045512.2	28039	T	1
NC_045512.2	28040	A	1
NC_045512.2	28041	G	1
NC_045512.2	28042	G	1
NC_045512.2	28043	A	1
NC_045512.2	28044	G	1
NC_045512.2	28045	C	1
NC_045512.2	28046	T	1
NC_045512.2	28047	A	1
NC_045512.2	28048	G	2
NC_045512.2	28049	A	2
NC_045512.2	28050	A	2
NC_045512.2	28051	A	2
NC_045512.2	28052	A	2
NC_045512.2	28053	T	2
NC_045512.2	28054	C	2
NC_045512.2	28055	A	2
NC_045512.2	28056	G	2
NC_045512.2	28057	C	2
NC_045512.2	28058	A	1
NC_045512.2	28059	C	1
NC_045512.2	28060	C	1
NC_045512.2	28061	T	1
NC_045512.2	28062	T	1
NC_045512.2	28063	T	1
NC_045512.2	28064	A	2
NC_045512.2	28065	A	2
NC_045512.2	28066	T	2
NC_045512.2	28067	T	2
NC_045512.2	28068	G	2
NC_045512.2	28069	A	2
NC_045512.2	28070	A	2
NC_045512.2	28071	T	2
NC_045512.2	28072	T	2
NC_045512.2	28073	G	2
NC_045512.2	28074	T	2
NC_045512.2	28075	G	2
NC_045512.2	28076	C	2
NC_045512.2	28077	G	2
NC_045512.2	28078	T	1
NC_045512.2	28079	G	1
NC_045512.2	28080	G	1
NC_045512.2	28081	A	1
NC_045512.2	28082	T	1
NC_045512.2	28083	G	3
NC_045512.2	28084	A	3
NC_045512.2	28085	G	3
NC_045512.2	28086	G	3
NC_045512.2	28087	C	3
NC_045512.2	28088	T	4
NC_045512.2	28089	G	4
NC_045512.2	28090	G	4
NC_045512.2	28091	T	4
NC_045512.2	28092	T	4
NC_045512.2	28093	C	4
NC_045512.2	28094	T	3
NC_045512.2	28095	A	3
NC_045512.2	28096	A	4
NC_045512.2	28097	A	4
NC_045512.2	28098	T	4
NC_045512.2	28099	C	5
NC_045512.2	28100	A	4
NC_045512.2	28101	C	5
NC_045512.2	28102	C	5
NC_045512.2	28103	C	5
NC_045512.2	28104	A	5
NC_045512.2	28105	T	5
NC_045512.2	28106	T	5
NC_045512.2	28107	C	5
NC_045512.2	28108	A	5
NC_045512.2	28109	G	5
NC_045512.2	28110	T	5
NC_045512.2	28111	A	5
NC_045512.2	28112	C	5
NC_045512.2	28113	A	3
NC_045512.2	28114	T	3
NC_045512.2	28115	C	3
NC_045512.2	28116	G	3
NC_045512.2	28117	A	3
NC_045512.2	28118	T	2
NC_045512.2	28119	A	1
NC_045512.2	28120	T	2
NC_045512.2	28121	C	2
NC_045512.2	28122	G	2
NC_045512.2	28123	G	2
NC_045512.2	28124	T	34
NC_045512.2	28125	A	33
NC_045512.2	28126	A	34
NC_045512.2	28127	T	38
NC_045512.2	28128	T	40
NC_045512.2	28129	A	72
NC_045512.2	28130	T	73
NC_045512.2	28131	A	73
NC_045512.2	28132	C	69
NC_045512.2	28133	A	74
NC_045512.2	28134	G	111
NC_045512.2	28135	T	116
NC_045512.2	28136	T	116
NC_045512.2	28137	T	119
NC_045512.2	28138	C	115
NC_045512.2	28139	C	145
NC_045512.2	28140	T	152
NC_045512.2	28141	G	146
NC_045512.2	28142	T	150
NC_045512.2	28143	T	147
NC_045512.2	28144	T	155
NC_045512.2	28145	A	155
NC_045512.2	28146	C	153
NC_045512.2	28147	C	157
NC_045512.2	28148	T	166
NC_045512.2	28149	T	224
NC_045512.2	28150	T	229
NC_045512.2	28151	T	240
NC_045512.2	28152	A	247
NC_045512.2	28153	C	240
NC_045512.2	28154	A	229
NC_045512.2	28155	A	220
NC_045512.2	28156	T	222
NC_045512.2	28157	T	231
NC_045512.2	28158	A	225
NC_045512.2	28159	A	203
NC_045512.2	28160	T	206
NC_045512.2	28161	T	201
NC_045512.2	28162	G	198
NC_045512.2	28163	C	204
NC_045512.2	28164	C	165
NC_045512.2	28165	A	173
NC_045512.2	28166	G	174
NC_045512.2	28167	G	167
NC_045512.2	28168	A	169
NC_045512.2	28169	A	144
NC_045512.2	28170	C	138
NC_045512.2	28171	C	139
NC_045512.2	28172	T	156
NC_045512.2	28173	A	153
NC_045512.2	28174	A	149
NC_045512.2	28175	A	152
NC_045512.2	28176	T	154
NC_045512.2	28177	T	160
NC_045512.2	28178	G	146
NC_045512.2	28179	G	99
NC_045512.2	28180	G	110
NC_045512.2	28181	T	98
NC_045512.2	28182	A	99
NC_045512.2	28183	G	100
NC_045512.2	28184	T	105
NC_045512.2	28185	C	106
NC_045512.2	28186	T	107
NC_045512.2	28187	T	99
NC_045512.2	28188	G	98
NC_045512.2	28189	T	107
NC_045512.2	28190	A	104
NC_045512.2	28191	G	107
NC_045512.2	28192	T	110
NC_045512.2	28193	G	102
NC_045512.2	28194	C	121
NC_045512.2	28195	G	128
NC_045512.2	28196	T	135
NC_045512.2	28197	T	136
NC_045512.2	28198	G	135
NC_045512.2	28199	T	136
NC_045512.2	28200	T	145
NC_045512.2	28201	C	147
NC_045512.2	28202	G	140
NC_045512.2	28203	T	139
NC_045512.2	28204	T	134
NC_045512.2	28205	C	142
NC_045512.2	28206	T	156
NC_045512.2	28207	A	130
NC_045512.2	28208	T	132
NC_045512.2	28209	G	121
NC_045512.2	28210	A	132
NC_045512.2	28211	A	136
NC_045512.2	28212	G	144
NC_045512.2	28213	A	142
NC_045512.2	28214	C	146
NC_045512.2	28215	T	189
NC_045512.2	28216	T	188
NC_045512.2	28217	T	198
NC_045512.2	28218	T	198
NC_045512.2	28219	T	196
NC_045512.2	28220	A	195
NC_045512.2	28221	G	194
NC_045512.2	28222	A	201
NC_045512.2	28223	G	196
NC_045512.2	28224	T	192
NC_045512.2	28225	A	204
NC_045512.2	28226	T	197
NC_045512.2	28227	C	201
NC_045512.2	28228	A	202
NC_045512.2	28229	T	210
NC_045512.2	28230	G	207
NC_045512.2	28231	A	210
NC_045512.2	28232	C	208
NC_045512.2	28233	G	213
NC_045512.2	28234	T	229
NC_045512.2	28235	T	223
NC_045512.2	28236	C	226
NC_045512.2	28237	G	229
NC_045512.2	28238	T	233
NC_045512.2	28239	G	230
NC_045512.2	28240	T	206
NC_045512.2	28241	T	204
NC_045512.2	28242	G	176
NC_045512.2	28243	T	180
NC_045512.2	28244	T	169
NC_045512.2	28245	T	179
NC_045512.2	28246	T	187
NC_045512.2	28247	A	184
NC_045512.2	28248	G	182
NC_045512.2	28249	A	173
NC_045512.2	28250	T	163
NC_045512.2	28251	T	167
NC_045512.2	28252	T	167
NC_045512.2	28253	C	172
NC_045512.2	28254	A	168
NC_045512.2	28255	T	159
NC_045512.2	28256	C	162
NC_045512.2	28257	T	167
NC_045512.2	28258	A	166
NC_045512.2	28259	A	150
NC_045512.2	28260	A	149
NC_045512.2	28261	C	147
NC_045512.2	28262	G	148
NC_045512.2	28263	A	145
NC_045512.2	28264	A	109
NC_045512.2	28265	C	106
NC_045512.2	28266	A	105
NC_045512.2	28267	A	106
NC_045512.2	28268	A	103
NC_045512.2	28269	C	102
NC_045512.2	28270	T	99
NC_045512.2	28271	A	101
NC_045512.2	28272	A	102
NC_045512.2	28273	A	100
NC_045512.2	28274	A	98
NC_045512.2	28275	T	22
NC_045512.2	28276	G	4
NC_045512.2	28277	T	1
NC_045512.2	28278	C	0
NC_045512.2	28279	T	0
NC_045512.2	28280	G	0
NC_045512.2	28281	A	0
NC_045512.2	28282	T	0
NC_045512.2	28283	A	0
NC_045512.2	28284	A	0
NC_045512.2	28285	T	0
NC_045512.2	28286	G	0
NC_045512.2	28287	G	0
NC_045512.2	28288	A	0
NC_045512.2	28289	C	0
NC_045512.2	28290	C	0
NC_045512.2	28291	C	0
NC_045512.2	28292	C	0
NC_045512.2	28293	A	0
NC_045512.2	28294	A	0
NC_045512.2	28295	A	0
NC_045512.2	28296	A	0
NC_045512.2	28297	T	0
NC_045512.2	28298	C	0
NC_045512.2	28299	A	0
NC_045512.2	28300	G	0
NC_045512.2	28301	C	0
NC_045512.2	28302	G	0
NC_045512.2	28303	A	0
NC_045512.2	28304	A	1
NC_045512.2	28305	A	1
NC_045512.2	28306	T	2
NC_045512.2	28307	G	2
NC_045512.2	28308	C	2
NC_045512.2	28309	A	2
NC_045512.2	28310	C	2
NC_045512.2	28311	C	2
NC_045512.2	28312	C	2
NC_045512.2	28313	C	2
NC_045512.2	28314	G	2
NC_045512.2	28315	C	2
NC_045512.2	28316	A	2
NC_045512.2	28317	T	2
NC_045512.2	28318	T	3
NC_045512.2	28319	A	4
NC_045512.2	28320	C	4
NC_045512.2	28321	G	4
NC_045512.2	28322	T	5
NC_045512.2	28323	T	7
NC_045512.2	28324	T	7
NC_045512.2	28325	G	8
NC_045512.2	28326	G	16
NC_045512.2	28327	T	18
NC_045512.2	28328	G	22
NC_045512.2	28329	G	21
NC_045512.2	28330	A	22
NC_045512.2	28331	C	24
NC_045512.2	28332	C	24
NC_045512.2	28333	C	33
NC_045512.2	28334	T	36
NC_045512.2	28335	C	41
NC_045512.2	28336	A	41
NC_045512.2	28337	G	42
NC_045512.2	28338	A	41
NC_045512.2	28339	T	44
NC_045512.2	28340	T	42
NC_045512.2	28341	C	41
NC_045512.2	28342	A	43
NC_045512.2	28343	A	40
NC_045512.2	28344	C	38
NC_045512.2	28345	T	40
NC_045512.2	28346	G	40
NC_045512.2	28347	G	36
NC_045512.2	28348	C	40
NC_045512.2	28349	A	41
NC_045512.2	28350	G	40
NC_045512.2	28351	T	41
NC_045512.2	28352	A	39
NC_045512.2	28353	A	37
NC_045512.2	28354	C	38
NC_045512.2	28355	C	37
NC_045512.2	28356	A	27
NC_045512.2	28357	G	24
NC_045512.2	28358	A	19
NC_045512.2	28359	A	21
NC_045512.2	28360	T	20
NC_045512.2	28361	G	19
NC_045512.2	28362	G	19
NC_045512.2	28363	A	7
NC_045512.2	28364	G	5
NC_045512.2	28365	A	0
NC_045512.2	28366	A	0
NC_045512.2	28367	C	0
NC_045512.2	28368	G	0
NC_045512.2	28369	C	0
NC_045512.2	28370	A	3
NC_045512.2	28371	G	9
NC_045512.2	28372	T	21
NC_045512.2	28373	G	21
NC_045512.2	28374	G	22
NC_045512.2	28375	G	23
NC_045512.2	28376	G	25
NC_045512.2	28377	C	25
NC_045512.2	28378	G	26
NC_045512.2	28379	C	29
NC_045512.2	28380	G	29
NC_045512.2	28381	A	29
NC_045512.2	28382	T	29
NC_045512.2	28383	C	29
NC_045512.2	28384	A	33
NC_045512.2	28385	A	34
NC_045512.2	28386	A	34
NC_045512.2	28387	A	34
NC_045512.2	28388	C	34
NC_045512.2	28389	A	39
NC_045512.2	28390	A	39
NC_045512.2	28391	C	45
NC_045512.2	28392	G	45
NC_045512.2	28393	T	44
NC_045512.2	28394	C	46
NC_045512.2	28395	G	47
NC_045512.2	28396	G	49
NC_045512.2	28397	C	47
NC_045512.2	28398	C	50
NC_045512.2	28399	C	51
NC_045512.2	28400	C	50
NC_045512.2	28401	A	50
NC_045512.2	28402	A	45
NC_045512.2	28403	G	44
NC_045512.2	28404	G	40
NC_045512.2	28405	T	42
NC_045512.2	28406	T	43
NC_045512.2	28407	T	42
NC_045512.2	28408	A	44
NC_045512.2	28409	C	41
NC_045512.2	28410	C	41
NC_045512.2	28411	C	45
NC_045512.2	28412	A	45
NC_045512.2	28413	A	47
NC_045512.2	28414	T	39
NC_045512.2	28415	A	43
NC_045512.2	28416	A	43
NC_045512.2	28417	T	42
NC_045512.2	28418	A	40
NC_045512.2	28419	C	33
NC_045512.2	28420	T	35
NC_045512.2	28421	G	27
NC_045512.2	28422	C	25
NC_045512.2	28423	G	28
NC_045512.2	28424	T	26
NC_045512.2	28425	C	28
NC_045512.2	28426	T	27
NC_045512.2	28427	T	27
NC_045512.2	28428	G	25
NC_045512.2	28429	G	24
NC_045512.2	28430	T	24
NC_045512.2	28431	T	23
NC_045512.2	28432	C	24
NC_045512.2	28433	A	25
NC_045512.2	28434	C	25
NC_045512.2	28435	C	29
NC_045512.2	28436	G	26
NC_045512.2	28437	C	26
NC_045512.2	28438	T	28
NC_045512.2	28439	C	33
NC_045512.2	28440	T	37
NC_045512.2	28441	C	36
NC_045512.2	28442	A	34
NC_045512.2	28443	C	36
NC_045512.2	28444	T	34
NC_045512.2	28445	C	35
NC_045512.2	28446	A	35
NC_045512.2	28447	A	34
NC_045512.2	28448	C	35
NC_045512.2	28449	A	35
NC_045512.2	28450	T	34
NC_045512.2	28451	G	33
NC_045512.2	28452	G	32
NC_045512.2	28453	C	35
NC_045512.2	28454	A	35
NC_045512.2	28455	A	33
NC_045512.2	28456	G	31
NC_045512.2	28457	G	31
NC_045512.2	28458	A	31
NC_045512.2	28459	A	31
NC_045512.2	28460	G	29
NC_045512.2	28461	A	28
NC_045512.2	28462	C	28
NC_045512.2	28463	C	26
NC_045512.2	28464	T	26
NC_045512.2	28465	T	22
NC_045512.2	28466	A	22
NC_045512.2	28467	A	21
NC_045512.2	28468	A	19
NC_045512.2	28469	T	13
NC_045512.2	28470	T	6
NC_045512.2	28471	C	6
NC_045512.2	28472	C	6
NC_045512.2	28473	C	6
NC_045512.2	28474	T	6
NC_045512.2	28475	C	4
NC_045512.2	28476	G	4
NC_045512.2	28477	A	5
NC_045512.2	28478	G	5
NC_045512.2	28479	G	5
NC_045512.2	28480	A	5
NC_045512.2	28481	C	5
NC_045512.2	28482	A	5
NC_045512.2	28483	A	5
NC_045512.2	28484	G	6
NC_045512.2	28485	G	5
NC_045512.2	28486	C	5
NC_045512.2	28487	G	5
NC_045512.2	28488	T	5
NC_045512.2	28489	T	4
NC_045512.2	28490	C	4
NC_045512.2	28491	C	4
NC_045512.2	28492	A	4
NC_045512.2	28493	A	4
NC_045512.2	28494	T	5
NC_045512.2	28495	T	5
NC_045512.2	28496	A	4
NC_045512.2	28497	A	4
NC_045512.2	28498	C	4
NC_045512.2	28499	A	4
NC_045512.2	28500	C	4
NC_045512.2	28501	C	4
NC_045512.2	28502	A	4
NC_045512.2	28503	A	3
NC_045512.2	28504	T	3
NC_045512.2	28505	A	3
NC_045512.2	28506	G	4
NC_045512.2	28507	C	4
NC_045512.2	28508	A	4
NC_045512.2	28509	G	4
NC_045512.2	28510	T	4
NC_045512.2	28511	C	4
NC_045512.2	28512	C	4
NC_045512.2	28513	A	4
NC_045512.2	28514	G	3
NC_045512.2	28515	A	3
NC_045512.2	28516	T	3
NC_045512.2	28517	G	4
NC_045512.2	28518	A	4
NC_045512.2	28519	C	4
NC_045512.2	28520	C	4
NC_045512.2	28521	A	4
NC_045512.2	28522	A	4
NC_045512.2	28523	A	4
NC_045512.2	28524	T	2
NC_045512.2	28525	T	2
NC_045512.2	28526	G	2
NC_045512.2	28527	G	3
NC_045512.2	28528	C	3
NC_045512.2	28529	T	3
NC_045512.2	28530	A	3
NC_045512.2	28531	C	3
NC_045512.2	28532	T	3
NC_045512.2	28533	A	3
NC_045512.2	28534	C	6
NC_045512.2	28535	C	6
NC_045512.2	28536	G	5
NC_045512.2	28537	A	4
NC_045512.2	28538	A	5
NC_045512.2	28539	G	3
NC_045512.2	28540	A	3
NC_045512.2	28541	G	4
NC_045512.2	28542	C	5
NC_045512.2	28543	T	6
NC_045512.2	28544	A	5
NC_045512.2	28545	C	7
NC_045512.2	28546	C	7
NC_045512.2	28547	A	5
NC_045512.2	28548	G	5
NC_045512.2	28549	A	4
NC_045512.2	28550	C	5
NC_045512.2	28551	G	5
NC_045512.2	28552	A	3
NC_045512.2	28553	A	3
NC_045512.2	28554	T	3
NC_045512.2	28555	T	6
NC_045512.2	28556	C	5
NC_045512.2	28557	G	5
NC_045512.2	28558	T	6
NC_045512.2	28559	G	6
NC_045512.2	28560	G	4
NC_045512.2	28561	T	3
NC_045512.2	28562	G	4
NC_045512.2	28563	G	5
NC_045512.2	28564	T	2
NC_045512.2	28565	G	2
NC_045512.2	28566	A	2
NC_045512.2	28567	C	2
NC_045512.2	28568	G	2
NC_045512.2	28569	G	2
NC_045512.2	28570	T	2
NC_045512.2	28571	A	3
NC_045512.2	28572	A	3
NC_045512.2	28573	A	2
NC_045512.2	28574	A	2
NC_045512.2	28575	T	3
NC_045512.2	28576	G	2
NC_045512.2	28577	A	2
NC_045512.2	28578	A	3
NC_045512.2	28579	A	3
NC_045512.2	28580	G	3
NC_045512.2	28581	A	3
NC_045512.2	28582	T	3
NC_045512.2	28583	C	3
NC_045512.2	28584	T	3
NC_045512.2	28585	C	3
NC_045512.2	28586	A	3
NC_045512.2	28587	G	2
NC_045512.2	28588	T	2
NC_045512.2	28589	C	2
NC_045512.2	28590	C	2
NC_045512.2	28591	A	2
NC_045512.2	28592	A	2
NC_045512.2	28593	G	2
NC_045512.2	28594	A	1
NC_045512.2	28595	T	2
NC_045512.2	28596	G	1
NC_045512.2	28597	G	2
NC_045512.2	28598	T	2
NC_045512.2	28599	A	2
NC_045512.2	28600	T	2
NC_045512.2	28601	T	1
NC_045512.2	28602	T	1
NC_045512.2	28603	C	1
NC_045512.2	28604	T	1
NC_045512.2	28605	A	0
NC_045512.2	28606	C	0
NC_045512.2	28607	T	0
NC_045512.2	28608	A	1
NC_045512.2	28609	C	1
NC_045512.2	28610	C	1
NC_045512.2	28611	T	1
NC_045512.2	28612	A	1
NC_045512.2	28613	G	1
NC_045512.2	28614	G	1
NC_045512.2	28615	A	1
NC_045512.2	28616	A	1
NC_045512.2	28617	C	1
NC_045512.2	28618	T	1
NC_045512.2	28619	G	1
NC_045512.2	28620	G	1
NC_045512.2	28621	G	1
NC_045512.2	28622	C	2
NC_045512.2	28623	C	2
NC_045512.2	28624	A	2
NC_045512.2	28625	G	2
NC_045512.2	28626	A	2
NC_045512.2	28627	A	2
NC_045512.2	28628	G	2
NC_045512.2	28629	C	2
NC_045512.2	28630	T	2
NC_045512.2	28631	G	2
NC_045512.2	28632	G	2
NC_045512.2	28633	A	2
NC_045512.2	28634	C	1
NC_045512.2	28635	T	1
NC_045512.2	28636	T	1
NC_045512.2	28637	C	1
NC_045512.2	28638	C	1
NC_045512.2	28639	C	1
NC_045512.2	28640	T	2
NC_045512.2	28641	A	3
NC_045512.2	28642	T	15
NC_045512.2	28643	G	17
NC_045512.2	28644	G	20
NC_045512.2	28645	T	20
NC_045512.2	28646	G	20
NC_045512.2	28647	C	45
NC_045512.2	28648	T	50
NC_045512.2	28649	A	50
NC_045512.2	28650	A	49
NC_045512.2	28651	C	50
NC_045512.2	28652	A	75
NC_045512.2	28653	A	76
NC_045512.2	28654	A	100
NC_045512.2	28655	G	102
NC_045512.2	28656	A	103
NC_045512.2	28657	C	103
NC_045512.2	28658	G	105
NC_045512.2	28659	G	106
NC_045512.2	28660	C	110
NC_045512.2	28661	A	110
NC_045512.2	28662	T	107
NC_045512.2	28663	C	109
NC_045512.2	28664	A	112
NC_045512.2	28665	T	113
NC_045512.2	28666	A	109
NC_045512.2	28667	T	104
NC_045512.2	28668	G	110
NC_045512.2	28669	G	106
NC_045512.2	28670	G	107
NC_045512.2	28671	T	104
NC_045512.2	28672	T	98
NC_045512.2	28673	G	101
NC_045512.2	28674	C	98
NC_045512.2	28675	A	103
NC_045512.2	28676	A	102
NC_045512.2	28677	C	79
NC_045512.2	28678	T	79
NC_045512.2	28679	G	80
NC_045512.2	28680	A	81
NC_045512.2	28681	G	79
NC_045512.2	28682	G	59
NC_045512.2	28683	G	70
NC_045512.2	28684	A	42
NC_045512.2	28685	G	46
NC_045512.2	28686	C	45
NC_045512.2	28687	C	46
NC_045512.2	28688	T	50
NC_045512.2	28689	T	51
NC_045512.2	28690	G	54
NC_045512.2	28691	A	55
NC_045512.2	28692	A	57
NC_045512.2	28693	T	53
NC_045512.2	28694	A	54
NC_045512.2	28695	C	59
NC_045512.2	28696	A	59
NC_045512.2	28697	C	56
NC_045512.2	28698	C	55
NC_045512.2	28699	A	77
NC_045512.2	28700	A	75
NC_045512.2	28701	A	81
NC_045512.2	28702	A	84
NC_045512.2	28703	G	78
NC_045512.2	28704	A	77
NC_045512.2	28705	T	73
NC_045512.2	28706	C	79
NC_045512.2	28707	A	74
NC_045512.2	28708	C	109
NC_045512.2	28709	A	115
NC_045512.2	28710	T	107
NC_045512.2	28711	T	104
NC_045512.2	28712	G	101
NC_045512.2	28713	G	91
NC_045512.2	28714	C	98
NC_045512.2	28715	A	100
NC_045512.2	28716	C	98
NC_045512.2	28717	C	105
NC_045512.2	28718	C	114
NC_045512.2	28719	G	113
NC_045512.2	28720	C	112
NC_045512.2	28721	A	115
NC_045512.2	28722	A	115
NC_045512.2	28723	T	111
NC_045512.2	28724	C	119
NC_045512.2	28725	C	116
NC_045512.2	28726	T	115
NC_045512.2	28727	G	119
NC_045512.2	28728	C	118
NC_045512.2	28729	T	100
NC_045512.2	28730	A	111
NC_045512.2	28731	A	104
NC_045512.2	28732	C	103
NC_045512.2	28733	A	108
NC_045512.2	28734	A	108
NC_045512.2	28735	T	107
NC_045512.2	28736	G	108
NC_045512.2	28737	C	110
NC_045512.2	28738	T	100
NC_045512.2	28739	G	94
NC_045512.2	28740	C	96
NC_045512.2	28741	A	94
NC_045512.2	28742	A	95
NC_045512.2	28743	T	106
NC_045512.2	28744	C	104
NC_045512.2	28745	G	110
NC_045512.2	28746	T	108
NC_045512.2	28747	G	112
NC_045512.2	28748	C	95
NC_045512.2	28749	T	97
NC_045512.2	28750	A	106
NC_045512.2	28751	C	105
NC_045512.2	28752	A	111
NC_045512.2	28753	A	111
NC_045512.2	28754	C	110
NC_045512.2	28755	T	106
NC_045512.2	28756	T	104
NC_045512.2	28757	C	116
NC_045512.2	28758	C	115
NC_045512.2	28759	T	107
NC_045512.2	28760	C	119
NC_045512.2	28761	A	117
NC_045512.2	28762	A	117
NC_045512.2	28763	G	98
NC_045512.2	28764	G	93
NC_045512.2	28765	A	92
NC_045512.2	28766	A	93
NC_045512.2	28767	C	80
NC_045512.2	28768	A	76
NC_045512.2	28769	A	76
NC_045512.2	28770	C	74
NC_045512.2	28771	A	74
NC_045512.2	28772	T	68
NC_045512.2	28773	T	52
NC_045512.2	28774	G	52
NC_045512.2	28775	C	51
NC_045512.2	28776	C	49
NC_045512.2	28777	A	39
NC_045512.2	28778	A	37
NC_045512.2	28779	A	37
NC_045512.2	28780	A	39
NC_045512.2	28781	G	31
NC_045512.2	28782	G	26
NC_045512.2	28783	C	17
NC_045512.2	28784	T	8
NC_045512.2	28785	T	5
NC_045512.2	28786	C	2
NC_045512.2	28787	T	0
NC_045512.2	28788	A	0
NC_045512.2	28789	C	0
NC_045512.2	28790	G	1
NC_045512.2	28791	C	1
NC_045512.2	28792	A	1
NC_045512.2	28793	G	1
NC_045512.2	28794	A	1
NC_045512.2	28795	A	1
NC_045512.2	28796	G	1
NC_045512.2	28797	G	1
NC_045512.2	28798	G	1
NC_045512.2	28799	A	1
NC_045512.2	28800	G	1
NC_045512.2	28801	C	1
NC_045512.2	28802	A	1
NC_045512.2	28803	G	1
NC_045512.2	28804	A	1
NC_045512.2	28805	G	1
NC_045512.2	28806	G	1
NC_045512.2	28807	C	1
NC_045512.2	28808	G	1
NC_045512.2	28809	G	1
NC_045512.2	28810	C	1
NC_045512.2	28811	A	1
NC_045512.2	28812	G	1
NC_045512.2	28813	T	1
NC_045512.2	28814	C	1
NC_045512.2	28815	A	1
NC_045512.2	28816	A	1
NC_045512.2	28817	G	1
NC_045512.2	28818	C	1
NC_045512.2	28819	C	1
NC_045512.2	28820	T	0
NC_045512.2	28821	C	0
NC_045512.2	28822	T	0
NC_045512.2	28823	T	0
NC_045512.2	28824	C	0
NC_045512.2	28825	T	0
NC_045512.2	28826	C	0
NC_045512.2	28827	G	0
NC_045512.2	28828	T	0
NC_045512.2	28829	T	1
NC_045512.2	28830	C	1
NC_045512.2	28831	C	1
NC_045512.2	28832	T	1
NC_045512.2	28833	C	1
NC_045512.2	28834	A	1
NC_045512.2	28835	T	1
NC_045512.2	28836	C	1
NC_045512.2	28837	A	1
NC_045512.2	28838	C	1
NC_045512.2	28839	G	1
NC_045512.2	28840	T	1
NC_045512.2	28841	A	1
NC_045512.2	28842	G	1
NC_045512.2	28843	T	1
NC_045512.2	28844	C	1
NC_045512.2	28845	G	1
NC_045512.2	28846	C	1
NC_045512.2	28847	A	1
NC_045512.2	28848	A	1
NC_045512.2	28849	C	1
NC_045512.2	28850	A	1
NC_045512.2	28851	G	1
NC_045512.2	28852	T	2
NC_045512.2	28853	T	2
NC_045512.2	28854	C	2
NC_045512.2	28855	A	2
NC_045512.2	28856	A	2
NC_045512.2	28857	G	2
NC_045512.2	28858	A	2
NC_045512.2	28859	A	1
NC_045512.2	28860	A	1
NC_045512.2	28861	T	1
NC_045512.2	28862	T	1
NC_045512.2	28863	C	1
NC_045512.2	28864	A	1
NC_045512.2	28865	A	1
NC_045512.2	28866	C	1
NC_045512.2	28867	T	1
NC_045512.2	28868	C	1
NC_045512.2	28869	C	1
NC_045512.2	28870	A	1
NC_045512.2	28871	G	1
NC_045512.2	28872	G	1
NC_045512.2	28873	C	1
NC_045512.2	28874	A	1
NC_045512.2	28875	G	1
NC_045512.2	28876	C	1
NC_045512.2	28877	A	1
NC_045512.2	28878	G	1
NC_045512.2	28879	T	1
NC_045512.2	28880	A	1
NC_045512.2	28881	G	1
NC_045512.2	28882	G	0
NC_045512.2	28883	G	0
NC_045512.2	28884	G	0
NC_045512.2	28885	A	0
NC_045512.2	28886	A	0
NC_045512.2	28887	C	0
NC_045512.2	28888	T	0
NC_045512.2	28889	T	0
NC_045512.2	28890	C	0
NC_045512.2	28891	T	0
NC_045512.2	28892	C	0
NC_045512.2	28893	C	0
NC_045512.2	28894	T	0
NC_045512.2	28895	G	0
NC_045512.2	28896	C	0
NC_045512.2	28897	T	0
NC_045512.2	28898	A	0
NC_045512.2	28899	G	0
NC_045512.2	28900	A	0
NC_045512.2	28901	A	0
NC_045512.2	28902	T	0
NC_045512.2	28903	G	0
NC_045512.2	28904	G	0
NC_045512.2	28905	C	0
NC_045512.2	28906	T	0
NC_045512.2	28907	G	0
NC_045512.2	28908	G	0
NC_045512.2	28909	C	1
NC_045512.2	28910	A	1
NC_045512.2	28911	A	1
NC_045512.2	28912	T	1
NC_045512.2	28913	G	1
NC_045512.2	28914	G	1
NC_045512.2	28915	C	1
NC_045512.2	28916	G	1
NC_045512.2	28917	G	1
NC_045512.2	28918	T	1
NC_045512.2	28919	G	1
NC_045512.2	28920	A	0
NC_045512.2	28921	T	0
NC_045512.2	28922	G	1
NC_045512.2	28923	C	1
NC_045512.2	28924	T	0
NC_045512.2	28925	G	1
NC_045512.2	28926	C	1
NC_045512.2	28927	T	0
NC_045512.2	28928	C	1
NC_045512.2	28929	T	0
NC_045512.2	28930	T	1
NC_045512.2	28931	G	0
NC_045512.2	28932	C	0
NC_045512.2	28933	T	1
NC_045512.2	28934	T	1
NC_045512.2	28935	T	2
NC_045512.2	28936	G	1
NC_045512.2	28937	C	2
NC_045512.2	28938	T	2
NC_045512.2	28939	G	2
NC_045512.2	28940	C	2
NC_045512.2	28941	T	2
NC_045512.2	28942	G	2
NC_045512.2	28943	C	2
NC_045512.2	28944	T	2
NC_045512.2	28945	T	2
NC_045512.2	28946	G	2
NC_045512.2	28947	A	2
NC_045512.2	28948	C	2
NC_045512.2	28949	A	2
NC_045512.2	28950	G	2
NC_045512.2	28951	A	2
NC_045512.2	28952	T	2
NC_045512.2	28953	T	2
NC_045512.2	28954	G	2
NC_045512.2	28955	A	2
NC_045512.2	28956	A	2
NC_045512.2	28957	C	2
NC_045512.2	28958	C	3
NC_045512.2	28959	A	3
NC_045512.2	28960	G	3
NC_045512.2	28961	C	3
NC_045512.2	28962	T	17
NC_045512.2	28963	T	23
NC_045512.2	28964	G	14
NC_045512.2	28965	A	11
NC_045512.2	28966	G	20
NC_045512.2	28967	A	15
NC_045512.2	28968	G	23
NC_045512.2	28969	C	19
NC_045512.2	28970	A	19
NC_045512.2	28971	A	22
NC_045512.2	28972	A	29
NC_045512.2	28973	A	29
NC_045512.2	28974	T	26
NC_045512.2	28975	G	22
NC_045512.2	28976	T	23
NC_045512.2	28977	C	21
NC_045512.2	28978	T	23
NC_045512.2	28979	G	20
NC_045512.2	28980	G	30
NC_045512.2	28981	T	14
NC_045512.2	28982	A	27
NC_045512.2	28983	A	33
NC_045512.2	28984	A	33
NC_045512.2	28985	G	16
NC_045512.2	28986	G	35
NC_045512.2	28987	C	20
NC_045512.2	28988	C	33
NC_045512.2	28989	A	19
NC_045512.2	28990	A	34
NC_045512.2	28991	C	19
NC_045512.2	28992	A	19
NC_045512.2	28993	A	21
NC_045512.2	28994	C	12
NC_045512.2	28995	A	15
NC_045512.2	28996	A	21
NC_045512.2	28997	C	17
NC_045512.2	28998	A	16
NC_045512.2	28999	A	16
NC_045512.2	29000	G	7
NC_045512.2	29001	G	15
NC_045512.2	29002	C	8
NC_045512.2	29003	C	12
NC_045512.2	29004	A	14
NC_045512.2	29005	A	14
NC_045512.2	29006	A	17
NC_045512.2	29007	C	14
NC_045512.2	29008	T	13
NC_045512.2	29009	G	12
NC_045512.2	29010	T	17
NC_045512.2	29011	C	14
NC_045512.2	29012	A	16
NC_045512.2	29013	C	14
NC_045512.2	29014	T	15
NC_045512.2	29015	A	14
NC_045512.2	29016	A	19
NC_045512.2	29017	G	16
NC_045512.2	29018	A	15
NC_045512.2	29019	A	19
NC_045512.2	29020	A	21
NC_045512.2	29021	T	14
NC_045512.2	29022	C	20
NC_045512.2	29023	T	23
NC_045512.2	29024	G	17
NC_045512.2	29025	C	16
NC_045512.2	29026	T	17
NC_045512.2	29027	G	17
NC_045512.2	29028	C	19
NC_045512.2	29029	T	16
NC_045512.2	29030	G	16
NC_045512.2	29031	A	15
NC_045512.2	29032	G	16
NC_045512.2	29033	G	19
NC_045512.2	29034	C	12
NC_045512.2	29035	T	14
NC_045512.2	29036	T	17
NC_045512.2	29037	C	14
NC_045512.2	29038	T	17
NC_045512.2	29039	A	15
NC_045512.2	29040	A	13
NC_045512.2	29041	G	12
NC_045512.2	29042	A	16
NC_045512.2	29043	A	16
NC_045512.2	29044	G	14
NC_045512.2	29045	C	15
NC_045512.2	29046	C	17
NC_045512.2	29047	T	18
NC_045512.2	29048	C	19
NC_045512.2	29049	G	17
NC_045512.2	29050	G	20
NC_045512.2	29051	C	18
NC_045512.2	29052	A	18
NC_045512.2	29053	A	19
NC_045512.2	29054	A	20
NC_045512.2	29055	A	20
NC_045512.2	29056	A	19
NC_045512.2	29057	C	18
NC_045512.2	29058	G	19
NC_045512.2	29059	T	18
NC_045512.2	29060	A	19
NC_045512.2	29061	C	22
NC_045512.2	29062	T	21
NC_045512.2	29063	G	26
NC_045512.2	29064	C	24
NC_045512.2	29065	C	26
NC_045512.2	29066	A	25
NC_045512.2	29067	C	25
NC_045512.2	29068	T	27
NC_045512.2	29069	A	27
NC_045512.2	29070	A	30
NC_045512.2	29071	A	29
NC_045512.2	29072	G	28
NC_045512.2	29073	C	29
NC_045512.2	29074	A	29
NC_045512.2	29075	T	29
NC_045512.2	29076	A	29
NC_045512.2	29077	C	29
NC_045512.2	29078	A	28
NC_045512.2	29079	A	28
NC_045512.2	29080	T	25
NC_045512.2	29081	G	26
NC_045512.2	29082	T	25
NC_045512.2	29083	A	25
NC_045512.2	29084	A	24
NC_045512.2	29085	C	24
NC_045512.2	29086	A	24
NC_045512.2	29087	C	24
NC_045512.2	29088	A	22
NC_045512.2	29089	A	22
NC_045512.2	29090	G	19
NC_045512.2	29091	C	19
NC_045512.2	29092	T	16
NC_045512.2	29093	T	7
NC_045512.2	29094	T	7
NC_045512.2	29095	C	6
NC_045512.2	29096	G	6
NC_045512.2	29097	G	6
NC_045512.2	29098	C	4
NC_045512.2	29099	A	4
NC_045512.2	29100	G	0
NC_045512.2	29101	A	0
NC_045512.2	29102	C	1
NC_045512.2	29103	G	0
NC_045512.2	29104	T	0
NC_045512.2	29105	G	0
NC_045512.2	29106	G	0
NC_045512.2	29107	T	0
NC_045512.2	29108	C	0
NC_045512.2	29109	C	0
NC_045512.2	29110	A	0
NC_045512.2	29111	G	0
NC_045512.2	29112	A	0
NC_045512.2	29113	A	0
NC_045512.2	29114	C	0
NC_045512.2	29115	A	0
NC_045512.2	29116	A	0
NC_045512.2	29117	A	0
NC_045512.2	29118	C	0
NC_045512.2	29119	C	0
NC_045512.2	29120	C	0
NC_045512.2	29121	A	0
NC_045512.2	29122	A	0
NC_045512.2	29123	G	0
NC_045512.2	29124	G	0
NC_045512.2	29125	A	0
NC_045512.2	29126	A	0
NC_045512.2	29127	A	0
NC_045512.2	29128	T	0
NC_045512.2	29129	T	0
NC_045512.2	29130	T	0
NC_045512.2	29131	T	0
NC_045512.2	29132	G	0
NC_045512.2	29133	G	0
NC_045512.2	29134	G	0
NC_045512.2	29135	G	0
NC_045512.2	29136	A	0
NC_045512.2	29137	C	0
NC_045512.2	29138	C	0
NC_045512.2	29139	A	0
NC_045512.2	29140	G	0
NC_045512.2	29141	G	0
NC_045512.2	29142	A	0
NC_045512.2	29143	A	0
NC_045512.2	29144	C	0
NC_045512.2	29145	T	0
NC_045512.2	29146	A	0
NC_045512.2	29147	A	0
NC_045512.2	29148	T	0
NC_045512.2	29149	C	0
NC_045512.2	29150	A	0
NC_045512.2	29151	G	0
NC_045512.2	29152	A	0
NC_045512.2	29153	C	1
NC_045512.2	29154	A	1
NC_045512.2	29155	A	1
NC_045512.2	29156	G	1
NC_045512.2	29157	G	1
NC_045512.2	29158	A	1
NC_045512.2	29159	A	1
NC_045512.2	29160	C	1
NC_045512.2	29161	T	1
NC_045512.2	29162	G	1
NC_045512.2	29163	A	1
NC_045512.2	29164	T	1
NC_045512.2	29165	T	1
NC_045512.2	29166	A	1
NC_045512.2	29167	C	1
NC_045512.2	29168	A	1
NC_045512.2	29169	A	1
NC_045512.2	29170	A	2
NC_045512.2	29171	C	2
NC_045512.2	29172	A	2
NC_045512.2	29173	T	2
NC_045512.2	29174	T	2
NC_045512.2	29175	G	2
NC_045512.2	29176	G	2
NC_045512.2	29177	C	2
NC_045512.2	29178	C	2
NC_045512.2	29179	G	2
NC_045512.2	29180	C	2
NC_045512.2	29181	A	2
NC_045512.2	29182	A	2
NC_045512.2	29183	A	1
NC_045512.2	29184	T	1
NC_045512.2	29185	T	1
NC_045512.2	29186	G	1
NC_045512.2	29187	C	1
NC_045512.2	29188	A	1
NC_045512.2	29189	C	1
NC_045512.2	29190	A	1
NC_045512.2	29191	A	1
NC_045512.2	29192	T	1
NC_045512.2	29193	T	1
NC_045512.2	29194	T	1
NC_045512.2	29195	G	2
NC_045512.2	29196	C	2
NC_045512.2	29197	C	2
NC_045512.2	29198	C	2
NC_045512.2	29199	C	2
NC_045512.2	29200	C	1
NC_045512.2	29201	A	1
NC_045512.2	29202	G	1
NC_045512.2	29203	C	1
NC_045512.2	29204	G	1
NC_045512.2	29205	C	1
NC_045512.2	29206	T	1
NC_045512.2	29207	T	1
NC_045512.2	29208	C	1
NC_045512.2	29209	A	1
NC_045512.2	29210	G	1
NC_045512.2	29211	C	1
NC_045512.2	29212	G	1
NC_045512.2	29213	T	1
NC_045512.2	29214	T	1
NC_045512.2	29215	C	1
NC_045512.2	29216	T	1
NC_045512.2	29217	T	1
NC_045512.2	29218	C	1
NC_045512.2	29219	G	1
NC_045512.2	29220	G	1
NC_045512.2	29221	A	1
NC_045512.2	29222	A	2
NC_045512.2	29223	T	2
NC_045512.2	29224	G	2
NC_045512.2	29225	T	1
NC_045512.2	29226	C	1
NC_045512.2	29227	G	1
NC_045512.2	29228	C	1
NC_045512.2	29229	G	1
NC_045512.2	29230	C	1
NC_045512.2	29231	A	1
NC_045512.2	29232	T	1
NC_045512.2	29233	T	1
NC_045512.2	29234	G	1
NC_045512.2	29235	G	1
NC_045512.2	29236	C	1
NC_045512.2	29237	A	1
NC_045512.2	29238	T	1
NC_045512.2	29239	G	1
NC_045512.2	29240	G	1
NC_045512.2	29241	A	1
NC_045512.2	29242	A	1
NC_045512.2	29243	G	1
NC_045512.2	29244	T	1
NC_045512.2	29245	C	1
NC_045512.2	29246	A	1
NC_045512.2	29247	C	1
NC_045512.2	29248	A	1
NC_045512.2	29249	C	1
NC_045512.2	29250	C	1
NC_045512.2	29251	T	1
NC_045512.2	29252	T	0
NC_045512.2	29253	C	0
NC_045512.2	29254	G	0
NC_045512.2	29255	G	0
NC_045512.2	29256	G	0
NC_045512.2	29257	A	0
NC_045512.2	29258	A	0
NC_045512.2	29259	C	0
NC_045512.2	29260	G	0
NC_045512.2	29261	T	0
NC_045512.2	29262	G	0
NC_045512.2	29263	G	0
NC_045512.2	29264	T	0
NC_045512.2	29265	T	9
NC_045512.2	29266	G	13
NC_045512.2	29267	A	28
NC_045512.2	29268	C	27
NC_045512.2	29269	C	29
NC_045512.2	29270	T	29
NC_045512.2	29271	A	30
NC_045512.2	29272	C	69
NC_045512.2	29273	A	71
NC_045512.2	29274	C	71
NC_045512.2	29275	A	72
NC_045512.2	29276	G	71
NC_045512.2	29277	G	73
NC_045512.2	29278	T	87
NC_045512.2	29279	G	89
NC_045512.2	29280	C	91
NC_045512.2	29281	C	91
NC_045512.2	29282	A	89
NC_045512.2	29283	T	102
NC_045512.2	29284	C	105
NC_045512.2	29285	A	109
NC_045512.2	29286	A	111
NC_045512.2	29287	A	106
NC_045512.2	29288	T	114
NC_045512.2	29289	T	115
NC_045512.2	29290	G	116
NC_045512.2	29291	G	117
NC_045512.2	29292	A	114
NC_045512.2	29293	T	118
NC_045512.2	29294	G	119
NC_045512.2	29295	A	110
NC_045512.2	29296	C	113
NC_045512.2	29297	A	103
NC_045512.2	29298	A	105
NC_045512.2	29299	A	102
NC_045512.2	29300	G	101
NC_045512.2	29301	A	98
NC_045512.2	29302	T	73
NC_045512.2	29303	C	72
NC_045512.2	29304	C	72
NC_045512.2	29305	A	70
NC_045512.2	29306	A	71
NC_045512.2	29307	A	71
NC_045512.2	29308	T	58
NC_045512.2	29309	T	56
NC_045512.2	29310	T	64
NC_045512.2	29311	C	64
NC_045512.2	29312	A	65
NC_045512.2	29313	A	62
NC_045512.2	29314	A	60
NC_045512.2	29315	G	54
NC_045512.2	29316	A	58
NC_045512.2	29317	T	61
NC_045512.2	29318	C	66
NC_045512.2	29319	A	69
NC_045512.2	29320	A	63
NC_045512.2	29321	G	64
NC_045512.2	29322	T	62
NC_045512.2	29323	C	71
NC_045512.2	29324	A	71
NC_045512.2	29325	T	69
NC_045512.2	29326	T	82
NC_045512.2	29327	T	82
NC_045512.2	29328	T	81
NC_045512.2	29329	G	80
NC_045512.2	29330	C	80
NC_045512.2	29331	T	80
NC_045512.2	29332	G	82
NC_045512.2	29333	A	71
NC_045512.2	29334	A	72
NC_045512.2	29335	T	71
NC_045512.2	29336	A	70
NC_045512.2	29337	A	69
NC_045512.2	29338	G	72
NC_045512.2	29339	C	69
NC_045512.2	29340	A	61
NC_045512.2	29341	T	64
NC_045512.2	29342	A	60
NC_045512.2	29343	T	58
NC_045512.2	29344	T	59
NC_045512.2	29345	G	60
NC_045512.2	29346	A	54
NC_045512.2	29347	C	53
NC_045512.2	29348	G	58
NC_045512.2	29349	C	56
NC_045512.2	29350	A	53
NC_045512.2	29351	T	54
NC_045512.2	29352	A	56
NC_045512.2	29353	C	53
NC_045512.2	29354	A	49
NC_045512.2	29355	A	54
NC_045512.2	29356	A	42
NC_045512.2	29357	A	42
NC_045512.2	29358	C	43
NC_045512.2	29359	A	66
NC_045512.2	29360	T	65
NC_045512.2	29361	T	65
NC_045512.2	29362	C	63
NC_045512.2	29363	C	65
NC_045512.2	29364	C	71
NC_045512.2	29365	A	72
NC_045512.2	29366	C	70
NC_045512.2	29367	C	73
NC_045512.2	29368	A	69
NC_045512.2	29369	A	94
NC_045512.2	29370	C	94
NC_045512.2	29371	A	93
NC_045512.2	29372	G	98
NC_045512.2	29373	A	96
NC_045512.2	29374	G	100
NC_045512.2	29375	C	124
NC_045512.2	29376	C	127
NC_045512.2	29377	T	127
NC_045512.2	29378	A	123
NC_045512.2	29379	A	123
NC_045512.2	29380	A	122
NC_045512.2	29381	A	126
NC_045512.2	29382	A	123
NC_045512.2	29383	G	119
NC_045512.2	29384	G	121
NC_045512.2	29385	A	122
NC_045512.2	29386	C	118
NC_045512.2	29387	A	121
NC_045512.2	29388	A	122
NC_045512.2	29389	A	89
NC_045512.2	29390	A	90
NC_045512.2	29391	A	89
NC_045512.2	29392	G	91
NC_045512.2	29393	A	90
NC_045512.2	29394	A	84
NC_045512.2	29395	G	83
NC_045512.2	29396	A	84
NC_045512.2	29397	A	82
NC_045512.2	29398	G	81
NC_045512.2	29399	G	48
NC_045512.2	29400	C	43
NC_045512.2	29401	T	44
NC_045512.2	29402	G	47
NC_045512.2	29403	A	46
NC_045512.2	29404	T	39
NC_045512.2	29405	G	7
NC_045512.2	29406	A	6
NC_045512.2	29407	A	6
NC_045512.2	29408	A	4
NC_045512.2	29409	C	4
NC_045512.2	29410	T	4
NC_045512.2	29411	C	4
NC_045512.2	29412	A	4
NC_045512.2	29413	A	4
NC_045512.2	29414	G	4
NC_045512.2	29415	C	4
NC_045512.2	29416	C	4
NC_045512.2	29417	T	3
NC_045512.2	29418	T	3
NC_045512.2	29419	A	3
NC_045512.2	29420	C	3
NC_045512.2	29421	C	3
NC_045512.2	29422	G	3
NC_045512.2	29423	C	3
NC_045512.2	29424	A	3
NC_045512.2	29425	G	3
NC_045512.2	29426	A	3
NC_045512.2	29427	G	3
NC_045512.2	29428	A	3
NC_045512.2	29429	C	3
NC_045512.2	29430	A	1
NC_045512.2	29431	G	1
NC_045512.2	29432	A	1
NC_045512.2	29433	A	1
NC_045512.2	29434	G	1
NC_045512.2	29435	A	0
NC_045512.2	29436	A	0
NC_045512.2	29437	A	0
NC_045512.2	29438	C	0
NC_045512.2	29439	A	0
NC_045512.2	29440	G	0
NC_045512.2	29441	C	0
NC_045512.2	29442	A	0
NC_045512.2	29443	A	0
NC_045512.2	29444	A	0
NC_045512.2	29445	C	0
NC_045512.2	29446	T	0
NC_045512.2	29447	G	0
NC_045512.2	29448	T	0
NC_045512.2	29449	G	0
NC_045512.2	29450	A	0
NC_045512.2	29451	C	0
NC_045512.2	29452	T	0
NC_045512.2	29453	C	0
NC_045512.2	29454	T	0
NC_045512.2	29455	T	0
NC_045512.2	29456	C	0
NC_045512.2	29457	T	0
NC_045512.2	29458	T	0
NC_045512.2	29459	C	0
NC_045512.2	29460	C	0
NC_045512.2	29461	T	0
NC_045512.2	29462	G	0
NC_045512.2	29463	C	0
NC_045512.2	29464	T	0
NC_045512.2	29465	G	0
NC_045512.2	29466	C	0
NC_045512.2	29467	A	0
NC_045512.2	29468	G	0
NC_045512.2	29469	A	0
NC_045512.2	29470	T	0
NC_045512.2	29471	T	0
NC_045512.2	29472	T	0
NC_045512.2	29473	G	0
NC_045512.2	29474	G	1
NC_045512.2	29475	A	1
NC_045512.2	29476	T	1
NC_045512.2	29477	G	1
NC_045512.2	29478	A	1
NC_045512.2	29479	T	1
NC_045512.2	29480	T	1
NC_045512.2	29481	T	1
NC_045512.2	29482	C	1
NC_045512.2	29483	T	1
NC_045512.2	29484	C	1
NC_045512.2	29485	C	2
NC_045512.2	29486	A	2
NC_045512.2	29487	A	2
NC_045512.2	29488	A	2
NC_045512.2	29489	C	2
NC_045512.2	29490	A	2
NC_045512.2	29491	A	2
NC_045512.2	29492	T	2
NC_045512.2	29493	T	2
NC_045512.2	29494	G	2
NC_045512.2	29495	C	2
NC_045512.2	29496	A	2
NC_045512.2	29497	A	2
NC_045512.2	29498	C	2
NC_045512.2	29499	A	2
NC_045512.2	29500	A	2
NC_045512.2	29501	T	2
NC_045512.2	29502	C	2
NC_045512.2	29503	C	2
NC_045512.2	29504	A	1
NC_045512.2	29505	T	1
NC_045512.2	29506	G	1
NC_045512.2	29507	A	1
NC_045512.2	29508	G	1
NC_045512.2	29509	C	1
NC_045512.2	29510	A	1
NC_045512.2	29511	G	1
NC_045512.2	29512	T	1
NC_045512.2	29513	G	1
NC_045512.2	29514	C	1
NC_045512.2	29515	T	0
NC_045512.2	29516	G	0
NC_045512.2	29517	A	0
NC_045512.2	29518	C	0
NC_045512.2	29519	T	0
NC_045512.2	29520	C	0
NC_045512.2	29521	A	0
NC_045512.2	29522	A	1
NC_045512.2	29523	C	2
NC_045512.2	29524	T	2
NC_045512.2	29525	C	2
NC_045512.2	29526	A	2
NC_045512.2	29527	G	2
NC_045512.2	29528	G	2
NC_045512.2	29529	C	2
NC_045512.2	29530	C	2
NC_045512.2	29531	T	2
NC_045512.2	29532	A	2
NC_045512.2	29533	A	2
NC_045512.2	29534	A	2
NC_045512.2	29535	C	2
NC_045512.2	29536	T	2
NC_045512.2	29537	C	2
NC_045512.2	29538	A	2
NC_045512.2	29539	T	2
NC_045512.2	29540	G	2
NC_045512.2	29541	C	3
NC_045512.2	29542	A	3
NC_045512.2	29543	G	3
NC_045512.2	29544	A	3
NC_045512.2	29545	C	3
NC_045512.2	29546	C	3
NC_045512.2	29547	A	3
NC_045512.2	29548	C	3
NC_045512.2	29549	A	3
NC_045512.2	29550	C	3
NC_045512.2	29551	A	3
NC_045512.2	29552	A	2
NC_045512.2	29553	G	1
NC_045512.2	29554	G	2
NC_045512.2	29555	C	2
NC_045512.2	29556	A	3
NC_045512.2	29557	G	2
NC_045512.2	29558	A	3
NC_045512.2	29559	T	3
NC_045512.2	29560	G	3
NC_045512.2	29561	G	3
NC_045512.2	29562	G	3
NC_045512.2	29563	C	3
NC_045512.2	29564	T	3
NC_045512.2	29565	A	4
NC_045512.2	29566	T	3
NC_045512.2	29567	A	3
NC_045512.2	29568	T	4
NC_045512.2	29569	A	4
NC_045512.2	29570	A	4
NC_045512.2	29571	A	4
NC_045512.2	29572	C	3
NC_045512.2	29573	G	3
NC_045512.2	29574	T	4
NC_045512.2	29575	T	4
NC_045512.2	29576	T	3
NC_045512.2	29577	T	3
NC_045512.2	29578	C	3
NC_045512.2	29579	G	3
NC_045512.2	29580	C	3
NC_045512.2	29581	T	6
NC_045512.2	29582	T	6
NC_045512.2	29583	T	8
NC_045512.2	29584	T	13
NC_045512.2	29585	C	14
NC_045512.2	29586	C	13
NC_045512.2	29587	G	15
NC_045512.2	29588	T	15
NC_045512.2	29589	T	31
NC_045512.2	29590	T	30
NC_045512.2	29591	A	31
NC_045512.2	29592	C	32
NC_045512.2	29593	G	32
NC_045512.2	29594	A	31
NC_045512.2	29595	T	33
NC_045512.2	29596	A	33
NC_045512.2	29597	T	34
NC_045512.2	29598	A	36
NC_045512.2	29599	T	34
NC_045512.2	29600	A	33
NC_045512.2	29601	G	35
NC_045512.2	29602	T	35
NC_045512.2	29603	C	40
NC_045512.2	29604	T	40
NC_045512.2	29605	A	40
NC_045512.2	29606	C	40
NC_045512.2	29607	T	40
NC_045512.2	29608	C	40
NC_045512.2	29609	T	39
NC_045512.2	29610	T	48
NC_045512.2	29611	G	47
NC_045512.2	29612	T	45
NC_045512.2	29613	G	45
NC_045512.2	29614	C	42
NC_045512.2	29615	A	43
NC_045512.2	29616	G	45
NC_045512.2	29617	A	44
NC_045512.2	29618	A	46
NC_045512.2	29619	T	42
NC_045512.2	29620	G	42
NC_045512.2	29621	A	43
NC_045512.2	29622	A	56
NC_045512.2	29623	T	58
NC_045512.2	29624	T	58
NC_045512.2	29625	C	57
NC_045512.2	29626	T	57
NC_045512.2	29627	C	61
NC_045512.2	29628	G	58
NC_045512.2	29629	T	63
NC_045512.2	29630	A	61
NC_045512.2	29631	A	62
NC_045512.2	29632	C	68
NC_045512.2	29633	T	61
NC_045512.2	29634	A	62
NC_045512.2	29635	C	58
NC_045512.2	29636	A	59
NC_045512.2	29637	T	61
NC_045512.2	29638	A	62
NC_045512.2	29639	G	60
NC_045512.2	29640	C	58
NC_045512.2	29641	A	57
NC_045512.2	29642	C	60
NC_045512.2	29643	A	62
NC_045512.2	29644	A	61
NC_045512.2	29645	G	61
NC_045512.2	29646	T	61
NC_045512.2	29647	A	56
NC_045512.2	29648	G	74
NC_045512.2	29649	A	72
NC_045512.2	29650	T	69
NC_045512.2	29651	G	70
NC_045512.2	29652	T	55
NC_045512.2	29653	A	56
NC_045512.2	29654	G	56
NC_045512.2	29655	T	56
NC_045512.2	29656	T	55
NC_045512.2	29657	A	46
NC_045512.2	29658	A	47
NC_045512.2	29659	C	42
NC_045512.2	29660	T	59
NC_045512.2	29661	T	65
NC_045512.2	29662	T	55
NC_045512.2	29663	A	56
NC_045512.2	29664	A	55
NC_045512.2	29665	T	63
NC_045512.2	29666	C	64
NC_045512.2	29667	T	64
NC_045512.2	29668	C	66
NC_045512.2	29669	A	68
NC_045512.2	29670	C	64
NC_045512.2	29671	A	70
NC_045512.2	29672	T	69
NC_045512.2	29673	A	70
NC_045512.2	29674	G	68
NC_045512.2	29675	C	68
NC_045512.2	29676	A	67
NC_045512.2	29677	A	71
NC_045512.2	29678	T	65
NC_045512.2	29679	C	66
NC_045512.2	29680	T	69
NC_045512.2	29681	T	66
NC_045512.2	29682	T	67
NC_045512.2	29683	A	69
NC_045512.2	29684	A	68
NC_045512.2	29685	T	64
NC_045512.2	29686	C	70
NC_045512.2	29687	A	70
NC_045512.2	29688	G	70
NC_045512.2	29689	T	68
NC_045512.2	29690	G	39
NC_045512.2	29691	T	27
NC_045512.2	29692	G	22
NC_045512.2	29693	T	24
NC_045512.2	29694	A	24
NC_045512.2	29695	A	12
NC_045512.2	29696	C	11
NC_045512.2	29697	A	8
NC_045512.2	29698	T	8
NC_045512.2	29699	T	5
NC_045512.2	29700	A	5
NC_045512.2	29701	G	1
NC_045512.2	29702	G	1
NC_045512.2	29703	G	1
NC_045512.2	29704	A	1
NC_045512.2	29705	G	1
NC_045512.2	29706	G	1
NC_045512.2	29707	A	1
NC_045512.2	29708	C	1
NC_045512.2	29709	T	1
NC_045512.2	29710	T	0
NC_045512.2	29711	G	1
NC_045512.2	29712	A	1
NC_045512.2	29713	A	1
NC_045512.2	29714	A	1
NC_045512.2	29715	G	1
NC_045512.2	29716	A	0
NC_045512.2	29717	G	0
NC_045512.2	29718	C	0
NC_045512.2	29719	C	0
NC_045512.2	29720	A	0
NC_045512.2	29721	C	0
NC_045512.2	29722	C	0
NC_045512.2	29723	A	0
NC_045512.2	29724	C	0
NC_045512.2	29725	A	0
NC_045512.2	29726	T	0
NC_045512.2	29727	T	0
NC_045512.2	29728	T	0
NC_045512.2	29729	T	0
NC_045512.2	29730	C	0
NC_045512.2	29731	A	0
NC_045512.2	29732	C	0
NC_045512.2	29733	C	0
NC_045512.2	29734	G	0
NC_045512.2	29735	A	0
NC_045512.2	29736	G	0
NC_045512.2	29737	G	0
NC_045512.2	29738	C	0
NC_045512.2	29739	C	0
NC_045512.2	29740	A	0
NC_045512.2	29741	C	0
NC_045512.2	29742	G	0
NC_045512.2	29743	C	0
NC_045512.2	29744	G	0
NC_045512.2	29745	G	0
NC_045512.2	29746	A	0
NC_045512.2	29747	G	0
NC_045512.2	29748	T	0
NC_045512.2	29749	A	0
NC_045512.2	29750	C	0
NC_045512.2	29751	G	0
NC_045512.2	29752	A	0
NC_045512.2	29753	T	0
NC_045512.2	29754	C	0
NC_045512.2	29755	G	0
NC_045512.2	29756	A	0
NC_045512.2	29757	G	0
NC_045512.2	29758	T	0
NC_045512.2	29759	G	0
NC_045512.2	29760	T	0
NC_045512.2	29761	A	0
NC_045512.2	29762	C	0
NC_045512.2	29763	A	0
NC_045512.2	29764	G	0
NC_045512.2	29765	T	0
NC_045512.2	29766	G	0
NC_045512.2	29767	A	0
NC_045512.2	29768	A	0
NC_045512.2	29769	C	0
NC_045512.2	29770	A	0
NC_045512.2	29771	A	0
NC_045512.2	29772	T	0
NC_045512.2	29773	G	0
NC_045512.2	29774	C	0
NC_045512.2	29775	T	0
NC_045512.2	29776	A	0
NC_045512.2	29777	G	0
NC_045512.2	29778	G	0
NC_045512.2	29779	G	0
NC_045512.2	29780	A	0
NC_045512.2	29781	G	0
NC_045512.2	29782	A	0
NC_045512.2	29783	G	0
NC_045512.2	29784	C	0
NC_045512.2	29785	T	0
NC_045512.2	29786	G	0
NC_045512.2	29787	C	0
NC_045512.2	29788	C	0
NC_045512.2	29789	T	0
NC_045512.2	29790	A	0
NC_045512.2	29791	T	0
NC_045512.2	29792	A	0
NC_045512.2	29793	T	0
NC_045512.2	29794	G	0
NC_045512.2	29795	G	0
NC_045512.2	29796	A	0
NC_045512.2	29797	A	0
NC_045512.2	29798	G	0
NC_045512.2	29799	A	0
NC_045512.2	29800	G	0
NC_045512.2	29801	C	0
NC_045512.2	29802	C	0
NC_045512.2	29803	C	0
NC_045512.2	29804	T	0
NC_045512.2	29805	A	0
NC_045512.2	29806	A	0
NC_045512.2	29807	T	0
NC_045512.2	29808	G	0
NC_045512.2	29809	T	0
NC_045512.2	29810	G	0
NC_045512.2	29811	T	0
NC_045512.2	29812	A	0
NC_045512.2	29813	A	0
NC_045512.2	29814	A	0
NC_045512.2	29815	A	0
NC_045512.2	29816	T	0
NC_045512.2	29817	T	0
NC_045512.2	29818	A	0
NC_045512.2	29819	A	0
NC_045512.2	29820	T	0
NC_045512.2	29821	T	0
NC_045512.2	29822	T	0
NC_045512.2	29823	T	0
NC_045512.2	29824	A	0
NC_045512.2	29825	G	0
NC_045512.2	29826	T	0
NC_045512.2	29827	A	0
NC_045512.2	29828	G	0
NC_045512.2	29829	T	0
NC_045512.2	29830	G	0
NC_045512.2	29831	C	0
NC_045512.2	29832	T	0
NC_045512.2	29833	A	0
NC_045512.2	29834	T	0
NC_045512.2	29835	C	0
NC_045512.2	29836	C	0
NC_045512.2	29837	C	0
NC_045512.2	29838	C	0
NC_045512.2	29839	A	0
NC_045512.2	29840	T	0
NC_045512.2	29841	G	0
NC_045512.2	29842	T	0
NC_045512.2	29843	G	0
NC_045512.2	29844	A	0
NC_045512.2	29845	T	0
NC_045512.2	29846	T	0
NC_045512.2	29847	T	0
NC_045512.2	29848	T	0
NC_045512.2	29849	A	0
NC_045512.2	29850	A	0
NC_045512.2	29851	T	0
NC_045512.2	29852	A	0
NC_045512.2	29853	G	0
NC_045512.2	29854	C	0
NC_045512.2	29855	T	0
NC_045512.2	29856	T	0
NC_045512.2	29857	C	0
NC_045512.2	29858	T	0
NC_045512.2	29859	T	0
NC_045512.2	29860	A	0
NC_045512.2	29861	G	0
NC_045512.2	29862	G	0
NC_045512.2	29863	A	0
NC_045512.2	29864	G	0
NC_045512.2	29865	A	0
NC_045512.2	29866	A	0
NC_045512.2	29867	T	0
NC_045512.2	29868	G	0
NC_045512.2	29869	A	0
NC_045512.2	29870	C	0
NC_045512.2	29871	A	1
NC_045512.2	29872	A	1
NC_045512.2	29873	A	1
NC_045512.2	29874	A	1
NC_045512.2	29875	A	1
NC_045512.2	29876	A	1
NC_045512.2	29877	A	1
NC_045512.2	29878	A	1
NC_045512.2	29879	A	1
NC_045512.2	29880	A	1
NC_045512.2	29881	A	1
NC_045512.2	29882	A	1
NC_045512.2	29883	A	1
NC_045512.2	29884	A	1
NC_045512.2	29885	A	1
NC_045512.2	29886	A	1
NC_045512.2	29887	A	1
NC_045512.2	29888	A	1
NC_045512.2	29889	A	1
NC_045512.2	29890	A	1
NC_045512.2	29891	A	1
NC_045512.2	29892	A	1
NC_045512.2	29893	A	1
NC_045512.2	29894	A	1
NC_045512.2	29895	A	1
NC_045512.2	29896	A	1
NC_045512.2	29897	A	1
NC_045512.2	29898	A	1
NC_045512.2	29899	A	1
NC_045512.2	29900	A	1
NC_045512.2	29901	A	0
NC_045512.2	29902	A	0
NC_045512.2	29903	A	0
