REGION	POS	REF	ALT	REF_DP	REF_RV	REF_QUAL	ALT_DP	ALT_RV	ALT_QUAL	ALT_FREQ	TOTAL_DP	PVAL	PASS	GFF_FEATURE	REF_CODON	REF_AA	ALT_CODON	ALT_AA	POS_AA
NC_045512.2	241	C	T	0	0	0	1	1	38	1	1	1	FALSE	NA	NA	NA	NA	NA	NA
NC_045512.2	536	G	A	54	27	39	1	0	35	0.0181818	55	0.504587	FALSE	NA	NA	NA	NA	NA	NA
NC_045512.2	2062	C	T	113	79	40	1	1	35	0.00877193	114	0.502203	FALSE	NA	NA	NA	NA	NA	NA
NC_045512.2	2094	C	T	84	76	42	1	1	37	0.0117647	85	0.502959	FALSE	NA	NA	NA	NA	NA	NA
NC_045512.2	2680	T	C	18	2	37	1	0	39	0.0526316	19	0.513514	FALSE	NA	NA	NA	NA	NA	NA
NC_045512.2	2954	T	C	0	0	0	3	0	38	1	3	0.1	FALSE	NA	NA	NA	NA	NA	NA
NC_045512.2	2981	T	C	53	17	56	1	0	37	0.0185185	54	0.504673	FALSE	NA	NA	NA	NA	NA	NA
NC_045512.2	3037	C	T	0	0	0	1	1	39	1	1	1	FALSE	NA	NA	NA	NA	NA	NA
NC_045512.2	3259	G	T	88	26	42	1	0	39	0.011236	89	0.502825	FALSE	NA	NA	NA	NA	NA	NA
NC_045512.2	4184	G	A	0	0	0	6	3	38	1	6	0.0021645	TRUE	NA	NA	NA	NA	NA	NA
NC_045512.2	4546	T	A	1	0	37	1	1	37	0.5	2	0.666667	FALSE	NA	NA	NA	NA	NA	NA
NC_045512.2	5486	T	C	83	78	42	1	1	39	0.0119048	84	0.502994	FALSE	NA	NA	NA	NA	NA	NA
NC_045512.2	5802	A	G	75	73	42	2	2	39	0.025974	77	0.251634	FALSE	NA	NA	NA	NA	NA	NA
NC_045512.2	5896	A	C	2	0	36	1	0	33	0.333333	3	0.6	FALSE	NA	NA	NA	NA	NA	NA
NC_045512.2	8170	A	G	10	2	38	1	0	36	0.0909091	11	0.52381	FALSE	NA	NA	NA	NA	NA	NA
NC_045512.2	9344	C	T	0	0	0	1	1	39	1	1	1	FALSE	NA	NA	NA	NA	NA	NA
NC_045512.2	9424	A	G	0	0	0	2	2	38	1	2	0.333333	FALSE	NA	NA	NA	NA	NA	NA
NC_045512.2	10228	C	T	72	1	38	3	0	37	0.04	75	0.124983	FALSE	NA	NA	NA	NA	NA	NA
NC_045512.2	10644	A	G	51	44	41	1	1	37	0.0192308	52	0.504854	FALSE	NA	NA	NA	NA	NA	NA
NC_045512.2	11074	C	-T	2	2	35	1	0	20	0.5	2	0.75	FALSE	NA	NA	NA	NA	NA	NA
NC_045512.2	11199	C	T	112	24	41	1	0	39	0.00884956	113	0.502222	FALSE	NA	NA	NA	NA	NA	NA
NC_045512.2	11533	A	G	124	88	42	1	1	33	0.008	125	0.502008	FALSE	NA	NA	NA	NA	NA	NA
NC_045512.2	12160	G	A	0	0	0	14	9	37	1	14	4.98547e-08	TRUE	NA	NA	NA	NA	NA	NA
NC_045512.2	12493	C	T	19	16	41	1	1	37	0.05	20	0.512821	FALSE	NA	NA	NA	NA	NA	NA
NC_045512.2	12976	A	G	99	1	38	1	0	38	0.01	100	0.502513	FALSE	NA	NA	NA	NA	NA	NA
NC_045512.2	13037	A	T	142	93	41	1	0	36	0.00699301	143	0.501754	FALSE	NA	NA	NA	NA	NA	NA
NC_045512.2	13254	G	T	32	1	37	1	0	30	0.030303	33	0.507692	FALSE	NA	NA	NA	NA	NA	NA
NC_045512.2	13367	A	C	400	364	39	1	1	25	0.00249377	401	0.969333	FALSE	NA	NA	NA	NA	NA	NA
NC_045512.2	13379	G	T	435	419	39	1	1	33	0.00229358	436	0.500574	FALSE	NA	NA	NA	NA	NA	NA
NC_045512.2	13616	A	G	15	0	38	1	0	30	0.0625	16	0.516129	FALSE	NA	NA	NA	NA	NA	NA
NC_045512.2	14257	T	C	25	21	45	7	7	37	0.21875	32	0.00608356	TRUE	NA	NA	NA	NA	NA	NA
NC_045512.2	15210	A	G	26	26	38	1	1	33	0.037037	27	0.509434	FALSE	NA	NA	NA	NA	NA	NA
NC_045512.2	15714	C	T	0	0	0	34	25	38	1	34	7.02913e-20	TRUE	NA	NA	NA	NA	NA	NA
NC_045512.2	15744	C	T	170	36	38	1	0	39	0.00584795	171	0.501466	FALSE	NA	NA	NA	NA	NA	NA
NC_045512.2	16115	A	G	272	265	39	1	1	39	0.003663	273	0.500917	FALSE	NA	NA	NA	NA	NA	NA
NC_045512.2	16541	A	G	97	11	47	1	1	77	0.0102041	98	0.502564	FALSE	NA	NA	NA	NA	NA	NA
NC_045512.2	16597	A	-TT	63	37	38	2	0	20	0.031746	63	0.259968	FALSE	NA	NA	NA	NA	NA	NA
NC_045512.2	16616	C	A	56	42	41	1	1	37	0.0175439	57	0.504425	FALSE	NA	NA	NA	NA	NA	NA
NC_045512.2	16935	G	A	57	44	41	18	16	37	0.24	75	1.36154e-06	TRUE	NA	NA	NA	NA	NA	NA
NC_045512.2	17410	C	T	0	0	0	2	2	39	1	2	0.333333	FALSE	NA	NA	NA	NA	NA	NA
NC_045512.2	17772	T	C	21	2	50	1	0	39	0.0454545	22	0.511628	FALSE	NA	NA	NA	NA	NA	NA
NC_045512.2	18163	A	G	0	0	0	1	1	38	1	1	1	FALSE	NA	NA	NA	NA	NA	NA
NC_045512.2	18714	C	T	54	10	38	1	0	39	0.0181818	55	0.504587	FALSE	NA	NA	NA	NA	NA	NA
NC_045512.2	19057	T	A	67	24	38	1	1	39	0.0147059	68	0.503704	FALSE	NA	NA	NA	NA	NA	NA
NC_045512.2	19135	T	G	63	60	40	1	1	27	0.015625	64	0.503937	FALSE	NA	NA	NA	NA	NA	NA
NC_045512.2	19141	T	C	49	49	37	1	1	36	0.02	50	0.505051	FALSE	NA	NA	NA	NA	NA	NA
NC_045512.2	21618	C	T	0	0	0	1	1	39	1	1	1	FALSE	NA	NA	NA	NA	NA	NA
NC_045512.2	21766	A	C	3	3	38	1	1	29	0.25	4	0.571429	FALSE	NA	NA	NA	NA	NA	NA
NC_045512.2	21770	G	A	4	4	39	1	1	37	0.2	5	0.555556	FALSE	NA	NA	NA	NA	NA	NA
NC_045512.2	21778	G	A	21	21	38	1	1	38	0.0454545	22	0.511628	FALSE	NA	NA	NA	NA	NA	NA
NC_045512.2	23403	A	G	0	0	0	16	6	38	1	16	3.32734e-09	TRUE	NA	NA	NA	NA	NA	NA
NC_045512.2	23405	G	T	11	3	35	3	1	39	0.214286	14	0.124444	FALSE	NA	NA	NA	NA	NA	NA
NC_045512.2	23417	G	T	34	10	38	1	0	39	0.0285714	35	0.507246	FALSE	NA	NA	NA	NA	NA	NA
NC_045512.2	23447	C	-T	71	35	40	1	0	20	0.0140845	71	0.507042	FALSE	NA	NA	NA	NA	NA	NA
NC_045512.2	25214	C	T	83	27	46	1	0	53	0.0119048	84	0.502994	FALSE	NA	NA	NA	NA	NA	NA
NC_045512.2	25269	G	A	11	6	47	1	0	30	0.0833333	12	0.521739	FALSE	NA	NA	NA	NA	NA	NA
NC_045512.2	25584	C	T	0	0	0	14	14	37	1	14	4.98547e-08	TRUE	NA	NA	NA	NA	NA	NA
NC_045512.2	26577	C	G	0	0	0	1	1	39	1	1	1	FALSE	NA	NA	NA	NA	NA	NA
NC_045512.2	26765	T	-A	75	36	47	1	0	20	0.0133333	75	0.506667	FALSE	NA	NA	NA	NA	NA	NA
NC_045512.2	27363	A	T	93	35	40	1	1	39	0.0106383	94	0.502674	FALSE	NA	NA	NA	NA	NA	NA
NC_045512.2	27389	C	-G	136	120	38	1	0	20	0.00735294	136	0.754585	FALSE	NA	NA	NA	NA	NA	NA
NC_045512.2	27390	G	A	122	111	39	1	0	38	0.00813008	123	0.5	FALSE	NA	NA	NA	NA	NA	NA
NC_045512.2	27576	T	C	3	2	39	1	1	38	0.25	4	0.571429	FALSE	NA	NA	NA	NA	NA	NA
NC_045512.2	27807	C	T	0	0	0	3	2	39	1	3	0.1	FALSE	NA	NA	NA	NA	NA	NA
NC_045512.2	27889	C	T	26	23	38	86	68	39	0.767857	112	9.82218e-39	TRUE	NA	NA	NA	NA	NA	NA
NC_045512.2	28163	C	A	364	20	39	1	0	38	0.00273973	365	0.500686	FALSE	NA	NA	NA	NA	NA	NA
NC_045512.2	28205	C	A	214	67	38	1	0	38	0.00465116	215	0.501166	FALSE	NA	NA	NA	NA	NA	NA
NC_045512.2	28242	G	-T	479	454	38	1	0	20	0.00208768	479	0.969399	FALSE	NA	NA	NA	NA	NA	NA
NC_045512.2	28242	G	+T	479	454	38	1	0	20	0.00208768	479	0.969399	FALSE	NA	NA	NA	NA	NA	NA
NC_045512.2	28271	A	T	0	0	0	68	68	38	1	68	3.36185e-40	TRUE	NA	NA	NA	NA	NA	NA
NC_045512.2	28311	C	T	0	0	0	3	0	38	1	3	0.1	FALSE	NA	NA	NA	NA	NA	NA
NC_045512.2	28312	C	T	2	0	34	1	0	39	0.333333	3	0.6	FALSE	NA	NA	NA	NA	NA	NA
NC_045512.2	28363	A	T	0	0	0	5	0	34	1	5	0.00793651	TRUE	NA	NA	NA	NA	NA	NA
NC_045512.2	28370	A	G	0	0	0	14	0	37	1	14	4.98547e-08	TRUE	NA	NA	NA	NA	NA	NA
NC_045512.2	28657	C	T	115	16	42	1	0	39	0.00862069	116	0.502165	FALSE	NA	NA	NA	NA	NA	NA
NC_045512.2	28681	G	T	57	15	44	38	13	41	0.4	95	4.31608e-14	TRUE	NA	NA	NA	NA	NA	NA
NC_045512.2	28747	G	-C	59	46	43	1	0	20	0.0169492	59	0.508475	FALSE	NA	NA	NA	NA	NA	NA
NC_045512.2	29376	C	A	100	89	42	1	1	39	0.00990099	101	0.502488	FALSE	NA	NA	NA	NA	NA	NA
NC_045512.2	29510	A	C	0	0	0	1	1	38	1	1	1	FALSE	NA	NA	NA	NA	NA	NA
