REGION	POS	REF	ALT	REF_DP	REF_RV	REF_QUAL	ALT_DP	ALT_RV	ALT_QUAL	ALT_FREQ	TOTAL_DP	PVAL	PASS	GFF_FEATURE	REF_CODON	REF_AA	ALT_CODON	ALT_AA	POS_AA
NC_045512.2	356	T	C	5512	24	33	1	0	34	0.000181389	5513	0.984405	FALSE	NA	NA	NA	NA	NA	NA
NC_045512.2	360	G	T	5645	24	34	4	0	34	0.00070809	5649	0.746268	FALSE	NA	NA	NA	NA	NA	NA
NC_045512.2	361	A	G	5658	24	34	1	0	34	0.00017671	5659	0.984404	FALSE	NA	NA	NA	NA	NA	NA
NC_045512.2	363	A	G	5383	65	32	1	0	34	0.000185736	5384	0.984405	FALSE	NA	NA	NA	NA	NA	NA
NC_045512.2	366	C	T	6663	101	34	2	0	34	0.000300075	6665	0.964901	FALSE	NA	NA	NA	NA	NA	NA
NC_045512.2	370	G	T	6891	104	34	1	0	34	0.000145096	6892	0.992203	FALSE	NA	NA	NA	NA	NA	NA
NC_045512.2	371	G	T	7133	128	34	2	0	51	0.000280308	7135	0.250018	FALSE	NA	NA	NA	NA	NA	NA
NC_045512.2	372	A	G	7159	250	35	1	0	34	0.000139665	7160	0.996104	FALSE	NA	NA	NA	NA	NA	NA
NC_045512.2	375	A	G	7121	321	35	1	0	34	0.00014041	7122	0.996104	FALSE	NA	NA	NA	NA	NA	NA
NC_045512.2	378	T	C	8133	358	35	4	0	34	0.000491582	8137	0.927106	FALSE	NA	NA	NA	NA	NA	NA
NC_045512.2	380	T	G	8283	386	36	1	0	34	0.000120715	8284	0.998052	FALSE	NA	NA	NA	NA	NA	NA
NC_045512.2	381	T	C	8681	386	36	4	0	34	0.000460564	8685	0.927099	FALSE	NA	NA	NA	NA	NA	NA
NC_045512.2	383	T	C	8779	406	36	1	0	34	0.000113895	8780	0.998052	FALSE	NA	NA	NA	NA	NA	NA
NC_045512.2	386	G	C	8808	407	36	1	0	34	0.00011352	8809	0.998052	FALSE	NA	NA	NA	NA	NA	NA
NC_045512.2	387	A	G	8821	410	36	1	0	34	0.000113353	8822	0.998052	FALSE	NA	NA	NA	NA	NA	NA
NC_045512.2	388	G	C	8843	407	36	1	0	34	0.000113071	8844	0.998052	FALSE	NA	NA	NA	NA	NA	NA
NC_045512.2	389	G	A	8829	408	36	2	0	47	0.000226475	8831	0.250014	FALSE	NA	NA	NA	NA	NA	NA
NC_045512.2	391	A	G	9000	440	36	1	0	34	0.000111099	9001	0.999026	FALSE	NA	NA	NA	NA	NA	NA
NC_045512.2	392	C	T	9924	452	36	1	0	34	0.000100756	9925	0.999026	FALSE	NA	NA	NA	NA	NA	NA
NC_045512.2	393	G	A	9995	451	36	1	0	68	0.00010004	9996	0.500025	FALSE	NA	NA	NA	NA	NA	NA
NC_045512.2	394	T	C	10043	453	36	5	2	68	0.000497611	10048	0.0312422	FALSE	NA	NA	NA	NA	NA	NA
NC_045512.2	397	A	T	9514	458	35	1	0	34	0.000105086	9516	0.999026	FALSE	NA	NA	NA	NA	NA	NA
NC_045512.2	397	A	G	9514	458	35	1	0	34	0.000105086	9516	0.999026	FALSE	NA	NA	NA	NA	NA	NA
NC_045512.2	399	A	T	9974	505	36	1	0	34	0.000100251	9975	0.999026	FALSE	NA	NA	NA	NA	NA	NA
NC_045512.2	402	T	C	10550	521	36	1	0	34	9.47777e-05	10551	0.999513	FALSE	NA	NA	NA	NA	NA	NA
NC_045512.2	403	T	+A	10547	553	36	1	0	20	9.48137e-05	10547	1	FALSE	NA	NA	NA	NA	NA	NA
NC_045512.2	404	A	G	10545	579	36	1	0	34	9.48227e-05	10546	0.999513	FALSE	NA	NA	NA	NA	NA	NA
NC_045512.2	408	A	T	10234	610	36	1	0	34	9.7704e-05	10235	0.999513	FALSE	NA	NA	NA	NA	NA	NA
NC_045512.2	410	G	T	10640	608	37	1	0	34	9.39585e-05	10643	0.999513	FALSE	NA	NA	NA	NA	NA	NA
NC_045512.2	410	G	A	10640	608	37	2	0	34	0.000187917	10643	0.996833	FALSE	NA	NA	NA	NA	NA	NA
NC_045512.2	411	G	A	10651	608	37	1	0	34	9.38791e-05	10652	0.999513	FALSE	NA	NA	NA	NA	NA	NA
NC_045512.2	412	C	T	10660	686	37	1	0	34	9.37998e-05	10661	0.999513	FALSE	NA	NA	NA	NA	NA	NA
NC_045512.2	413	A	G	10730	689	37	1	0	34	9.3188e-05	10731	0.999513	FALSE	NA	NA	NA	NA	NA	NA
NC_045512.2	415	T	C	10880	693	37	1	0	34	9.19033e-05	10881	0.999513	FALSE	NA	NA	NA	NA	NA	NA
NC_045512.2	420	G	A	11107	795	38	1	0	34	9.00252e-05	11108	0.999757	FALSE	NA	NA	NA	NA	NA	NA
NC_045512.2	422	T	C	11089	966	38	1	0	26	9.01713e-05	11090	1	FALSE	NA	NA	NA	NA	NA	NA
NC_045512.2	423	T	G	11167	972	39	1	0	34	8.95415e-05	11168	0.999757	FALSE	NA	NA	NA	NA	NA	NA
NC_045512.2	424	A	G	11183	971	38	5	1	40	0.000446907	11188	0.109365	FALSE	NA	NA	NA	NA	NA	NA
NC_045512.2	427	A	G	11187	975	38	2	0	51	0.000178747	11189	0.250011	FALSE	NA	NA	NA	NA	NA	NA
NC_045512.2	428	G	A	11275	977	39	1	0	34	8.86839e-05	11276	0.999757	FALSE	NA	NA	NA	NA	NA	NA
NC_045512.2	432	T	C	10996	1040	38	1	1	46	9.09339e-05	10997	0.750034	FALSE	NA	NA	NA	NA	NA	NA
NC_045512.2	434	G	-A	10733	1078	39	1	0	20	9.31706e-05	10733	1	FALSE	NA	NA	NA	NA	NA	NA
NC_045512.2	435	A	G	10751	1095	39	1	0	34	9.3006e-05	10752	0.999513	FALSE	NA	NA	NA	NA	NA	NA
NC_045512.2	438	A	G	10610	1135	39	1	0	34	9.42418e-05	10611	0.999513	FALSE	NA	NA	NA	NA	NA	NA
NC_045512.2	439	A	G	10603	1132	39	9	2	49	0.000848096	10612	0.0107318	FALSE	NA	NA	NA	NA	NA	NA
NC_045512.2	440	G	A	10518	1145	39	4	0	34	0.000380156	10522	0.971366	FALSE	NA	NA	NA	NA	NA	NA
NC_045512.2	442	C	G	9478	1261	39	1	0	34	0.000105496	9479	0.999026	FALSE	NA	NA	NA	NA	NA	NA
NC_045512.2	443	G	-T	9559	1260	39	3	0	20	0.00031384	9559	1	FALSE	NA	NA	NA	NA	NA	NA
NC_045512.2	444	T	G	9164	1307	39	2	0	29	0.000218198	9166	1	FALSE	NA	NA	NA	NA	NA	NA
NC_045512.2	449	C	T	8501	1476	38	1	0	34	0.000117619	8502	0.998052	FALSE	NA	NA	NA	NA	NA	NA
NC_045512.2	451	T	C	8557	1495	38	2	0	34	0.000233672	8559	0.989281	FALSE	NA	NA	NA	NA	NA	NA
NC_045512.2	454	A	G	8584	1599	37	1	0	34	0.000116482	8585	0.998052	FALSE	NA	NA	NA	NA	NA	NA
NC_045512.2	457	T	C	7707	1907	37	5	0	34	0.00064834	7712	0.806309	FALSE	NA	NA	NA	NA	NA	NA
NC_045512.2	461	C	T	7912	2020	38	1	0	34	0.000126374	7913	0.996103	FALSE	NA	NA	NA	NA	NA	NA
NC_045512.2	462	A	G	7700	1919	37	2	1	34	0.000259605	7704	0.980487	FALSE	NA	NA	NA	NA	NA	NA
NC_045512.2	462	A	C	7700	1919	37	2	0	34	0.000259605	7704	0.980487	FALSE	NA	NA	NA	NA	NA	NA
NC_045512.2	463	G	C	8798	1939	37	1	1	34	0.000113649	8799	0.998052	FALSE	NA	NA	NA	NA	NA	NA
NC_045512.2	465	C	T	8834	2133	37	3	0	34	0.000339482	8837	0.96734	FALSE	NA	NA	NA	NA	NA	NA
NC_045512.2	467	T	C	8448	2393	37	1	0	34	0.000118357	8449	0.998052	FALSE	NA	NA	NA	NA	NA	NA
NC_045512.2	471	T	C	8361	2437	37	3	2	45	0.00035868	8364	0.125	FALSE	NA	NA	NA	NA	NA	NA
NC_045512.2	473	T	C	8025	2303	37	1	0	34	0.000124595	8026	0.998052	FALSE	NA	NA	NA	NA	NA	NA
NC_045512.2	474	T	C	7988	2285	37	1	0	34	0.000125172	7989	0.996103	FALSE	NA	NA	NA	NA	NA	NA
NC_045512.2	475	C	G	8112	2409	38	1	0	34	0.000123259	8113	0.998052	FALSE	NA	NA	NA	NA	NA	NA
NC_045512.2	476	A	G	7981	2413	37	1	0	68	0.000125282	7982	0.500031	FALSE	NA	NA	NA	NA	NA	NA
NC_045512.2	479	A	G	7353	2484	37	1	0	34	0.00013598	7354	0.996103	FALSE	NA	NA	NA	NA	NA	NA
NC_045512.2	483	G	A	7128	2653	37	4	0	32	0.000560852	7132	0.886854	FALSE	NA	NA	NA	NA	NA	NA
NC_045512.2	485	T	C	7194	2754	37	2	2	34	0.000277932	7196	0.980508	FALSE	NA	NA	NA	NA	NA	NA
NC_045512.2	486	C	A	7188	2774	37	3	0	34	0.000417188	7191	0.945398	FALSE	NA	NA	NA	NA	NA	NA
NC_045512.2	489	A	G	7276	2891	37	1	0	34	0.000137419	7277	0.996103	FALSE	NA	NA	NA	NA	NA	NA
NC_045512.2	491	G	A	7360	2963	37	2	0	34	0.000271665	7362	0.980507	FALSE	NA	NA	NA	NA	NA	NA
NC_045512.2	496	A	G	7132	3528	37	1	1	34	0.000140193	7133	0.996104	FALSE	NA	NA	NA	NA	NA	NA
NC_045512.2	499	T	C	6842	3550	37	3	2	45	0.000438276	6845	0.125	FALSE	NA	NA	NA	NA	NA	NA
NC_045512.2	501	C	T	6806	3569	37	3	0	34	0.000440593	6809	0.910265	FALSE	NA	NA	NA	NA	NA	NA
NC_045512.2	505	T	C	6938	3450	37	3	3	34	0.000432214	6941	0.910263	FALSE	NA	NA	NA	NA	NA	NA
NC_045512.2	507	A	G	6792	3427	36	1	0	34	0.00014721	6793	0.992204	FALSE	NA	NA	NA	NA	NA	NA
NC_045512.2	509	G	A	6927	3451	36	2	1	34	0.000288642	6929	0.964899	FALSE	NA	NA	NA	NA	NA	NA
NC_045512.2	510	G	A	7064	3506	37	2	2	34	0.000283046	7066	0.980509	FALSE	NA	NA	NA	NA	NA	NA
NC_045512.2	511	T	C	7226	3694	37	1	1	34	0.00013837	7227	0.996103	FALSE	NA	NA	NA	NA	NA	NA
NC_045512.2	516	T	C	7347	3729	37	1	0	34	0.000136091	7348	0.996103	FALSE	NA	NA	NA	NA	NA	NA
NC_045512.2	525	A	G	6901	3428	37	1	0	34	0.000144886	6902	0.992203	FALSE	NA	NA	NA	NA	NA	NA
NC_045512.2	527	C	T	7500	4145	37	2	2	34	0.000266525	7504	0.980487	FALSE	NA	NA	NA	NA	NA	NA
NC_045512.2	527	C	A	7500	4145	37	2	2	34	0.000266525	7504	0.980487	FALSE	NA	NA	NA	NA	NA	NA
NC_045512.2	528	T	C	7488	4110	37	2	0	34	0.000267023	7490	0.980506	FALSE	NA	NA	NA	NA	NA	NA
NC_045512.2	530	G	T	7503	4088	37	2	0	34	0.000266454	7506	0.980497	FALSE	NA	NA	NA	NA	NA	NA
NC_045512.2	530	G	A	7503	4088	37	1	0	34	0.000133227	7506	0.996099	FALSE	NA	NA	NA	NA	NA	NA
NC_045512.2	531	T	C	7486	4071	37	1	0	68	0.000133565	7487	0.500033	FALSE	NA	NA	NA	NA	NA	NA
NC_045512.2	532	A	G	7478	4093	37	2	1	34	0.00026738	7480	0.980506	FALSE	NA	NA	NA	NA	NA	NA
NC_045512.2	534	C	T	7523	4163	37	3	3	34	0.000398618	7526	0.945394	FALSE	NA	NA	NA	NA	NA	NA
NC_045512.2	535	A	T	7476	4118	37	1	1	34	0.000133726	7478	0.996101	FALSE	NA	NA	NA	NA	NA	NA
NC_045512.2	535	A	G	7476	4118	37	1	1	34	0.000133726	7478	0.996101	FALSE	NA	NA	NA	NA	NA	NA
NC_045512.2	536	G	T	7514	4131	37	1	1	24	0.000133067	7515	1	FALSE	NA	NA	NA	NA	NA	NA
NC_045512.2	537	A	G	7655	4355	37	2	2	34	0.000261199	7657	0.980505	FALSE	NA	NA	NA	NA	NA	NA
NC_045512.2	538	A	G	7696	4331	37	1	1	34	0.000129921	7697	0.996103	FALSE	NA	NA	NA	NA	NA	NA
NC_045512.2	541	C	G	7675	4316	37	1	1	34	0.000130276	7676	0.996103	FALSE	NA	NA	NA	NA	NA	NA
NC_045512.2	542	G	-A	7664	4308	37	1	0	20	0.00013048	7664	1	FALSE	NA	NA	NA	NA	NA	NA
NC_045512.2	544	A	T	7696	4356	37	3	3	34	0.000389661	7699	0.945392	FALSE	NA	NA	NA	NA	NA	NA
NC_045512.2	545	G	T	7714	4362	37	1	0	34	0.000129618	7715	0.996103	FALSE	NA	NA	NA	NA	NA	NA
NC_045512.2	549	T	A	7790	4359	37	1	1	34	0.000128353	7791	0.996103	FALSE	NA	NA	NA	NA	NA	NA
NC_045512.2	552	A	T	7808	4289	37	1	1	26	0.000128025	7811	1	FALSE	NA	NA	NA	NA	NA	NA
NC_045512.2	552	A	G	7808	4289	37	2	1	51	0.000256049	7811	0.249984	FALSE	NA	NA	NA	NA	NA	NA
NC_045512.2	553	G	A	7959	4339	37	2	2	34	0.000251225	7961	0.980504	FALSE	NA	NA	NA	NA	NA	NA
NC_045512.2	554	T	C	8097	5016	37	1	0	34	0.000123487	8098	0.998052	FALSE	NA	NA	NA	NA	NA	NA
NC_045512.2	555	A	G	8078	4960	38	1	0	34	0.000123778	8079	0.998052	FALSE	NA	NA	NA	NA	NA	NA
NC_045512.2	557	G	T	7866	4765	38	1	1	34	0.000127113	7867	0.996103	FALSE	NA	NA	NA	NA	NA	NA
NC_045512.2	558	G	T	8038	4846	38	1	0	34	0.000124394	8039	0.998052	FALSE	NA	NA	NA	NA	NA	NA
NC_045512.2	559	T	C	7934	4876	38	1	1	34	0.000126024	7935	0.996103	FALSE	NA	NA	NA	NA	NA	NA
NC_045512.2	561	G	T	7829	4740	38	2	1	34	0.000255395	7831	0.980505	FALSE	NA	NA	NA	NA	NA	NA
NC_045512.2	562	T	C	7678	4623	38	1	1	68	0.000130225	7679	0.500033	FALSE	NA	NA	NA	NA	NA	NA
NC_045512.2	565	T	C	7177	4917	36	4	0	34	0.000557025	7181	0.886853	FALSE	NA	NA	NA	NA	NA	NA
NC_045512.2	568	T	C	6846	4616	36	1	1	34	0.000146049	6847	0.992203	FALSE	NA	NA	NA	NA	NA	NA
NC_045512.2	573	C	T	7326	5182	37	3	0	34	0.000409333	7329	0.945396	FALSE	NA	NA	NA	NA	NA	NA
NC_045512.2	575	C	T	7386	5232	37	1	1	34	0.000135355	7388	0.996101	FALSE	NA	NA	NA	NA	NA	NA
NC_045512.2	575	C	A	7386	5232	37	1	1	34	0.000135355	7388	0.996101	FALSE	NA	NA	NA	NA	NA	NA
NC_045512.2	576	T	G	7292	5150	37	1	1	26	0.000137118	7293	1	FALSE	NA	NA	NA	NA	NA	NA
NC_045512.2	577	T	C	7344	5210	37	1	0	68	0.000136147	7345	0.500034	FALSE	NA	NA	NA	NA	NA	NA
NC_045512.2	578	G	A	7332	5186	37	1	1	34	0.00013637	7333	0.996103	FALSE	NA	NA	NA	NA	NA	NA
NC_045512.2	582	T	G	7553	5413	37	1	1	26	0.000132363	7555	1	FALSE	NA	NA	NA	NA	NA	NA
NC_045512.2	582	T	C	7553	5413	37	1	0	60	0.000132363	7555	0.5	FALSE	NA	NA	NA	NA	NA	NA
NC_045512.2	584	C	A	7524	5442	37	6	6	34	0.000796813	7530	0.70964	FALSE	NA	NA	NA	NA	NA	NA
NC_045512.2	585	T	C	7452	5359	37	4	4	34	0.000536481	7456	0.886848	FALSE	NA	NA	NA	NA	NA	NA
NC_045512.2	586	T	C	7415	5329	37	3	3	34	0.000404422	7418	0.945395	FALSE	NA	NA	NA	NA	NA	NA
NC_045512.2	589	C	T	8987	7034	39	2	2	34	0.000222494	8989	0.98928	FALSE	NA	NA	NA	NA	NA	NA
NC_045512.2	591	C	T	8717	6912	38	3	1	34	0.000344037	8720	0.967341	FALSE	NA	NA	NA	NA	NA	NA
NC_045512.2	592	T	C	8677	6838	38	6	5	34	0.000691005	8683	0.788183	FALSE	NA	NA	NA	NA	NA	NA
NC_045512.2	593	C	G	8826	6989	38	1	0	34	0.000113289	8827	0.998052	FALSE	NA	NA	NA	NA	NA	NA
NC_045512.2	595	T	A	8991	7194	38	1	1	26	0.00011121	8992	1	FALSE	NA	NA	NA	NA	NA	NA
NC_045512.2	596	G	A	9003	7263	38	1	1	34	0.000111062	9004	0.999026	FALSE	NA	NA	NA	NA	NA	NA
NC_045512.2	597	T	C	8499	6830	38	3	3	34	0.000352858	8502	0.967342	FALSE	NA	NA	NA	NA	NA	NA
NC_045512.2	598	G	C	8603	6933	38	1	1	34	0.000116225	8604	0.998052	FALSE	NA	NA	NA	NA	NA	NA
NC_045512.2	600	G	A	8533	6892	38	3	1	56	0.000351453	8536	0.125	FALSE	NA	NA	NA	NA	NA	NA
NC_045512.2	602	G	A	8608	6993	38	3	0	34	0.000348392	8611	0.967341	FALSE	NA	NA	NA	NA	NA	NA
NC_045512.2	603	A	G	8668	7016	38	1	0	68	0.000115354	8669	0.500029	FALSE	NA	NA	NA	NA	NA	NA
NC_045512.2	604	A	G	8599	7085	38	1	1	34	0.000116279	8600	0.998052	FALSE	NA	NA	NA	NA	NA	NA
NC_045512.2	606	T	C	8647	7149	38	1	1	26	0.00011562	8649	1	FALSE	NA	NA	NA	NA	NA	NA
NC_045512.2	606	T	A	8647	7149	38	1	1	34	0.00011562	8649	0.998051	FALSE	NA	NA	NA	NA	NA	NA
NC_045512.2	607	A	G	8674	7186	38	2	2	68	0.000230521	8676	0.250014	FALSE	NA	NA	NA	NA	NA	NA
NC_045512.2	610	A	T	11262	10160	39	1	1	34	8.87863e-05	11263	0.999757	FALSE	NA	NA	NA	NA	NA	NA
NC_045512.2	611	G	A	11334	10272	39	1	1	34	8.82223e-05	11335	0.999757	FALSE	NA	NA	NA	NA	NA	NA
NC_045512.2	612	T	C	11139	10096	39	1	1	34	8.97585e-05	11141	0.999757	FALSE	NA	NA	NA	NA	NA	NA
NC_045512.2	612	T	A	11139	10096	39	1	1	26	8.97585e-05	11141	1	FALSE	NA	NA	NA	NA	NA	NA
NC_045512.2	613	G	C	11144	10097	39	1	1	34	8.97263e-05	11145	0.999757	FALSE	NA	NA	NA	NA	NA	NA
NC_045512.2	614	G	A	11274	10265	39	4	4	34	0.000354673	11278	0.982459	FALSE	NA	NA	NA	NA	NA	NA
NC_045512.2	616	T	C	11177	10332	38	2	2	51	0.000178907	11179	0.250011	FALSE	NA	NA	NA	NA	NA	NA
NC_045512.2	617	T	A	11142	10293	38	1	1	26	8.97424e-05	11143	1	FALSE	NA	NA	NA	NA	NA	NA
NC_045512.2	621	G	A	11135	10310	38	1	1	34	8.97989e-05	11136	0.999757	FALSE	NA	NA	NA	NA	NA	NA
NC_045512.2	623	A	G	10903	10105	38	1	1	68	9.17095e-05	10904	0.500023	FALSE	NA	NA	NA	NA	NA	NA
NC_045512.2	627	T	G	10347	9571	38	3	3	34	0.000289799	10352	0.988785	FALSE	NA	NA	NA	NA	NA	NA
NC_045512.2	627	T	C	10347	9571	38	2	2	68	0.000193199	10352	0.24994	FALSE	NA	NA	NA	NA	NA	NA
NC_045512.2	630	T	C	10209	9458	38	2	1	30	0.000195867	10211	0.996835	FALSE	NA	NA	NA	NA	NA	NA
NC_045512.2	631	T	C	10026	9275	38	2	2	34	0.000199422	10029	0.996833	FALSE	NA	NA	NA	NA	NA	NA
NC_045512.2	631	T	A	10026	9275	38	1	1	24	9.97108e-05	10029	1	FALSE	NA	NA	NA	NA	NA	NA
NC_045512.2	634	T	C	10096	9356	38	1	1	68	9.90393e-05	10097	0.500025	FALSE	NA	NA	NA	NA	NA	NA
NC_045512.2	635	C	T	9790	9053	38	1	1	34	0.000102135	9791	0.999026	FALSE	NA	NA	NA	NA	NA	NA
NC_045512.2	638	A	G	9782	9051	38	1	1	34	0.000102218	9783	0.999026	FALSE	NA	NA	NA	NA	NA	NA
NC_045512.2	645	G	C	9686	8988	38	1	1	26	0.000103231	9687	1	FALSE	NA	NA	NA	NA	NA	NA
NC_045512.2	647	A	T	9625	8958	38	1	1	34	0.000103885	9626	0.999026	FALSE	NA	NA	NA	NA	NA	NA
NC_045512.2	650	A	T	9592	8983	37	1	1	34	0.000104221	9595	0.999025	FALSE	NA	NA	NA	NA	NA	NA
NC_045512.2	650	A	G	9592	8983	37	2	2	34	0.000208442	9595	0.994152	FALSE	NA	NA	NA	NA	NA	NA
NC_045512.2	651	A	G	9496	8882	37	4	2	68	0.000421053	9500	0.0624934	FALSE	NA	NA	NA	NA	NA	NA
NC_045512.2	655	A	G	8731	8237	37	1	1	34	0.000114521	8732	0.998052	FALSE	NA	NA	NA	NA	NA	NA
NC_045512.2	656	G	A	8777	8283	37	1	1	34	0.000113921	8778	0.998052	FALSE	NA	NA	NA	NA	NA	NA
NC_045512.2	657	C	T	8836	8420	36	2	2	34	0.000226296	8838	0.98928	FALSE	NA	NA	NA	NA	NA	NA
NC_045512.2	658	T	-G	8466	8049	36	1	0	20	0.00011812	8466	1	FALSE	NA	NA	NA	NA	NA	NA
NC_045512.2	659	G	T	8625	8208	36	1	1	34	0.000115929	8626	0.998051	FALSE	NA	NA	NA	NA	NA	NA
NC_045512.2	661	T	C	8726	8309	37	1	1	34	0.000114587	8727	0.998052	FALSE	NA	NA	NA	NA	NA	NA
NC_045512.2	662	G	A	8726	8330	36	1	0	68	0.000114587	8727	0.500029	FALSE	NA	NA	NA	NA	NA	NA
NC_045512.2	663	G	A	8653	8258	36	1	1	34	0.000115554	8654	0.998052	FALSE	NA	NA	NA	NA	NA	NA
NC_045512.2	664	C	T	8657	8291	36	5	5	34	0.000577234	8662	0.866713	FALSE	NA	NA	NA	NA	NA	NA
NC_045512.2	667	T	C	8471	8129	36	2	2	51	0.000236044	8473	0.250015	FALSE	NA	NA	NA	NA	NA	NA
NC_045512.2	668	A	G	8477	8144	36	6	5	55	0.000707297	8483	0.0156167	FALSE	NA	NA	NA	NA	NA	NA
NC_045512.2	670	T	G	0	0	0	8474	8142	36	0.999882	8475	0	TRUE	NA	NA	NA	NA	NA	NA
NC_045512.2	670	T	C	0	0	0	1	1	26	0.000117994	8475	0.0100295	FALSE	NA	NA	NA	NA	NA	NA
NC_045512.2	671	T	C	8122	7794	36	3	3	34	0.000369231	8125	0.967345	FALSE	NA	NA	NA	NA	NA	NA
NC_045512.2	672	A	G	7900	7593	36	1	1	34	0.000126566	7901	0.996103	FALSE	NA	NA	NA	NA	NA	NA
NC_045512.2	673	C	T	7850	7572	36	1	1	34	0.000127372	7851	0.996103	FALSE	NA	NA	NA	NA	NA	NA
NC_045512.2	685	A	-AAGTCATTT	6872	6700	35	4230	0	20	0.615541	6872	0	TRUE	NA	NA	NA	NA	NA	NA
NC_045512.2	686	A	G	0	0	0	116	6	34	1	116	1.34712e-226	TRUE	NA	NA	NA	NA	NA	NA
NC_045512.2	699	T	C	4165	4085	34	1	1	34	0.000240038	4166	0.968806	FALSE	NA	NA	NA	NA	NA	NA
NC_045512.2	1567	C	T	8721	156	33	1	0	34	0.000114639	8723	0.998051	FALSE	NA	NA	NA	NA	NA	NA
NC_045512.2	1567	C	A	8721	156	33	1	0	34	0.000114639	8723	0.998051	FALSE	NA	NA	NA	NA	NA	NA
NC_045512.2	1569	A	G	9191	159	33	1	0	34	0.00010879	9192	0.999026	FALSE	NA	NA	NA	NA	NA	NA
NC_045512.2	1572	C	T	9323	211	34	2	0	34	0.000214477	9325	0.994155	FALSE	NA	NA	NA	NA	NA	NA
NC_045512.2	1578	T	C	9853	317	34	1	0	34	0.000101482	9854	0.999026	FALSE	NA	NA	NA	NA	NA	NA
NC_045512.2	1579	T	C	9925	368	34	2	0	34	0.000201471	9927	0.994154	FALSE	NA	NA	NA	NA	NA	NA
NC_045512.2	1583	G	A	10450	399	34	1	0	34	9.56846e-05	10451	0.999513	FALSE	NA	NA	NA	NA	NA	NA
NC_045512.2	1586	G	-A	10489	414	34	1	0	20	9.5338e-05	10489	1	FALSE	NA	NA	NA	NA	NA	NA
NC_045512.2	1587	A	C	9873	438	33	2	0	34	0.000202532	9875	0.994151	FALSE	NA	NA	NA	NA	NA	NA
NC_045512.2	1588	A	T	10553	438	34	1	0	34	9.47059e-05	10559	0.999512	FALSE	NA	NA	NA	NA	NA	NA
NC_045512.2	1588	A	G	10553	438	34	5	0	34	0.00047353	10559	0.94083	FALSE	NA	NA	NA	NA	NA	NA
NC_045512.2	1591	T	C	11237	463	34	1	0	34	8.89838e-05	11238	0.999757	FALSE	NA	NA	NA	NA	NA	NA
NC_045512.2	1592	T	C	11264	472	34	1	0	34	8.87705e-05	11265	0.999757	FALSE	NA	NA	NA	NA	NA	NA
NC_045512.2	1596	A	G	11337	550	34	1	0	34	8.8199e-05	11338	0.999757	FALSE	NA	NA	NA	NA	NA	NA
NC_045512.2	1599	G	T	11811	560	34	1	1	68	8.46597e-05	11812	0.500021	FALSE	NA	NA	NA	NA	NA	NA
NC_045512.2	1600	T	C	11787	548	34	2	1	34	0.00016965	11789	0.998296	FALSE	NA	NA	NA	NA	NA	NA
NC_045512.2	1602	T	C	11929	570	35	3	0	34	0.000251425	11932	0.993546	FALSE	NA	NA	NA	NA	NA	NA
NC_045512.2	1603	T	C	11930	567	35	4	0	42	0.000335177	11934	0.1875	FALSE	NA	NA	NA	NA	NA	NA
NC_045512.2	1607	G	C	12103	582	35	1	0	34	8.26173e-05	12104	0.999878	FALSE	NA	NA	NA	NA	NA	NA
NC_045512.2	1609	C	G	12108	628	35	1	0	34	8.25832e-05	12109	0.999878	FALSE	NA	NA	NA	NA	NA	NA
NC_045512.2	1610	A	G	12038	665	35	1	0	34	8.30634e-05	12039	0.999878	FALSE	NA	NA	NA	NA	NA	NA
NC_045512.2	1611	A	C	12174	675	35	2	0	34	0.000164258	12176	0.999087	FALSE	NA	NA	NA	NA	NA	NA
NC_045512.2	1612	C	G	12504	681	35	1	0	26	7.9968e-05	12505	1	FALSE	NA	NA	NA	NA	NA	NA
NC_045512.2	1613	C	G	12638	693	35	1	0	34	7.91202e-05	12639	0.999878	FALSE	NA	NA	NA	NA	NA	NA
NC_045512.2	1617	T	G	13191	721	35	1	0	34	7.58035e-05	13192	0.999939	FALSE	NA	NA	NA	NA	NA	NA
NC_045512.2	1618	T	C	13182	721	35	3	0	34	0.000227531	13185	0.997916	FALSE	NA	NA	NA	NA	NA	NA
NC_045512.2	1619	G	A	13211	720	35	1	0	34	7.56888e-05	13212	0.999939	FALSE	NA	NA	NA	NA	NA	NA
NC_045512.2	1621	A	G	13086	804	35	1	0	24	7.64117e-05	13087	1	FALSE	NA	NA	NA	NA	NA	NA
NC_045512.2	1622	A	G	13231	856	36	2	0	34	0.000151137	13233	0.999513	FALSE	NA	NA	NA	NA	NA	NA
NC_045512.2	1627	C	T	2	0	34	13282	911	36	0.999849	13284	0	TRUE	NA	NA	NA	NA	NA	NA
NC_045512.2	1628	C	A	13270	913	36	1	0	26	7.53523e-05	13271	1	FALSE	NA	NA	NA	NA	NA	NA
NC_045512.2	1630	A	G	12573	953	35	1	0	34	7.95292e-05	12574	0.999878	FALSE	NA	NA	NA	NA	NA	NA
NC_045512.2	1631	A	T	12825	950	35	1	0	34	7.79606e-05	12827	0.999878	FALSE	NA	NA	NA	NA	NA	NA
NC_045512.2	1631	A	G	12825	950	35	1	0	34	7.79606e-05	12827	0.999878	FALSE	NA	NA	NA	NA	NA	NA
NC_045512.2	1632	A	G	13323	957	36	2	0	30	0.000150094	13325	0.999513	FALSE	NA	NA	NA	NA	NA	NA
NC_045512.2	1633	A	G	13303	955	36	1	0	34	7.51654e-05	13304	0.999939	FALSE	NA	NA	NA	NA	NA	NA
NC_045512.2	1637	A	T	9940	1034	33	1	0	26	0.000100573	9943	1	FALSE	NA	NA	NA	NA	NA	NA
NC_045512.2	1637	A	G	9940	1034	33	2	0	34	0.000201147	9943	0.994151	FALSE	NA	NA	NA	NA	NA	NA
NC_045512.2	1638	A	G	13424	1029	37	1	0	34	7.44879e-05	13425	0.999939	FALSE	NA	NA	NA	NA	NA	NA
NC_045512.2	1639	A	G	13489	1034	37	3	0	34	0.000222354	13492	0.997916	FALSE	NA	NA	NA	NA	NA	NA
NC_045512.2	1645	C	G	13945	1237	38	1	0	27	7.17051e-05	13946	1	FALSE	NA	NA	NA	NA	NA	NA
NC_045512.2	1647	T	A	14335	1241	37	5	0	34	0.000348675	14340	0.990418	FALSE	NA	NA	NA	NA	NA	NA
NC_045512.2	1648	C	G	14126	1267	37	2	0	34	0.000141563	14128	0.999742	FALSE	NA	NA	NA	NA	NA	NA
NC_045512.2	1649	A	T	13813	1281	37	2	0	30	0.000144739	13818	0.999513	FALSE	NA	NA	NA	NA	NA	NA
NC_045512.2	1649	A	G	13813	1281	37	2	0	34	0.000144739	13818	0.999513	FALSE	NA	NA	NA	NA	NA	NA
NC_045512.2	1649	A	C	13813	1281	37	1	0	34	7.23694e-05	13818	0.999939	FALSE	NA	NA	NA	NA	NA	NA
NC_045512.2	1650	A	C	12327	1462	36	1	0	34	8.11162e-05	12328	0.999878	FALSE	NA	NA	NA	NA	NA	NA
NC_045512.2	1651	T	C	13421	1462	37	1	0	34	7.45045e-05	13422	0.999939	FALSE	NA	NA	NA	NA	NA	NA
NC_045512.2	1652	A	T	12325	1516	37	1	0	34	8.11293e-05	12326	0.999878	FALSE	NA	NA	NA	NA	NA	NA
NC_045512.2	1654	T	C	10875	1681	37	1	0	34	9.19371e-05	10877	0.999513	FALSE	NA	NA	NA	NA	NA	NA
NC_045512.2	1654	T	A	10875	1681	37	1	0	24	9.19371e-05	10877	1	FALSE	NA	NA	NA	NA	NA	NA
NC_045512.2	1657	T	G	10613	1843	38	1	0	26	9.42152e-05	10614	1	FALSE	NA	NA	NA	NA	NA	NA
NC_045512.2	1662	A	T	9108	2252	37	1	1	26	0.000109757	9111	1	FALSE	NA	NA	NA	NA	NA	NA
NC_045512.2	1662	A	G	9108	2252	37	2	0	34	0.000219515	9111	0.994152	FALSE	NA	NA	NA	NA	NA	NA
NC_045512.2	1663	C	G	9674	2320	37	1	0	34	0.000103359	9675	0.999026	FALSE	NA	NA	NA	NA	NA	NA
NC_045512.2	1664	T	C	9620	2278	37	1	0	68	0.000103939	9621	0.500026	FALSE	NA	NA	NA	NA	NA	NA
NC_045512.2	1666	T	C	9671	2353	37	1	0	34	0.000103391	9672	0.999026	FALSE	NA	NA	NA	NA	NA	NA
NC_045512.2	1668	A	T	8814	2443	37	1	0	27	0.000113443	8815	1	FALSE	NA	NA	NA	NA	NA	NA
NC_045512.2	1673	A	G	8767	2687	37	1	0	34	0.000114051	8768	0.998052	FALSE	NA	NA	NA	NA	NA	NA
NC_045512.2	1674	A	G	8774	2724	37	1	0	24	0.00011396	8775	1	FALSE	NA	NA	NA	NA	NA	NA
NC_045512.2	1675	T	C	8612	2773	37	1	0	34	0.000116104	8613	0.998052	FALSE	NA	NA	NA	NA	NA	NA
NC_045512.2	1676	G	T	8593	2799	37	1	0	34	0.000116347	8595	0.998051	FALSE	NA	NA	NA	NA	NA	NA
NC_045512.2	1676	G	A	8593	2799	37	1	1	68	0.000116347	8595	0.5	FALSE	NA	NA	NA	NA	NA	NA
NC_045512.2	1678	A	G	8545	2796	37	3	1	34	0.000350959	8548	0.967342	FALSE	NA	NA	NA	NA	NA	NA
NC_045512.2	1681	G	A	8410	2956	37	1	0	34	0.000118892	8411	0.998052	FALSE	NA	NA	NA	NA	NA	NA
NC_045512.2	1682	A	T	7698	3356	35	1	0	26	0.000129887	7699	1	FALSE	NA	NA	NA	NA	NA	NA
NC_045512.2	1684	C	T	8628	3374	37	3	0	34	0.000347584	8631	0.967341	FALSE	NA	NA	NA	NA	NA	NA
NC_045512.2	1685	G	A	8592	3331	37	1	0	34	0.000116374	8593	0.998052	FALSE	NA	NA	NA	NA	NA	NA
NC_045512.2	1686	C	T	8882	3485	37	1	1	34	0.000112575	8883	0.998052	FALSE	NA	NA	NA	NA	NA	NA
NC_045512.2	1688	A	T	8793	3481	37	1	0	26	0.000113701	8795	1	FALSE	NA	NA	NA	NA	NA	NA
NC_045512.2	1688	A	G	8793	3481	37	1	0	34	0.000113701	8795	0.998051	FALSE	NA	NA	NA	NA	NA	NA
NC_045512.2	1691	A	+T	8105	3613	36	1	0	20	0.000123381	8105	1	FALSE	NA	NA	NA	NA	NA	NA
NC_045512.2	1693	T	C	8377	3595	37	1	0	34	0.00011936	8378	0.998052	FALSE	NA	NA	NA	NA	NA	NA
NC_045512.2	1694	T	C	8358	3595	37	1	1	26	0.000119632	8359	1	FALSE	NA	NA	NA	NA	NA	NA
NC_045512.2	1697	G	A	8344	3611	37	3	1	34	0.000359411	8347	0.967343	FALSE	NA	NA	NA	NA	NA	NA
NC_045512.2	1699	A	G	8322	3649	37	4	1	34	0.000480423	8326	0.927104	FALSE	NA	NA	NA	NA	NA	NA
NC_045512.2	1700	T	C	7881	3473	36	4	0	42	0.000507292	7885	0.0624921	FALSE	NA	NA	NA	NA	NA	NA
NC_045512.2	1702	T	C	8186	3717	36	5	4	34	0.000610426	8191	0.866721	FALSE	NA	NA	NA	NA	NA	NA
NC_045512.2	1706	T	A	8018	3683	36	2	0	34	0.000249377	8020	0.989282	FALSE	NA	NA	NA	NA	NA	NA
NC_045512.2	1711	T	C	8114	3604	36	1	0	34	0.000123229	8115	0.998052	FALSE	NA	NA	NA	NA	NA	NA
NC_045512.2	1712	T	C	8132	3654	36	1	0	34	0.000122956	8133	0.998052	FALSE	NA	NA	NA	NA	NA	NA
NC_045512.2	1717	A	T	7310	3675	35	1	0	34	0.000136761	7312	0.996101	FALSE	NA	NA	NA	NA	NA	NA
NC_045512.2	1717	A	G	7310	3675	35	1	1	34	0.000136761	7312	0.996101	FALSE	NA	NA	NA	NA	NA	NA
NC_045512.2	1718	A	T	7389	3636	36	1	0	34	0.000135318	7390	0.996103	FALSE	NA	NA	NA	NA	NA	NA
NC_045512.2	1722	C	T	7606	3788	36	5	5	34	0.000656944	7611	0.806311	FALSE	NA	NA	NA	NA	NA	NA
NC_045512.2	1723	T	C	7534	3697	36	1	1	34	0.000132696	7536	0.996101	FALSE	NA	NA	NA	NA	NA	NA
NC_045512.2	1723	T	A	7534	3697	36	1	0	34	0.000132696	7536	0.996101	FALSE	NA	NA	NA	NA	NA	NA
NC_045512.2	1724	T	A	7293	3452	35	1	0	34	0.000137099	7294	0.996103	FALSE	NA	NA	NA	NA	NA	NA
NC_045512.2	1726	T	C	7565	3660	36	15	6	34	0.00197889	7580	0.0667996	FALSE	NA	NA	NA	NA	NA	NA
NC_045512.2	1729	G	A	7543	3598	36	7	0	34	0.000927152	7550	0.604882	FALSE	NA	NA	NA	NA	NA	NA
NC_045512.2	1731	A	G	7697	3629	36	1	0	34	0.000129904	7698	0.996103	FALSE	NA	NA	NA	NA	NA	NA
NC_045512.2	1732	A	G	7713	3653	36	4	2	34	0.000518336	7717	0.886844	FALSE	NA	NA	NA	NA	NA	NA
NC_045512.2	1736	G	A	7974	3682	36	1	0	34	0.000125392	7975	0.996103	FALSE	NA	NA	NA	NA	NA	NA
NC_045512.2	1737	T	C	8216	3967	36	1	1	34	0.000121699	8217	0.998052	FALSE	NA	NA	NA	NA	NA	NA
NC_045512.2	1740	A	G	7984	4018	36	1	0	34	0.000125235	7985	0.996103	FALSE	NA	NA	NA	NA	NA	NA
NC_045512.2	1745	T	C	8001	3767	36	1	0	34	0.000124969	8002	0.998052	FALSE	NA	NA	NA	NA	NA	NA
NC_045512.2	1746	T	C	7779	3802	36	3	1	68	0.000385505	7782	0.125	FALSE	NA	NA	NA	NA	NA	NA
NC_045512.2	1747	G	A	7888	3801	36	1	1	34	0.000126759	7889	0.996103	FALSE	NA	NA	NA	NA	NA	NA
NC_045512.2	1756	A	G	11554	8547	37	1	1	34	8.65276e-05	11557	0.999756	FALSE	NA	NA	NA	NA	NA	NA
NC_045512.2	1756	A	C	11554	8547	37	2	2	34	0.000173055	11557	0.998295	FALSE	NA	NA	NA	NA	NA	NA
NC_045512.2	1759	A	T	11646	8580	37	2	2	34	0.000171703	11648	0.998296	FALSE	NA	NA	NA	NA	NA	NA
NC_045512.2	1760	T	C	11925	8900	37	1	1	34	8.38434e-05	11927	0.999757	FALSE	NA	NA	NA	NA	NA	NA
NC_045512.2	1760	T	A	11925	8900	37	1	1	26	8.38434e-05	11927	1	FALSE	NA	NA	NA	NA	NA	NA
NC_045512.2	1764	A	G	11403	9145	36	2	2	34	0.000175362	11405	0.998296	FALSE	NA	NA	NA	NA	NA	NA
NC_045512.2	1765	A	G	11238	9260	36	1	1	34	8.89759e-05	11239	0.999757	FALSE	NA	NA	NA	NA	NA	NA
NC_045512.2	1771	T	C	11815	9551	36	1	0	34	8.46238e-05	11817	0.999757	FALSE	NA	NA	NA	NA	NA	NA
NC_045512.2	1771	T	A	11815	9551	36	1	1	34	8.46238e-05	11817	0.999757	FALSE	NA	NA	NA	NA	NA	NA
NC_045512.2	1773	T	C	12077	9707	36	1	1	26	8.27883e-05	12079	1	FALSE	NA	NA	NA	NA	NA	NA
NC_045512.2	1773	T	A	12077	9707	36	1	1	34	8.27883e-05	12079	0.999878	FALSE	NA	NA	NA	NA	NA	NA
NC_045512.2	1774	T	C	11511	9180	36	2	2	34	0.000173717	11513	0.998296	FALSE	NA	NA	NA	NA	NA	NA
NC_045512.2	1775	G	T	11690	9361	37	1	1	26	8.55359e-05	11691	1	FALSE	NA	NA	NA	NA	NA	NA
NC_045512.2	1776	A	G	11655	9336	37	2	2	34	0.000171571	11657	0.998296	FALSE	NA	NA	NA	NA	NA	NA
NC_045512.2	1778	T	C	11709	9342	37	1	1	34	8.53971e-05	11710	0.999757	FALSE	NA	NA	NA	NA	NA	NA
NC_045512.2	1783	T	G	11211	8927	37	1	0	27	8.91902e-05	11212	1	FALSE	NA	NA	NA	NA	NA	NA
NC_045512.2	1786	T	C	11167	8937	37	4	0	34	0.000358038	11172	0.982452	FALSE	NA	NA	NA	NA	NA	NA
NC_045512.2	1786	T	A	11167	8937	37	1	1	34	8.95095e-05	11172	0.999756	FALSE	NA	NA	NA	NA	NA	NA
NC_045512.2	1787	A	T	11078	8999	37	1	1	24	9.02446e-05	11081	1	FALSE	NA	NA	NA	NA	NA	NA
NC_045512.2	1787	A	G	11078	8999	37	2	1	47	0.000180489	11081	0.5	FALSE	NA	NA	NA	NA	NA	NA
NC_045512.2	1790	T	C	10997	8887	36	1	1	34	9.09256e-05	10998	0.999513	FALSE	NA	NA	NA	NA	NA	NA
NC_045512.2	1791	T	C	11146	9041	37	1	1	34	8.97102e-05	11147	0.999757	FALSE	NA	NA	NA	NA	NA	NA
NC_045512.2	1792	T	C	11242	9183	37	1	1	34	8.89284e-05	11245	0.999756	FALSE	NA	NA	NA	NA	NA	NA
NC_045512.2	1792	T	A	11242	9183	37	2	0	34	0.000177857	11245	0.998295	FALSE	NA	NA	NA	NA	NA	NA
NC_045512.2	1793	A	T	11282	9228	37	1	1	34	8.86054e-05	11286	0.999756	FALSE	NA	NA	NA	NA	NA	NA
NC_045512.2	1793	A	G	11282	9228	37	2	1	34	0.000177211	11286	0.998294	FALSE	NA	NA	NA	NA	NA	NA
NC_045512.2	1793	A	C	11282	9228	37	1	1	68	8.86054e-05	11286	0.499956	FALSE	NA	NA	NA	NA	NA	NA
NC_045512.2	1795	A	G	11282	9256	37	1	0	34	8.86211e-05	11284	0.999757	FALSE	NA	NA	NA	NA	NA	NA
NC_045512.2	1795	A	C	11282	9256	37	1	1	27	8.86211e-05	11284	1	FALSE	NA	NA	NA	NA	NA	NA
NC_045512.2	1796	G	T	11274	9218	37	1	1	34	8.86918e-05	11275	0.999757	FALSE	NA	NA	NA	NA	NA	NA
NC_045512.2	1797	T	C	11230	9211	37	2	1	34	0.000178063	11232	0.998296	FALSE	NA	NA	NA	NA	NA	NA
NC_045512.2	1798	T	C	11473	9500	37	3	2	34	0.000261415	11476	0.993546	FALSE	NA	NA	NA	NA	NA	NA
NC_045512.2	1800	C	G	11552	9638	37	1	0	34	8.65576e-05	11553	0.999757	FALSE	NA	NA	NA	NA	NA	NA
NC_045512.2	1802	A	G	11491	9665	37	1	1	26	8.70095e-05	11493	1	FALSE	NA	NA	NA	NA	NA	NA
NC_045512.2	1802	A	C	11491	9665	37	1	1	27	8.70095e-05	11493	1	FALSE	NA	NA	NA	NA	NA	NA
NC_045512.2	1804	A	G	11522	9708	37	1	1	34	8.6783e-05	11523	0.999757	FALSE	NA	NA	NA	NA	NA	NA
NC_045512.2	1810	A	G	11561	9840	37	7	3	52	0.000605065	11569	0.00780541	TRUE	NA	NA	NA	NA	NA	NA
NC_045512.2	1810	A	C	11561	9840	37	1	1	34	8.64379e-05	11569	0.999756	FALSE	NA	NA	NA	NA	NA	NA
NC_045512.2	1813	T	C	11659	9999	37	1	1	34	8.57633e-05	11660	0.999757	FALSE	NA	NA	NA	NA	NA	NA
NC_045512.2	1813	T	-A	11659	9999	37	18	0	20	0.00154374	11660	1	FALSE	NA	NA	NA	NA	NA	NA
NC_045512.2	1813	T	+A	11659	9999	37	4	0	20	0.000343053	11660	1	FALSE	NA	NA	NA	NA	NA	NA
NC_045512.2	1815	A	G	11658	10015	37	1	1	34	8.57633e-05	11660	0.999757	FALSE	NA	NA	NA	NA	NA	NA
NC_045512.2	1815	A	C	11658	10015	37	1	1	68	8.57633e-05	11660	0.5	FALSE	NA	NA	NA	NA	NA	NA
NC_045512.2	1816	A	G	11664	10022	37	2	2	34	0.000171438	11666	0.998296	FALSE	NA	NA	NA	NA	NA	NA
NC_045512.2	1818	A	C	11711	10119	37	1	1	27	8.53825e-05	11712	1	FALSE	NA	NA	NA	NA	NA	NA
NC_045512.2	1819	A	G	11671	10123	36	7	7	34	0.000599418	11678	0.881185	FALSE	NA	NA	NA	NA	NA	NA
NC_045512.2	1820	G	A	11591	10071	37	1	1	34	8.62664e-05	11592	0.999757	FALSE	NA	NA	NA	NA	NA	NA
NC_045512.2	1821	G	A	11627	10115	37	1	1	34	8.59993e-05	11628	0.999757	FALSE	NA	NA	NA	NA	NA	NA
NC_045512.2	1824	C	A	11340	9892	36	1	1	34	8.81756e-05	11341	0.999757	FALSE	NA	NA	NA	NA	NA	NA
NC_045512.2	1826	T	G	13025	11916	37	1	1	34	7.67578e-05	13028	0.999939	FALSE	NA	NA	NA	NA	NA	NA
NC_045512.2	1826	T	C	13025	11916	37	2	1	51	0.000153516	13028	0.24999	FALSE	NA	NA	NA	NA	NA	NA
NC_045512.2	1829	A	G	13271	12186	38	3	1	68	0.000226006	13274	0.125	FALSE	NA	NA	NA	NA	NA	NA
NC_045512.2	1830	A	G	13287	12222	37	2	0	47	0.0001505	13289	0.500028	FALSE	NA	NA	NA	NA	NA	NA
NC_045512.2	1831	T	C	12461	11471	36	1	1	34	8.02439e-05	12462	0.999878	FALSE	NA	NA	NA	NA	NA	NA
NC_045512.2	1833	T	C	13149	12173	37	1	0	24	7.60456e-05	13150	1	FALSE	NA	NA	NA	NA	NA	NA
NC_045512.2	1834	T	C	13013	12060	37	2	2	34	0.000153669	13015	0.999513	FALSE	NA	NA	NA	NA	NA	NA
NC_045512.2	1836	G	C	12963	12157	37	2	2	30	0.00015425	12966	0.999087	FALSE	NA	NA	NA	NA	NA	NA
NC_045512.2	1836	G	A	12963	12157	37	1	1	34	7.71248e-05	12966	0.999878	FALSE	NA	NA	NA	NA	NA	NA
NC_045512.2	1837	T	A	12781	12067	36	2	2	34	0.000156458	12783	0.999087	FALSE	NA	NA	NA	NA	NA	NA
NC_045512.2	1838	G	C	12889	12175	37	1	1	34	7.75795e-05	12890	0.999878	FALSE	NA	NA	NA	NA	NA	NA
NC_045512.2	1842	A	T	12971	12295	37	1	1	34	7.70832e-05	12973	0.999878	FALSE	NA	NA	NA	NA	NA	NA
NC_045512.2	1842	A	G	12971	12295	37	1	1	34	7.70832e-05	12973	0.999878	FALSE	NA	NA	NA	NA	NA	NA
NC_045512.2	1844	A	G	12897	12311	36	2	2	30	0.000155051	12899	0.999087	FALSE	NA	NA	NA	NA	NA	NA
NC_045512.2	1845	A	G	12908	12324	36	3	2	42	0.00023236	12911	0.312515	FALSE	NA	NA	NA	NA	NA	NA
NC_045512.2	1847	T	C	12860	12276	36	1	1	34	7.77545e-05	12861	0.999878	FALSE	NA	NA	NA	NA	NA	NA
NC_045512.2	1849	A	G	12742	12230	36	1	0	68	7.84745e-05	12743	0.50002	FALSE	NA	NA	NA	NA	NA	NA
NC_045512.2	1854	T	G	7744	7330	36	1	1	34	0.000128271	7796	0.995999	FALSE	NA	NA	NA	NA	NA	NA
NC_045512.2	1854	T	C	7744	7330	36	43	42	37	0.00551565	7796	9.8854e-08	TRUE	NA	NA	NA	NA	NA	NA
NC_045512.2	1854	T	A	7744	7330	36	8	8	34	0.00102617	7796	0.495653	FALSE	NA	NA	NA	NA	NA	NA
NC_045512.2	1855	G	C	7861	7447	37	6	6	34	0.00076268	7867	0.709632	FALSE	NA	NA	NA	NA	NA	NA
NC_045512.2	1856	A	T	7321	6914	37	4	4	34	0.000546075	7325	0.886851	FALSE	NA	NA	NA	NA	NA	NA
NC_045512.2	1857	G	T	7299	6895	37	5	2	66	0.000684556	7304	0.0312393	FALSE	NA	NA	NA	NA	NA	NA
NC_045512.2	1859	C	G	7071	6691	37	1	1	34	0.000141403	7072	0.996104	FALSE	NA	NA	NA	NA	NA	NA
NC_045512.2	1860	C	T	6952	6573	37	2	2	34	0.000287604	6954	0.964899	FALSE	NA	NA	NA	NA	NA	NA
NC_045512.2	1861	T	C	6395	6022	37	4	4	34	0.000625098	6399	0.828285	FALSE	NA	NA	NA	NA	NA	NA
NC_045512.2	1863	T	C	6131	5766	36	1	1	34	0.000163052	6133	0.992201	FALSE	NA	NA	NA	NA	NA	NA
NC_045512.2	1863	T	A	6131	5766	36	1	1	34	0.000163052	6133	0.992201	FALSE	NA	NA	NA	NA	NA	NA
NC_045512.2	1867	T	A	6269	5978	36	1	1	34	0.00015949	6270	0.992205	FALSE	NA	NA	NA	NA	NA	NA
NC_045512.2	1871	T	A	5464	5205	35	1	1	34	0.000182983	5465	0.984405	FALSE	NA	NA	NA	NA	NA	NA
NC_045512.2	1876	A	G	5635	5429	36	1	1	34	0.000177431	5636	0.984404	FALSE	NA	NA	NA	NA	NA	NA
NC_045512.2	1879	A	G	5532	5361	35	1	1	34	0.000180734	5533	0.984405	FALSE	NA	NA	NA	NA	NA	NA
NC_045512.2	1881	A	G	5515	5352	35	1	1	34	0.000181291	5516	0.984405	FALSE	NA	NA	NA	NA	NA	NA
NC_045512.2	1885	T	C	5158	5006	35	1	1	34	0.000193836	5159	0.984407	FALSE	NA	NA	NA	NA	NA	NA
NC_045512.2	1888	T	C	5014	4875	35	5	5	34	0.000996214	5019	0.623231	FALSE	NA	NA	NA	NA	NA	NA
NC_045512.2	1889	C	A	4967	4832	35	1	1	34	0.000201288	4968	0.968797	FALSE	NA	NA	NA	NA	NA	NA
NC_045512.2	1893	T	G	4788	4655	35	2	2	34	0.000417537	4790	0.890747	FALSE	NA	NA	NA	NA	NA	NA
NC_045512.2	1897	A	G	4583	4452	35	3	3	34	0.000654165	4586	0.773616	FALSE	NA	NA	NA	NA	NA	NA
NC_045512.2	1908	T	C	3263	3146	32	1	1	34	0.000306279	3265	0.937557	FALSE	NA	NA	NA	NA	NA	NA
NC_045512.2	1908	T	A	3263	3146	32	1	1	26	0.000306279	3265	1	FALSE	NA	NA	NA	NA	NA	NA
NC_045512.2	1910	T	C	3805	3697	35	1	1	34	0.000262743	3806	0.937582	FALSE	NA	NA	NA	NA	NA	NA
NC_045512.2	1914	G	A	3607	3528	34	3	3	34	0.000831025	3610	0.656445	FALSE	NA	NA	NA	NA	NA	NA
NC_045512.2	3155	G	A	676	37	34	1	0	34	0.0014771	677	0.50037	FALSE	NA	NA	NA	NA	NA	NA
NC_045512.2	3169	T	C	722	47	35	1	0	34	0.00138313	723	0.500346	FALSE	NA	NA	NA	NA	NA	NA
NC_045512.2	3176	C	T	739	52	36	1	0	34	0.00135135	740	0.500338	FALSE	NA	NA	NA	NA	NA	NA
NC_045512.2	3178	T	G	748	51	36	1	1	68	0.00133511	749	0.500334	FALSE	NA	NA	NA	NA	NA	NA
NC_045512.2	3187	G	A	776	54	36	1	1	68	0.001287	777	0.500322	FALSE	NA	NA	NA	NA	NA	NA
NC_045512.2	3200	T	C	650	91	37	2	0	34	0.00306748	652	0.250192	FALSE	NA	NA	NA	NA	NA	NA
NC_045512.2	3315	C	A	520	357	37	3	0	34	0.00573614	523	0.125	FALSE	NA	NA	NA	NA	NA	NA
NC_045512.2	3332	A	G	531	379	36	1	1	34	0.0018797	532	0.50047	FALSE	NA	NA	NA	NA	NA	NA
NC_045512.2	3380	T	C	658	596	37	1	1	34	0.00151745	659	0.50038	FALSE	NA	NA	NA	NA	NA	NA
NC_045512.2	3400	T	C	614	581	36	1	1	34	0.00162602	615	0.500407	FALSE	NA	NA	NA	NA	NA	NA
NC_045512.2	3409	A	G	579	546	36	1	1	24	0.00172414	580	0.984657	FALSE	NA	NA	NA	NA	NA	NA
NC_045512.2	3411	C	T	577	546	36	1	1	68	0.0017301	578	0.500433	FALSE	NA	NA	NA	NA	NA	NA
NC_045512.2	3415	A	G	579	549	36	1	0	68	0.00172414	580	0.500431	FALSE	NA	NA	NA	NA	NA	NA
NC_045512.2	3424	A	G	4844	674	34	1	1	34	0.000206398	4845	0.968798	FALSE	NA	NA	NA	NA	NA	NA
NC_045512.2	3430	A	G	4938	706	34	1	0	34	0.00020247	4939	0.968797	FALSE	NA	NA	NA	NA	NA	NA
NC_045512.2	3435	T	C	5895	719	34	1	0	34	0.000169607	5896	0.984403	FALSE	NA	NA	NA	NA	NA	NA
NC_045512.2	3443	G	A	6347	742	35	2	1	34	0.00031501	6349	0.964904	FALSE	NA	NA	NA	NA	NA	NA
NC_045512.2	3444	C	T	6427	749	35	1	0	34	0.000155569	6428	0.992205	FALSE	NA	NA	NA	NA	NA	NA
NC_045512.2	3445	A	T	6616	742	35	1	0	34	0.000151103	6618	0.9922	FALSE	NA	NA	NA	NA	NA	NA
NC_045512.2	3445	A	G	6616	742	35	1	0	26	0.000151103	6618	1	FALSE	NA	NA	NA	NA	NA	NA
NC_045512.2	3446	G	A	6736	744	35	2	2	34	0.000296824	6738	0.964901	FALSE	NA	NA	NA	NA	NA	NA
NC_045512.2	3448	C	G	6748	806	35	1	0	34	0.00014817	6749	0.992204	FALSE	NA	NA	NA	NA	NA	NA
NC_045512.2	3451	T	G	7094	855	36	1	0	34	0.000140885	7098	0.996097	FALSE	NA	NA	NA	NA	NA	NA
NC_045512.2	3451	T	C	7094	855	36	1	0	34	0.000140885	7098	0.996097	FALSE	NA	NA	NA	NA	NA	NA
NC_045512.2	3451	T	A	7094	855	36	2	0	34	0.00028177	7098	0.980489	FALSE	NA	NA	NA	NA	NA	NA
NC_045512.2	3455	T	C	7156	791	36	4	0	34	0.000558581	7161	0.886809	FALSE	NA	NA	NA	NA	NA	NA
NC_045512.2	3455	T	A	7156	791	36	1	0	34	0.000139645	7161	0.996095	FALSE	NA	NA	NA	NA	NA	NA
NC_045512.2	3459	T	C	7839	773	36	1	0	34	0.000127551	7840	0.996103	FALSE	NA	NA	NA	NA	NA	NA
NC_045512.2	3461	A	G	7923	863	37	1	0	34	0.000126199	7924	0.996103	FALSE	NA	NA	NA	NA	NA	NA
NC_045512.2	3462	A	G	7906	917	37	1	0	34	0.00012647	7907	0.996103	FALSE	NA	NA	NA	NA	NA	NA
NC_045512.2	3463	A	G	6860	916	35	3	0	34	0.000437127	6863	0.910264	FALSE	NA	NA	NA	NA	NA	NA
NC_045512.2	3464	C	A	8238	931	37	1	0	34	0.000121374	8239	0.998052	FALSE	NA	NA	NA	NA	NA	NA
NC_045512.2	3470	G	T	8199	621	37	1	0	26	0.000121936	8201	1	FALSE	NA	NA	NA	NA	NA	NA
NC_045512.2	3470	G	A	8199	621	37	1	0	34	0.000121936	8201	0.998051	FALSE	NA	NA	NA	NA	NA	NA
NC_045512.2	3472	A	G	8306	680	37	1	0	34	0.00012038	8307	0.998052	FALSE	NA	NA	NA	NA	NA	NA
NC_045512.2	3476	G	A	8942	782	38	1	0	68	0.000111819	8943	0.500028	FALSE	NA	NA	NA	NA	NA	NA
NC_045512.2	3477	T	C	8974	796	38	1	0	34	0.000111421	8975	0.998052	FALSE	NA	NA	NA	NA	NA	NA
NC_045512.2	3478	T	C	9000	816	38	4	0	34	0.000444247	9004	0.953935	FALSE	NA	NA	NA	NA	NA	NA
NC_045512.2	3481	A	G	9040	822	38	6	0	34	0.000663277	9046	0.849273	FALSE	NA	NA	NA	NA	NA	NA
NC_045512.2	3486	C	G	9534	856	38	3	0	34	0.000314564	9537	0.980751	FALSE	NA	NA	NA	NA	NA	NA
NC_045512.2	3487	C	A	9637	859	38	1	0	34	0.000103756	9638	0.999026	FALSE	NA	NA	NA	NA	NA	NA
NC_045512.2	3488	T	C	9655	855	38	3	3	68	0.000310591	9659	0.124981	FALSE	NA	NA	NA	NA	NA	NA
NC_045512.2	3488	T	A	9655	855	38	1	0	34	0.00010353	9659	0.999025	FALSE	NA	NA	NA	NA	NA	NA
NC_045512.2	3489	T	C	9659	884	38	1	0	34	0.00010352	9660	0.999026	FALSE	NA	NA	NA	NA	NA	NA
NC_045512.2	3489	T	-A	9659	884	38	1	0	20	0.00010352	9660	1	FALSE	NA	NA	NA	NA	NA	NA
NC_045512.2	3491	A	C	9769	886	38	1	0	24	0.000102354	9770	1	FALSE	NA	NA	NA	NA	NA	NA
NC_045512.2	3494	A	G	9772	938	38	3	0	34	0.000306905	9775	0.98075	FALSE	NA	NA	NA	NA	NA	NA
NC_045512.2	3495	A	G	9931	941	38	1	0	34	0.000100685	9932	0.999026	FALSE	NA	NA	NA	NA	NA	NA
NC_045512.2	3501	C	T	9233	1232	38	1	0	34	0.000108295	9234	0.999026	FALSE	NA	NA	NA	NA	NA	NA
NC_045512.2	3503	A	G	9492	1268	38	1	0	34	0.00010533	9494	0.999026	FALSE	NA	NA	NA	NA	NA	NA
NC_045512.2	3503	A	C	9492	1268	38	1	0	26	0.00010533	9494	1	FALSE	NA	NA	NA	NA	NA	NA
NC_045512.2	3505	C	A	9483	1400	38	1	0	34	0.000105441	9484	0.999026	FALSE	NA	NA	NA	NA	NA	NA
NC_045512.2	3507	A	G	9533	1408	38	2	0	34	0.000209754	9535	0.994155	FALSE	NA	NA	NA	NA	NA	NA
NC_045512.2	3509	G	A	9406	1430	38	1	0	34	0.000106304	9407	0.999026	FALSE	NA	NA	NA	NA	NA	NA
NC_045512.2	3510	C	T	9166	1501	38	2	2	34	0.00021815	9168	0.994155	FALSE	NA	NA	NA	NA	NA	NA
NC_045512.2	3513	T	C	9153	1475	38	1	0	34	0.000109242	9154	0.999026	FALSE	NA	NA	NA	NA	NA	NA
NC_045512.2	3514	G	T	9132	1470	38	1	1	34	0.000109493	9133	0.999026	FALSE	NA	NA	NA	NA	NA	NA
NC_045512.2	3516	A	C	9263	1724	39	1	0	27	0.000107945	9264	1	FALSE	NA	NA	NA	NA	NA	NA
NC_045512.2	3517	A	G	9408	1727	39	1	0	34	0.00010627	9410	0.999026	FALSE	NA	NA	NA	NA	NA	NA
NC_045512.2	3517	A	C	9408	1727	39	1	1	27	0.00010627	9410	1	FALSE	NA	NA	NA	NA	NA	NA
NC_045512.2	3519	T	C	9139	1695	38	2	1	34	0.000218794	9141	0.994155	FALSE	NA	NA	NA	NA	NA	NA
NC_045512.2	3529	T	C	8905	1961	38	1	0	34	0.000112284	8906	0.998052	FALSE	NA	NA	NA	NA	NA	NA
NC_045512.2	3532	T	C	8858	2013	38	2	0	34	0.000225734	8860	0.98928	FALSE	NA	NA	NA	NA	NA	NA
NC_045512.2	3533	T	G	8841	2016	38	1	1	52	0.000113084	8843	0.5	FALSE	NA	NA	NA	NA	NA	NA
NC_045512.2	3533	T	C	8841	2016	38	1	0	34	0.000113084	8843	0.998051	FALSE	NA	NA	NA	NA	NA	NA
NC_045512.2	3536	A	G	8601	2138	38	1	1	34	0.000116252	8602	0.998052	FALSE	NA	NA	NA	NA	NA	NA
NC_045512.2	3538	A	G	8333	2177	38	4	0	34	0.000479789	8337	0.927103	FALSE	NA	NA	NA	NA	NA	NA
NC_045512.2	3541	T	C	8774	2146	37	2	0	51	0.000227894	8776	0.250014	FALSE	NA	NA	NA	NA	NA	NA
NC_045512.2	3542	A	T	8836	2148	37	1	1	34	0.000113148	8838	0.998051	FALSE	NA	NA	NA	NA	NA	NA
NC_045512.2	3542	A	G	8836	2148	37	1	0	34	0.000113148	8838	0.998051	FALSE	NA	NA	NA	NA	NA	NA
NC_045512.2	3544	T	C	9046	2123	37	3	1	45	0.000331528	9049	0.125	FALSE	NA	NA	NA	NA	NA	NA
NC_045512.2	3547	T	C	9003	2356	37	3	0	31	0.000333111	9006	0.980753	FALSE	NA	NA	NA	NA	NA	NA
NC_045512.2	3548	G	A	8855	2217	37	1	0	34	0.000112918	8856	0.998052	FALSE	NA	NA	NA	NA	NA	NA
NC_045512.2	3550	A	G	8911	2256	37	2	1	51	0.000224391	8913	0.250014	FALSE	NA	NA	NA	NA	NA	NA
NC_045512.2	3553	A	G	8913	2252	37	5	2	34	0.000560664	8918	0.866709	FALSE	NA	NA	NA	NA	NA	NA
NC_045512.2	3554	C	A	9113	2269	37	1	0	34	0.000109721	9114	0.999026	FALSE	NA	NA	NA	NA	NA	NA
NC_045512.2	3556	T	A	9089	2273	37	1	0	34	0.000110011	9090	0.999026	FALSE	NA	NA	NA	NA	NA	NA
NC_045512.2	3566	G	A	8828	2894	38	1	1	34	0.000113263	8829	0.998052	FALSE	NA	NA	NA	NA	NA	NA
NC_045512.2	3568	T	A	8831	2932	38	1	0	26	0.000113225	8832	1	FALSE	NA	NA	NA	NA	NA	NA
NC_045512.2	3569	A	G	8648	2949	38	1	0	68	0.00011562	8649	0.500029	FALSE	NA	NA	NA	NA	NA	NA
NC_045512.2	3572	T	C	8671	2895	38	1	0	34	0.000115314	8672	0.998052	FALSE	NA	NA	NA	NA	NA	NA
NC_045512.2	3574	T	G	8560	2797	38	2	0	34	0.00023359	8562	0.989281	FALSE	NA	NA	NA	NA	NA	NA
NC_045512.2	3576	T	C	8333	2803	37	4	1	42	0.000479789	8337	0.0624925	FALSE	NA	NA	NA	NA	NA	NA
NC_045512.2	3577	T	G	8213	2776	37	1	0	24	0.000121743	8214	1	FALSE	NA	NA	NA	NA	NA	NA
NC_045512.2	3578	T	C	8210	2792	37	1	1	68	0.000121788	8211	0.50003	FALSE	NA	NA	NA	NA	NA	NA
NC_045512.2	3579	T	C	8141	2756	37	1	1	68	0.00012282	8142	0.500031	FALSE	NA	NA	NA	NA	NA	NA
NC_045512.2	3580	A	T	8122	2756	37	1	0	34	0.000123092	8124	0.998051	FALSE	NA	NA	NA	NA	NA	NA
NC_045512.2	3580	A	G	8122	2756	37	1	1	34	0.000123092	8124	0.998051	FALSE	NA	NA	NA	NA	NA	NA
NC_045512.2	3581	A	C	8120	2768	37	1	0	34	0.000123138	8121	0.998052	FALSE	NA	NA	NA	NA	NA	NA
NC_045512.2	3583	C	T	8266	2971	38	1	1	68	0.000120963	8267	0.50003	FALSE	NA	NA	NA	NA	NA	NA
NC_045512.2	3584	G	A	8262	2919	38	2	0	34	0.000242014	8264	0.989282	FALSE	NA	NA	NA	NA	NA	NA
NC_045512.2	3585	G	A	8390	2926	38	1	0	34	0.000119175	8391	0.998052	FALSE	NA	NA	NA	NA	NA	NA
NC_045512.2	3586	A	G	8152	2991	37	1	0	34	0.000122654	8153	0.998052	FALSE	NA	NA	NA	NA	NA	NA
NC_045512.2	3588	A	G	7856	3009	37	1	1	34	0.000127275	7857	0.996103	FALSE	NA	NA	NA	NA	NA	NA
NC_045512.2	3590	A	G	7980	2967	37	2	1	34	0.000250564	7982	0.980504	FALSE	NA	NA	NA	NA	NA	NA
NC_045512.2	3591	A	G	7943	3008	37	1	1	34	0.000125881	7944	0.996103	FALSE	NA	NA	NA	NA	NA	NA
NC_045512.2	3592	T	G	7681	2706	36	1	0	34	0.000130157	7683	0.996101	FALSE	NA	NA	NA	NA	NA	NA
NC_045512.2	3592	T	C	7681	2706	36	1	1	34	0.000130157	7683	0.996101	FALSE	NA	NA	NA	NA	NA	NA
NC_045512.2	3594	T	C	8085	3085	37	2	1	34	0.00024731	8087	0.989282	FALSE	NA	NA	NA	NA	NA	NA
NC_045512.2	3595	T	C	8067	3067	37	2	1	34	0.000247862	8069	0.989282	FALSE	NA	NA	NA	NA	NA	NA
NC_045512.2	3598	T	C	7817	3209	37	1	1	24	0.00012791	7818	1	FALSE	NA	NA	NA	NA	NA	NA
NC_045512.2	3600	A	G	7952	3446	37	1	0	34	0.000125739	7953	0.996103	FALSE	NA	NA	NA	NA	NA	NA
NC_045512.2	3601	A	G	7729	3516	37	2	0	30	0.000258699	7731	0.980505	FALSE	NA	NA	NA	NA	NA	NA
NC_045512.2	3603	A	G	7476	3562	37	1	0	34	0.000133743	7477	0.996103	FALSE	NA	NA	NA	NA	NA	NA
NC_045512.2	3604	C	G	7461	3649	37	1	0	34	0.000134012	7462	0.996103	FALSE	NA	NA	NA	NA	NA	NA
NC_045512.2	3605	T	C	7156	3356	37	1	1	27	0.000139723	7157	1	FALSE	NA	NA	NA	NA	NA	NA
NC_045512.2	3608	C	G	7647	3438	37	2	1	34	0.000261472	7649	0.980506	FALSE	NA	NA	NA	NA	NA	NA
NC_045512.2	3610	T	C	7599	3400	37	2	0	34	0.000263123	7601	0.980506	FALSE	NA	NA	NA	NA	NA	NA
NC_045512.2	3611	C	G	7617	3410	37	1	0	34	0.000131268	7618	0.996103	FALSE	NA	NA	NA	NA	NA	NA
NC_045512.2	3613	T	G	7703	3536	37	2	1	68	0.000259572	7705	0.250016	FALSE	NA	NA	NA	NA	NA	NA
NC_045512.2	3616	T	C	8341	4424	38	2	1	68	0.000239722	8343	0.250015	FALSE	NA	NA	NA	NA	NA	NA
NC_045512.2	3618	T	C	8496	4713	38	1	1	24	0.000117689	8497	1	FALSE	NA	NA	NA	NA	NA	NA
NC_045512.2	3619	C	T	8467	4716	38	3	0	34	0.000354108	8472	0.967314	FALSE	NA	NA	NA	NA	NA	NA
NC_045512.2	3619	C	G	8467	4716	38	2	1	34	0.000236072	8472	0.989266	FALSE	NA	NA	NA	NA	NA	NA
NC_045512.2	3622	C	T	8530	4723	39	9	8	34	0.00105399	8539	0.500098	FALSE	NA	NA	NA	NA	NA	NA
NC_045512.2	3624	C	T	8554	4790	38	3	0	34	0.00035059	8557	0.967342	FALSE	NA	NA	NA	NA	NA	NA
NC_045512.2	3625	A	G	8554	4777	38	1	1	34	0.000116891	8555	0.998052	FALSE	NA	NA	NA	NA	NA	NA
NC_045512.2	3626	A	T	8610	4817	38	1	0	34	0.000116131	8611	0.998052	FALSE	NA	NA	NA	NA	NA	NA
NC_045512.2	3627	A	G	8648	4844	38	1	1	34	0.00011562	8649	0.998052	FALSE	NA	NA	NA	NA	NA	NA
NC_045512.2	3630	T	C	8309	4769	38	1	1	34	0.000120337	8310	0.998052	FALSE	NA	NA	NA	NA	NA	NA
NC_045512.2	3631	T	C	8424	4873	38	1	1	26	0.000118694	8425	1	FALSE	NA	NA	NA	NA	NA	NA
NC_045512.2	3633	A	C	8353	5107	38	1	1	34	0.000119703	8354	0.998052	FALSE	NA	NA	NA	NA	NA	NA
NC_045512.2	3635	A	G	8244	4968	38	1	1	34	0.000121286	8245	0.998052	FALSE	NA	NA	NA	NA	NA	NA
NC_045512.2	3637	A	G	8094	4943	37	5	1	32	0.00061736	8099	0.866723	FALSE	NA	NA	NA	NA	NA	NA
NC_045512.2	3638	G	C	8318	4932	38	1	1	34	0.000120207	8319	0.998052	FALSE	NA	NA	NA	NA	NA	NA
NC_045512.2	3640	T	C	8127	5188	38	2	2	34	0.000246033	8129	0.989282	FALSE	NA	NA	NA	NA	NA	NA
NC_045512.2	3642	A	G	8176	5269	38	2	0	34	0.000244559	8178	0.989282	FALSE	NA	NA	NA	NA	NA	NA
NC_045512.2	3643	A	G	8129	5290	38	2	1	47	0.000245972	8131	0.250015	FALSE	NA	NA	NA	NA	NA	NA
NC_045512.2	3646	C	T	9029	6571	38	1	1	34	0.00011073	9031	0.999026	FALSE	NA	NA	NA	NA	NA	NA
NC_045512.2	3646	C	A	9029	6571	38	1	1	34	0.00011073	9031	0.999026	FALSE	NA	NA	NA	NA	NA	NA
NC_045512.2	3647	A	T	8783	6402	38	1	1	24	0.000113843	8784	1	FALSE	NA	NA	NA	NA	NA	NA
NC_045512.2	3651	A	G	8927	6501	38	2	2	34	0.000223989	8929	0.98928	FALSE	NA	NA	NA	NA	NA	NA
NC_045512.2	3654	T	C	8696	6732	38	1	1	34	0.000114969	8698	0.998051	FALSE	NA	NA	NA	NA	NA	NA
NC_045512.2	3654	T	A	8696	6732	38	1	0	34	0.000114969	8698	0.998051	FALSE	NA	NA	NA	NA	NA	NA
NC_045512.2	3658	T	C	9510	7424	38	2	0	34	0.000210239	9513	0.994152	FALSE	NA	NA	NA	NA	NA	NA
NC_045512.2	3658	T	A	9510	7424	38	1	1	34	0.000105119	9513	0.999025	FALSE	NA	NA	NA	NA	NA	NA
NC_045512.2	3662	A	C	9273	7355	37	1	1	34	0.000107828	9274	0.999026	FALSE	NA	NA	NA	NA	NA	NA
NC_045512.2	3663	G	T	9328	7364	38	5	5	34	0.000535733	9333	0.910332	FALSE	NA	NA	NA	NA	NA	NA
NC_045512.2	3664	T	C	8933	7083	38	1	1	34	0.000111932	8934	0.998052	FALSE	NA	NA	NA	NA	NA	NA
NC_045512.2	3665	G	C	8917	7068	38	1	0	34	0.000112133	8918	0.998052	FALSE	NA	NA	NA	NA	NA	NA
NC_045512.2	3666	C	T	8935	7194	38	1	1	34	0.000111894	8937	0.998051	FALSE	NA	NA	NA	NA	NA	NA
NC_045512.2	3666	C	A	8935	7194	38	1	1	34	0.000111894	8937	0.998051	FALSE	NA	NA	NA	NA	NA	NA
NC_045512.2	3670	T	C	10604	9093	39	1	1	34	9.42951e-05	10605	0.999513	FALSE	NA	NA	NA	NA	NA	NA
NC_045512.2	3675	A	G	10739	9356	39	1	1	34	9.31099e-05	10740	0.999513	FALSE	NA	NA	NA	NA	NA	NA
NC_045512.2	3678	T	A	10928	9649	38	1	1	34	9.14997e-05	10929	0.999513	FALSE	NA	NA	NA	NA	NA	NA
NC_045512.2	3679	T	C	10864	9585	38	1	1	34	9.20387e-05	10865	0.999513	FALSE	NA	NA	NA	NA	NA	NA
NC_045512.2	3682	T	C	11123	9891	38	1	1	34	8.98957e-05	11124	0.999757	FALSE	NA	NA	NA	NA	NA	NA
NC_045512.2	3683	C	T	11105	9883	38	1	1	34	9.00414e-05	11106	0.999757	FALSE	NA	NA	NA	NA	NA	NA
NC_045512.2	3684	A	G	10820	9601	39	2	2	34	0.000184809	10822	0.996834	FALSE	NA	NA	NA	NA	NA	NA
NC_045512.2	3685	G	T	10779	9581	38	2	2	30	0.000185477	10783	0.996831	FALSE	NA	NA	NA	NA	NA	NA
NC_045512.2	3685	G	A	10779	9581	38	2	2	68	0.000185477	10783	0.249965	FALSE	NA	NA	NA	NA	NA	NA
NC_045512.2	3691	A	G	10894	9886	38	1	1	68	9.17852e-05	10895	0.500023	FALSE	NA	NA	NA	NA	NA	NA
NC_045512.2	3694	T	G	10104	9149	36	1	1	26	9.89413e-05	10107	1	FALSE	NA	NA	NA	NA	NA	NA
NC_045512.2	3694	T	C	10104	9149	36	1	1	34	9.89413e-05	10107	0.999513	FALSE	NA	NA	NA	NA	NA	NA
NC_045512.2	3694	T	A	10104	9149	36	1	1	26	9.89413e-05	10107	1	FALSE	NA	NA	NA	NA	NA	NA
NC_045512.2	3696	T	C	10600	9760	37	1	0	68	9.43307e-05	10601	0.500024	FALSE	NA	NA	NA	NA	NA	NA
NC_045512.2	3697	A	G	10624	9787	37	4	4	34	0.000376364	10628	0.971365	FALSE	NA	NA	NA	NA	NA	NA
NC_045512.2	3699	T	C	10497	9666	37	2	2	34	0.000190494	10499	0.996835	FALSE	NA	NA	NA	NA	NA	NA
NC_045512.2	3702	C	G	10083	9295	37	1	1	34	9.9167e-05	10084	0.999513	FALSE	NA	NA	NA	NA	NA	NA
NC_045512.2	3703	A	G	9950	9169	37	1	1	26	0.000100492	9951	1	FALSE	NA	NA	NA	NA	NA	NA
NC_045512.2	3706	A	T	9837	9094	37	2	1	29	0.000203252	9840	1	FALSE	NA	NA	NA	NA	NA	NA
NC_045512.2	3706	A	G	9837	9094	37	1	1	34	0.000101626	9840	0.999025	FALSE	NA	NA	NA	NA	NA	NA
NC_045512.2	3707	T	A	9783	9226	36	1	1	34	0.000102208	9784	0.999026	FALSE	NA	NA	NA	NA	NA	NA
NC_045512.2	3708	T	A	9538	8980	35	1	1	26	0.000104833	9539	1	FALSE	NA	NA	NA	NA	NA	NA
NC_045512.2	3709	A	G	9770	9236	35	1	1	34	0.000102344	9771	0.999026	FALSE	NA	NA	NA	NA	NA	NA
NC_045512.2	3710	T	C	10157	9212	36	2	2	25	0.00019685	10160	1	FALSE	NA	NA	NA	NA	NA	NA
NC_045512.2	3710	T	A	10157	9212	36	1	1	34	9.84252e-05	10160	0.999513	FALSE	NA	NA	NA	NA	NA	NA
NC_045512.2	3711	T	A	10038	9100	35	1	1	34	9.96115e-05	10039	0.999513	FALSE	NA	NA	NA	NA	NA	NA
NC_045512.2	3713	T	C	9983	9051	36	1	1	34	0.00010016	9984	0.999026	FALSE	NA	NA	NA	NA	NA	NA
NC_045512.2	3714	C	G	9949	9031	36	1	0	68	0.000100503	9950	0.500025	FALSE	NA	NA	NA	NA	NA	NA
NC_045512.2	3715	A	T	8304	7392	36	1	1	34	0.000120294	8313	0.998044	FALSE	NA	NA	NA	NA	NA	NA
NC_045512.2	3715	A	G	8304	7392	36	3	3	34	0.000360881	8313	0.967256	FALSE	NA	NA	NA	NA	NA	NA
NC_045512.2	3715	A	C	8304	7392	36	5	5	34	0.000601468	8313	0.86653	FALSE	NA	NA	NA	NA	NA	NA
NC_045512.2	3716	G	C	8288	7376	36	6	6	34	0.000723415	8294	0.788191	FALSE	NA	NA	NA	NA	NA	NA
NC_045512.2	3717	C	T	8294	7387	36	1	1	34	0.000120555	8295	0.998052	FALSE	NA	NA	NA	NA	NA	NA
NC_045512.2	3718	T	C	8070	7168	36	3	2	45	0.000371609	8073	0.125	FALSE	NA	NA	NA	NA	NA	NA
NC_045512.2	3719	G	A	8081	7152	36	1	1	34	0.000123732	8082	0.998052	FALSE	NA	NA	NA	NA	NA	NA
NC_045512.2	3722	A	-T	8154	7267	35	11	0	20	0.00134903	8154	1	FALSE	NA	NA	NA	NA	NA	NA
NC_045512.2	3722	A	+T	8154	7267	35	1	0	20	0.000122639	8154	1	FALSE	NA	NA	NA	NA	NA	NA
NC_045512.2	3724	T	C	8145	7243	36	1	1	34	0.00012276	8146	0.998052	FALSE	NA	NA	NA	NA	NA	NA
NC_045512.2	3725	T	A	8101	7202	36	1	1	34	0.000123426	8102	0.998052	FALSE	NA	NA	NA	NA	NA	NA
NC_045512.2	3728	G	A	7987	7113	35	1	1	34	0.000125188	7988	0.996103	FALSE	NA	NA	NA	NA	NA	NA
NC_045512.2	3729	G	C	7972	7087	35	1	1	34	0.000125423	7973	0.996103	FALSE	NA	NA	NA	NA	NA	NA
NC_045512.2	3731	G	T	7795	6903	35	1	0	34	0.000128222	7799	0.996097	FALSE	NA	NA	NA	NA	NA	NA
NC_045512.2	3731	G	C	7795	6903	35	2	2	30	0.000256443	7799	0.980487	FALSE	NA	NA	NA	NA	NA	NA
NC_045512.2	3731	G	A	7795	6903	35	1	1	34	0.000128222	7799	0.996097	FALSE	NA	NA	NA	NA	NA	NA
NC_045512.2	3732	C	T	7804	6938	35	2	2	34	0.000256213	7806	0.980505	FALSE	NA	NA	NA	NA	NA	NA
NC_045512.2	3733	T	C	7709	6840	35	4	4	34	0.000518605	7713	0.886844	FALSE	NA	NA	NA	NA	NA	NA
NC_045512.2	3737	C	T	7816	6820	35	1	1	34	0.000127926	7817	0.996103	FALSE	NA	NA	NA	NA	NA	NA
NC_045512.2	3738	C	A	7655	6709	35	1	1	34	0.000130617	7656	0.996103	FALSE	NA	NA	NA	NA	NA	NA
NC_045512.2	3739	T	C	7445	6492	35	2	2	34	0.000268565	7447	0.980507	FALSE	NA	NA	NA	NA	NA	NA
NC_045512.2	3740	A	T	7502	6546	35	1	1	34	0.000133209	7507	0.996095	FALSE	NA	NA	NA	NA	NA	NA
NC_045512.2	3740	A	G	7502	6546	35	4	4	34	0.000532836	7507	0.886805	FALSE	NA	NA	NA	NA	NA	NA
NC_045512.2	3744	A	T	6536	5593	35	1	1	34	0.000152975	6537	0.992204	FALSE	NA	NA	NA	NA	NA	NA
NC_045512.2	3747	C	-T	5999	5051	35	2	0	20	0.000333389	5999	1	FALSE	NA	NA	NA	NA	NA	NA
NC_045512.2	3749	T	C	5778	4839	34	1	1	34	0.00017304	5779	0.984403	FALSE	NA	NA	NA	NA	NA	NA
NC_045512.2	3752	A	G	5782	4849	35	1	1	34	0.000172921	5783	0.984403	FALSE	NA	NA	NA	NA	NA	NA
NC_045512.2	3758	T	C	4759	4009	34	1	1	34	0.000210084	4760	0.968799	FALSE	NA	NA	NA	NA	NA	NA
NC_045512.2	3760	T	C	4810	3985	34	5	0	34	0.00103821	4816	0.5	FALSE	NA	NA	NA	NA	NA	NA
NC_045512.2	3760	T	A	4810	3985	34	1	1	34	0.000207641	4816	0.968718	FALSE	NA	NA	NA	NA	NA	NA
NC_045512.2	3762	T	A	4802	3919	34	1	1	26	0.000208203	4803	1	FALSE	NA	NA	NA	NA	NA	NA
NC_045512.2	3780	A	C	966	45	35	1	0	34	0.00103413	967	0.500259	FALSE	NA	NA	NA	NA	NA	NA
NC_045512.2	3798	T	C	895	70	35	1	0	34	0.00111607	896	0.500279	FALSE	NA	NA	NA	NA	NA	NA
NC_045512.2	3803	A	G	853	74	35	1	0	34	0.00117096	854	0.500293	FALSE	NA	NA	NA	NA	NA	NA
NC_045512.2	3814	T	C	817	170	38	1	0	68	0.00122249	818	0.500306	FALSE	NA	NA	NA	NA	NA	NA
NC_045512.2	3826	T	G	821	238	38	1	0	24	0.00121655	822	0.9981	FALSE	NA	NA	NA	NA	NA	NA
NC_045512.2	3830	A	G	810	245	39	1	1	34	0.00123305	811	0.500308	FALSE	NA	NA	NA	NA	NA	NA
NC_045512.2	3844	G	A	713	307	38	1	0	26	0.00140056	714	0.996192	FALSE	NA	NA	NA	NA	NA	NA
NC_045512.2	3862	T	A	606	364	36	1	1	34	0.00164745	607	0.500412	FALSE	NA	NA	NA	NA	NA	NA
NC_045512.2	3870	A	T	614	370	36	1	0	34	0.00162602	615	0.500407	FALSE	NA	NA	NA	NA	NA	NA
NC_045512.2	3873	T	C	628	388	36	1	1	34	0.00158983	629	0.500398	FALSE	NA	NA	NA	NA	NA	NA
NC_045512.2	3895	A	G	710	607	35	1	1	34	0.00140647	711	0.500352	FALSE	NA	NA	NA	NA	NA	NA
NC_045512.2	3915	A	C	622	525	36	5	5	34	0.00797448	627	0.031125	FALSE	NA	NA	NA	NA	NA	NA
NC_045512.2	3930	T	A	623	490	36	1	1	34	0.00160256	624	0.500401	FALSE	NA	NA	NA	NA	NA	NA
NC_045512.2	3960	T	C	654	529	37	1	0	38	0.00152672	655	0.500382	FALSE	NA	NA	NA	NA	NA	NA
NC_045512.2	3982	T	A	728	633	37	2	0	30	0.00273973	730	0.250171	FALSE	NA	NA	NA	NA	NA	NA
NC_045512.2	3992	C	G	704	627	38	6	6	34	0.0084507	710	0.0155258	FALSE	NA	NA	NA	NA	NA	NA
NC_045512.2	4653	C	T	3579	86	33	2	0	34	0.000558503	3581	0.812675	FALSE	NA	NA	NA	NA	NA	NA
NC_045512.2	4655	C	T	4358	96	34	2	0	34	0.000458716	4360	0.890759	FALSE	NA	NA	NA	NA	NA	NA
NC_045512.2	4659	A	G	13622	141	34	1	0	26	7.34053e-05	13623	1	FALSE	NA	NA	NA	NA	NA	NA
NC_045512.2	4660	T	C	13793	160	34	1	0	34	7.24953e-05	13794	0.999939	FALSE	NA	NA	NA	NA	NA	NA
NC_045512.2	4664	A	G	13804	171	34	2	0	34	0.000144865	13806	0.999513	FALSE	NA	NA	NA	NA	NA	NA
NC_045512.2	4665	G	A	13881	171	34	2	0	26	0.000144061	13883	1	FALSE	NA	NA	NA	NA	NA	NA
NC_045512.2	4669	T	C	14579	170	34	2	0	34	0.000137165	14581	0.999742	FALSE	NA	NA	NA	NA	NA	NA
NC_045512.2	4671	T	A	14789	202	34	1	0	34	6.76133e-05	14790	0.99997	FALSE	NA	NA	NA	NA	NA	NA
NC_045512.2	4673	A	G	14779	220	34	1	0	34	6.7659e-05	14780	0.99997	FALSE	NA	NA	NA	NA	NA	NA
NC_045512.2	4676	G	A	15303	222	34	1	0	34	6.53424e-05	15304	0.999985	FALSE	NA	NA	NA	NA	NA	NA
NC_045512.2	4678	G	T	15396	263	34	1	0	34	6.49477e-05	15397	0.999985	FALSE	NA	NA	NA	NA	NA	NA
NC_045512.2	4679	C	T	15368	264	34	1	0	34	6.5066e-05	15369	0.999985	FALSE	NA	NA	NA	NA	NA	NA
NC_045512.2	4680	C	T	15701	266	34	1	0	34	6.36335e-05	15715	0.999985	FALSE	NA	NA	NA	NA	NA	NA
NC_045512.2	4680	C	G	15701	266	34	13	0	36	0.000827235	15715	0.714293	FALSE	NA	NA	NA	NA	NA	NA
NC_045512.2	4681	A	G	15823	271	34	7	0	32	0.000442198	15830	0.97381	FALSE	NA	NA	NA	NA	NA	NA
NC_045512.2	4683	C	T	17936	300	34	1	0	34	5.57476e-05	17938	0.999996	FALSE	NA	NA	NA	NA	NA	NA
NC_045512.2	4683	C	G	17936	300	34	1	0	34	5.57476e-05	17938	0.999996	FALSE	NA	NA	NA	NA	NA	NA
NC_045512.2	4684	T	C	17992	329	34	1	0	34	5.55772e-05	17993	0.999996	FALSE	NA	NA	NA	NA	NA	NA
NC_045512.2	4685	A	T	17952	331	34	2	0	30	0.00011139	17955	0.999962	FALSE	NA	NA	NA	NA	NA	NA
NC_045512.2	4685	A	G	17952	331	34	1	0	34	5.56948e-05	17955	0.999996	FALSE	NA	NA	NA	NA	NA	NA
NC_045512.2	4686	C	T	18093	331	34	4	0	34	0.000221019	18098	0.999574	FALSE	NA	NA	NA	NA	NA	NA
NC_045512.2	4686	C	A	18093	331	34	1	0	34	5.52547e-05	18098	0.999998	FALSE	NA	NA	NA	NA	NA	NA
NC_045512.2	4687	A	G	17555	331	34	1	0	34	5.69606e-05	17556	0.999996	FALSE	NA	NA	NA	NA	NA	NA
NC_045512.2	4688	G	A	18299	331	34	1	0	34	5.46448e-05	18300	0.999998	FALSE	NA	NA	NA	NA	NA	NA
NC_045512.2	4692	C	G	18475	466	35	1	0	34	5.41243e-05	18476	0.999998	FALSE	NA	NA	NA	NA	NA	NA
NC_045512.2	4692	C	-T	18475	466	35	1	0	20	5.41243e-05	18476	1	FALSE	NA	NA	NA	NA	NA	NA
NC_045512.2	4693	T	C	18464	466	35	1	0	34	5.41565e-05	18465	0.999998	FALSE	NA	NA	NA	NA	NA	NA
NC_045512.2	4694	G	-T	18534	467	35	1	0	20	5.39549e-05	18534	1	FALSE	NA	NA	NA	NA	NA	NA
NC_045512.2	4695	T	C	18419	493	35	5	0	32	0.000271385	18424	0.998704	FALSE	NA	NA	NA	NA	NA	NA
NC_045512.2	4696	T	C	18902	501	35	1	0	34	5.29017e-05	18903	0.999998	FALSE	NA	NA	NA	NA	NA	NA
NC_045512.2	4697	T	C	18942	497	35	1	0	34	5.27899e-05	18943	0.999998	FALSE	NA	NA	NA	NA	NA	NA
NC_045512.2	4699	T	C	19011	506	35	7	0	32	0.000368072	19018	0.995336	FALSE	NA	NA	NA	NA	NA	NA
NC_045512.2	4700	T	C	18987	525	35	2	0	34	0.000105324	18989	0.99998	FALSE	NA	NA	NA	NA	NA	NA
NC_045512.2	4701	C	T	19079	524	35	3	0	34	0.000157216	19082	0.99994	FALSE	NA	NA	NA	NA	NA	NA
NC_045512.2	4702	A	G	19328	575	35	1	0	34	5.17331e-05	19330	0.999999	FALSE	NA	NA	NA	NA	NA	NA
NC_045512.2	4702	A	C	19328	575	35	1	0	34	5.17331e-05	19330	0.999999	FALSE	NA	NA	NA	NA	NA	NA
NC_045512.2	4704	C	A	19604	700	35	1	0	34	5.10074e-05	19605	0.999999	FALSE	NA	NA	NA	NA	NA	NA
NC_045512.2	4705	T	C	19605	713	35	9	1	35	0.000458856	19614	0.982189	FALSE	NA	NA	NA	NA	NA	NA
NC_045512.2	4707	A	G	20240	728	35	1	0	34	4.94047e-05	20241	1	FALSE	NA	NA	NA	NA	NA	NA
NC_045512.2	4708	T	C	20649	730	35	2	0	34	9.68476e-05	20651	0.999995	FALSE	NA	NA	NA	NA	NA	NA
NC_045512.2	4710	C	T	22117	792	35	8	0	34	0.000361582	22125	0.997397	FALSE	NA	NA	NA	NA	NA	NA
NC_045512.2	4711	T	C	22208	786	35	7	1	38	0.000315102	22215	0.998846	FALSE	NA	NA	NA	NA	NA	NA
NC_045512.2	4712	G	A	22876	804	35	1	0	34	4.3712e-05	22877	1	FALSE	NA	NA	NA	NA	NA	NA
NC_045512.2	4713	T	A	22845	804	35	1	0	34	4.37713e-05	22846	1	FALSE	NA	NA	NA	NA	NA	NA
NC_045512.2	4714	T	A	22861	804	35	5	0	34	0.000218665	22866	0.999845	FALSE	NA	NA	NA	NA	NA	NA
NC_045512.2	4716	C	T	23192	807	35	1	0	34	4.31165e-05	23193	1	FALSE	NA	NA	NA	NA	NA	NA
NC_045512.2	4717	A	T	22533	805	35	1	0	26	4.43734e-05	22536	1	FALSE	NA	NA	NA	NA	NA	NA
NC_045512.2	4717	A	G	22533	805	35	2	0	34	8.87469e-05	22536	0.999999	FALSE	NA	NA	NA	NA	NA	NA
NC_045512.2	4719	C	T	24160	1127	36	2	0	34	8.27746e-05	24162	1	FALSE	NA	NA	NA	NA	NA	NA
NC_045512.2	4720	G	A	26059	1153	36	12	1	36	0.000460282	26071	0.993093	FALSE	NA	NA	NA	NA	NA	NA
NC_045512.2	4721	T	C	26075	1472	37	6	0	34	0.000230053	26081	0.999944	FALSE	NA	NA	NA	NA	NA	NA
NC_045512.2	4722	A	T	25929	1472	36	1	0	34	3.85609e-05	25933	1	FALSE	NA	NA	NA	NA	NA	NA
NC_045512.2	4722	A	G	25929	1472	36	3	0	34	0.000115683	25933	0.999998	FALSE	NA	NA	NA	NA	NA	NA
NC_045512.2	4725	A	T	25551	1534	36	1	0	34	3.91328e-05	25554	1	FALSE	NA	NA	NA	NA	NA	NA
NC_045512.2	4725	A	G	25551	1534	36	1	0	34	3.91328e-05	25554	1	FALSE	NA	NA	NA	NA	NA	NA
NC_045512.2	4725	A	C	25551	1534	36	1	0	34	3.91328e-05	25554	1	FALSE	NA	NA	NA	NA	NA	NA
NC_045512.2	4726	T	C	26359	1539	37	3	0	34	0.000113796	26363	0.999999	FALSE	NA	NA	NA	NA	NA	NA
NC_045512.2	4726	T	A	26359	1539	37	1	0	26	3.7932e-05	26363	1	FALSE	NA	NA	NA	NA	NA	NA
NC_045512.2	4727	G	A	26460	1538	37	1	0	34	3.77915e-05	26461	1	FALSE	NA	NA	NA	NA	NA	NA
NC_045512.2	4728	G	-T	26530	1543	37	1	0	20	3.76932e-05	26530	1	FALSE	NA	NA	NA	NA	NA	NA
NC_045512.2	4729	T	C	26399	1711	37	1	0	34	3.78774e-05	26401	1	FALSE	NA	NA	NA	NA	NA	NA
NC_045512.2	4729	T	A	26399	1711	37	1	0	26	3.78774e-05	26401	1	FALSE	NA	NA	NA	NA	NA	NA
NC_045512.2	4730	T	G	26562	1797	37	1	0	20	3.76435e-05	26565	1	FALSE	NA	NA	NA	NA	NA	NA
NC_045512.2	4730	T	C	26562	1797	37	1	0	34	3.76435e-05	26565	1	FALSE	NA	NA	NA	NA	NA	NA
NC_045512.2	4730	T	A	26562	1797	37	1	1	68	3.76435e-05	26565	0.499991	FALSE	NA	NA	NA	NA	NA	NA
NC_045512.2	4731	A	T	26279	1833	37	1	0	26	3.80489e-05	26282	1	FALSE	NA	NA	NA	NA	NA	NA
NC_045512.2	4731	A	G	26279	1833	37	2	0	34	7.60977e-05	26282	1	FALSE	NA	NA	NA	NA	NA	NA
NC_045512.2	4733	C	-T	26030	2042	37	1	0	20	3.84172e-05	26030	1	FALSE	NA	NA	NA	NA	NA	NA
NC_045512.2	4734	T	C	25991	2059	37	3	0	34	0.000115411	25994	0.999998	FALSE	NA	NA	NA	NA	NA	NA
NC_045512.2	4735	T	G	25507	2060	37	1	0	34	3.92003e-05	25510	1	FALSE	NA	NA	NA	NA	NA	NA
NC_045512.2	4735	T	C	25507	2060	37	1	0	34	3.92003e-05	25510	1	FALSE	NA	NA	NA	NA	NA	NA
NC_045512.2	4735	T	A	25507	2060	37	1	0	26	3.92003e-05	25510	1	FALSE	NA	NA	NA	NA	NA	NA
NC_045512.2	4736	A	G	26188	2133	38	1	0	34	3.8184e-05	26189	1	FALSE	NA	NA	NA	NA	NA	NA
NC_045512.2	4736	A	-CTT	26188	2133	38	1	0	20	3.8184e-05	26189	1	FALSE	NA	NA	NA	NA	NA	NA
NC_045512.2	4738	T	C	25762	2420	38	1	0	26	3.88154e-05	25763	1	FALSE	NA	NA	NA	NA	NA	NA
NC_045512.2	4739	T	C	25536	2479	38	4	0	34	0.000156617	25540	0.999992	FALSE	NA	NA	NA	NA	NA	NA
NC_045512.2	4740	C	G	25886	2486	38	1	0	34	3.86294e-05	25887	1	FALSE	NA	NA	NA	NA	NA	NA
NC_045512.2	4741	T	C	25825	2461	38	8	2	41	0.000309681	25833	0.0546773	FALSE	NA	NA	NA	NA	NA	NA
NC_045512.2	4742	T	C	25738	2466	38	2	1	29	7.77001e-05	25740	1	FALSE	NA	NA	NA	NA	NA	NA
NC_045512.2	4743	C	G	25713	2547	38	1	1	27	3.88893e-05	25714	1	FALSE	NA	NA	NA	NA	NA	NA
NC_045512.2	4744	T	G	25853	2693	38	1	0	34	3.86772e-05	25855	1	FALSE	NA	NA	NA	NA	NA	NA
NC_045512.2	4744	T	C	25853	2693	38	1	0	34	3.86772e-05	25855	1	FALSE	NA	NA	NA	NA	NA	NA
NC_045512.2	4745	T	C	25793	2688	38	1	0	34	3.87672e-05	25795	1	FALSE	NA	NA	NA	NA	NA	NA
NC_045512.2	4745	T	A	25793	2688	38	1	0	34	3.87672e-05	25795	1	FALSE	NA	NA	NA	NA	NA	NA
NC_045512.2	4746	C	A	25512	2763	38	3	2	68	0.000117578	25515	0.125	FALSE	NA	NA	NA	NA	NA	NA
NC_045512.2	4747	T	C	25545	2792	38	2	0	34	7.82871e-05	25547	1	FALSE	NA	NA	NA	NA	NA	NA
NC_045512.2	4748	A	G	25545	2798	38	2	0	51	7.82871e-05	25547	0.250005	FALSE	NA	NA	NA	NA	NA	NA
NC_045512.2	4749	A	G	25452	2808	38	1	0	34	3.92881e-05	25453	1	FALSE	NA	NA	NA	NA	NA	NA
NC_045512.2	4750	A	G	25345	2831	38	3	0	34	0.000118353	25348	0.999998	FALSE	NA	NA	NA	NA	NA	NA
NC_045512.2	4751	A	G	25228	2863	38	1	1	68	3.96338e-05	25231	0.49999	FALSE	NA	NA	NA	NA	NA	NA
NC_045512.2	4751	A	C	25228	2863	38	2	0	34	7.92676e-05	25231	1	FALSE	NA	NA	NA	NA	NA	NA
NC_045512.2	4752	C	T	24708	2959	38	4	0	34	0.000161865	24712	0.999986	FALSE	NA	NA	NA	NA	NA	NA
NC_045512.2	4753	A	G	24754	2920	38	2	0	34	8.07885e-05	24756	1	FALSE	NA	NA	NA	NA	NA	NA
NC_045512.2	4755	C	T	17294	3960	37	1	0	26	5.78202e-05	17295	1	FALSE	NA	NA	NA	NA	NA	NA
NC_045512.2	4756	T	C	17248	3913	37	2	0	34	0.000115942	17250	0.999962	FALSE	NA	NA	NA	NA	NA	NA
NC_045512.2	4758	A	G	17406	4231	37	2	0	30	0.00011489	17408	0.999962	FALSE	NA	NA	NA	NA	NA	NA
NC_045512.2	4759	A	G	17569	4241	37	4	0	32	0.000227622	17573	0.999258	FALSE	NA	NA	NA	NA	NA	NA
NC_045512.2	4761	A	G	16920	4268	37	1	1	34	5.90982e-05	16921	0.999992	FALSE	NA	NA	NA	NA	NA	NA
NC_045512.2	4762	A	G	17807	4296	37	1	0	34	5.61545e-05	17808	0.999996	FALSE	NA	NA	NA	NA	NA	NA
NC_045512.2	4764	A	G	18201	4533	37	2	1	30	0.000109872	18203	0.99998	FALSE	NA	NA	NA	NA	NA	NA
NC_045512.2	4764	A	-T	18201	4533	37	2	0	20	0.000109872	18203	1	FALSE	NA	NA	NA	NA	NA	NA
NC_045512.2	4765	T	C	18149	4547	37	1	0	34	5.50964e-05	18150	0.999998	FALSE	NA	NA	NA	NA	NA	NA
NC_045512.2	4766	T	C	18295	4801	37	1	0	34	5.46538e-05	18297	0.999998	FALSE	NA	NA	NA	NA	NA	NA
NC_045512.2	4766	T	A	18295	4801	37	1	0	34	5.46538e-05	18297	0.999998	FALSE	NA	NA	NA	NA	NA	NA
NC_045512.2	4767	T	C	18393	4887	38	1	1	34	5.43656e-05	18394	0.999998	FALSE	NA	NA	NA	NA	NA	NA
NC_045512.2	4768	T	C	18132	4706	37	4	1	40	0.000220556	18136	0.1875	FALSE	NA	NA	NA	NA	NA	NA
NC_045512.2	4771	T	C	17940	5059	37	1	0	34	5.57383e-05	17941	0.999996	FALSE	NA	NA	NA	NA	NA	NA
NC_045512.2	4773	A	G	18034	5118	37	6	4	49	0.000332594	18040	0.0624909	FALSE	NA	NA	NA	NA	NA	NA
NC_045512.2	4774	A	G	18258	5323	38	2	0	34	0.000109529	18260	0.99998	FALSE	NA	NA	NA	NA	NA	NA
NC_045512.2	4775	A	G	18179	5333	37	2	2	34	0.000110005	18181	0.99998	FALSE	NA	NA	NA	NA	NA	NA
NC_045512.2	4776	C	T	18326	5617	38	1	0	34	5.45643e-05	18327	0.999998	FALSE	NA	NA	NA	NA	NA	NA
NC_045512.2	4778	A	T	18609	5939	38	1	0	26	5.37288e-05	18612	1	FALSE	NA	NA	NA	NA	NA	NA
NC_045512.2	4778	A	G	18609	5939	38	2	0	34	0.000107458	18612	0.99998	FALSE	NA	NA	NA	NA	NA	NA
NC_045512.2	4779	T	C	18307	5510	37	2	0	34	0.000109236	18309	0.99998	FALSE	NA	NA	NA	NA	NA	NA
NC_045512.2	4781	T	C	18598	6115	38	4	0	32	0.000215031	18602	0.999574	FALSE	NA	NA	NA	NA	NA	NA
NC_045512.2	4782	C	T	17248	6375	37	2	0	34	0.000115942	17250	0.999962	FALSE	NA	NA	NA	NA	NA	NA
NC_045512.2	4783	A	G	16874	6388	37	2	0	34	0.000118511	16876	0.999928	FALSE	NA	NA	NA	NA	NA	NA
NC_045512.2	4785	T	C	17099	6342	37	1	0	34	5.84795e-05	17100	0.999996	FALSE	NA	NA	NA	NA	NA	NA
NC_045512.2	4787	G	A	17607	6953	38	1	1	34	5.67924e-05	17608	0.999996	FALSE	NA	NA	NA	NA	NA	NA
NC_045512.2	4788	C	T	17481	7153	38	3	0	34	0.000171585	17484	0.9998	FALSE	NA	NA	NA	NA	NA	NA
NC_045512.2	4789	T	C	17499	7109	38	2	1	34	0.000114279	17501	0.999962	FALSE	NA	NA	NA	NA	NA	NA
NC_045512.2	4790	G	A	17640	7126	38	1	0	68	5.66861e-05	17641	0.500014	FALSE	NA	NA	NA	NA	NA	NA
NC_045512.2	4792	T	C	17698	6983	37	1	0	34	5.65004e-05	17699	0.999996	FALSE	NA	NA	NA	NA	NA	NA
NC_045512.2	4793	T	C	18103	7553	38	1	1	34	5.52334e-05	18105	0.999998	FALSE	NA	NA	NA	NA	NA	NA
NC_045512.2	4793	T	A	18103	7553	38	1	1	24	5.52334e-05	18105	1	FALSE	NA	NA	NA	NA	NA	NA
NC_045512.2	4795	C	A	18164	7655	38	2	0	34	0.000110096	18166	0.99998	FALSE	NA	NA	NA	NA	NA	NA
NC_045512.2	4796	T	C	18169	7621	38	3	2	34	0.000165089	18172	0.99989	FALSE	NA	NA	NA	NA	NA	NA
NC_045512.2	4797	A	G	18349	7820	38	1	1	34	5.44959e-05	18350	0.999998	FALSE	NA	NA	NA	NA	NA	NA
NC_045512.2	4798	T	A	18337	7821	38	1	0	34	5.45316e-05	18338	0.999998	FALSE	NA	NA	NA	NA	NA	NA
NC_045512.2	4799	A	G	17966	7826	37	1	1	34	5.56576e-05	17967	0.999996	FALSE	NA	NA	NA	NA	NA	NA
NC_045512.2	4800	A	G	18348	7881	38	2	0	34	0.000108992	18350	0.99998	FALSE	NA	NA	NA	NA	NA	NA
NC_045512.2	4801	A	T	18381	7822	38	1	0	34	5.4401e-05	18382	0.999998	FALSE	NA	NA	NA	NA	NA	NA
NC_045512.2	4803	A	G	18012	7969	37	2	1	51	0.000111025	18014	0.250007	FALSE	NA	NA	NA	NA	NA	NA
NC_045512.2	4804	T	C	18000	7905	38	1	1	24	5.55494e-05	18002	1	FALSE	NA	NA	NA	NA	NA	NA
NC_045512.2	4804	T	A	18000	7905	38	1	0	34	5.55494e-05	18002	0.999998	FALSE	NA	NA	NA	NA	NA	NA
NC_045512.2	4805	T	G	17919	7947	38	1	0	34	5.5788e-05	17925	0.999996	FALSE	NA	NA	NA	NA	NA	NA
NC_045512.2	4805	T	C	17919	7947	38	5	3	54	0.00027894	17925	0.0312413	FALSE	NA	NA	NA	NA	NA	NA
NC_045512.2	4807	G	A	18653	8104	38	5	0	34	0.000267982	18658	0.998705	FALSE	NA	NA	NA	NA	NA	NA
NC_045512.2	4808	T	C	18775	8556	38	1	0	34	5.32566e-05	18777	0.999998	FALSE	NA	NA	NA	NA	NA	NA
NC_045512.2	4808	T	A	18775	8556	38	1	1	34	5.32566e-05	18777	0.999998	FALSE	NA	NA	NA	NA	NA	NA
NC_045512.2	4811	T	C	17202	8643	37	1	1	34	5.81294e-05	17203	0.999996	FALSE	NA	NA	NA	NA	NA	NA
NC_045512.2	4812	A	G	17572	8796	37	2	1	34	0.000113804	17574	0.999962	FALSE	NA	NA	NA	NA	NA	NA
NC_045512.2	4813	T	C	17781	9080	37	1	0	68	5.62366e-05	17782	0.500014	FALSE	NA	NA	NA	NA	NA	NA
NC_045512.2	4814	T	C	17784	9070	37	1	0	26	5.62272e-05	17785	1	FALSE	NA	NA	NA	NA	NA	NA
NC_045512.2	4815	C	T	17611	9204	37	2	0	34	0.000113552	17613	0.999962	FALSE	NA	NA	NA	NA	NA	NA
NC_045512.2	4816	T	C	16880	8508	37	1	1	34	5.92382e-05	16881	0.999992	FALSE	NA	NA	NA	NA	NA	NA
NC_045512.2	4817	G	A	17067	8644	37	1	0	34	5.85892e-05	17068	0.999996	FALSE	NA	NA	NA	NA	NA	NA
NC_045512.2	4818	G	A	17093	8667	37	1	1	34	5.85001e-05	17094	0.999996	FALSE	NA	NA	NA	NA	NA	NA
NC_045512.2	4819	A	G	16468	8827	37	1	1	34	6.07201e-05	16469	0.999992	FALSE	NA	NA	NA	NA	NA	NA
NC_045512.2	4825	T	C	15645	9081	36	3	3	34	0.000191718	15648	0.999346	FALSE	NA	NA	NA	NA	NA	NA
NC_045512.2	4826	A	G	15407	8806	35	1	1	34	6.49013e-05	15408	0.999985	FALSE	NA	NA	NA	NA	NA	NA
NC_045512.2	4828	A	G	16246	9807	36	1	1	34	6.15498e-05	16247	0.999992	FALSE	NA	NA	NA	NA	NA	NA
NC_045512.2	4830	A	G	16337	9535	36	2	1	34	0.000122407	16339	0.999928	FALSE	NA	NA	NA	NA	NA	NA
NC_045512.2	4832	C	T	10736	6451	36	5317	2973	36	0.331215	16053	0	TRUE	NA	NA	NA	NA	NA	NA
NC_045512.2	4834	A	G	15858	9319	36	1	1	34	6.30557e-05	15859	0.999985	FALSE	NA	NA	NA	NA	NA	NA
NC_045512.2	4837	T	A	15956	9171	36	1	1	34	6.26684e-05	15957	0.999985	FALSE	NA	NA	NA	NA	NA	NA
NC_045512.2	4838	A	T	16776	10198	37	1	0	34	5.96019e-05	16778	0.999992	FALSE	NA	NA	NA	NA	NA	NA
NC_045512.2	4838	A	C	16776	10198	37	1	0	34	5.96019e-05	16778	0.999992	FALSE	NA	NA	NA	NA	NA	NA
NC_045512.2	4840	A	G	16608	10143	37	1	0	34	6.02083e-05	16609	0.999992	FALSE	NA	NA	NA	NA	NA	NA
NC_045512.2	4841	G	T	16747	10154	37	2	1	51	0.000119403	16750	0.249993	FALSE	NA	NA	NA	NA	NA	NA
NC_045512.2	4841	G	A	16747	10154	37	1	1	34	5.97015e-05	16750	0.999992	FALSE	NA	NA	NA	NA	NA	NA
NC_045512.2	4842	A	G	19116	12793	37	1	1	34	5.23095e-05	19117	0.999999	FALSE	NA	NA	NA	NA	NA	NA
NC_045512.2	4845	T	C	18792	12584	37	3	2	34	0.000159617	18795	0.99989	FALSE	NA	NA	NA	NA	NA	NA
NC_045512.2	4846	T	G	18192	11849	36	1	0	26	5.49602e-05	18195	1	FALSE	NA	NA	NA	NA	NA	NA
NC_045512.2	4846	T	C	18192	11849	36	2	1	34	0.00010992	18195	0.99998	FALSE	NA	NA	NA	NA	NA	NA
NC_045512.2	4848	T	C	18940	12624	37	1	1	34	5.27955e-05	18941	0.999998	FALSE	NA	NA	NA	NA	NA	NA
NC_045512.2	4851	A	G	19029	12740	37	2	1	34	0.000105092	19031	0.99999	FALSE	NA	NA	NA	NA	NA	NA
NC_045512.2	4853	A	G	18743	12777	36	1	0	24	5.33504e-05	18744	1	FALSE	NA	NA	NA	NA	NA	NA
NC_045512.2	4854	G	A	19006	12784	37	1	0	26	5.26122e-05	19007	1	FALSE	NA	NA	NA	NA	NA	NA
NC_045512.2	4855	A	G	18411	12518	37	1	0	34	5.43124e-05	18412	0.999998	FALSE	NA	NA	NA	NA	NA	NA
NC_045512.2	4856	G	A	18755	12515	37	1	1	34	5.33163e-05	18756	0.999998	FALSE	NA	NA	NA	NA	NA	NA
NC_045512.2	4857	G	A	18911	12611	37	2	0	26	0.000105747	18913	1	FALSE	NA	NA	NA	NA	NA	NA
NC_045512.2	4858	T	A	19558	13392	37	1	0	34	5.11274e-05	19559	0.999999	FALSE	NA	NA	NA	NA	NA	NA
NC_045512.2	4860	A	G	20119	13990	37	3	2	34	0.000149091	20122	0.999967	FALSE	NA	NA	NA	NA	NA	NA
NC_045512.2	4861	T	G	19980	14115	37	2	2	34	0.00010008	19984	0.99999	FALSE	NA	NA	NA	NA	NA	NA
NC_045512.2	4861	T	C	19980	14115	37	2	0	51	0.00010008	19984	0.249981	FALSE	NA	NA	NA	NA	NA	NA
NC_045512.2	4862	A	G	19817	14046	37	1	1	34	5.04592e-05	19818	0.999999	FALSE	NA	NA	NA	NA	NA	NA
NC_045512.2	4863	A	G	19723	14256	37	1	0	34	5.06997e-05	19724	0.999999	FALSE	NA	NA	NA	NA	NA	NA
NC_045512.2	4864	A	T	19680	14272	37	1	1	26	5.08078e-05	19682	1	FALSE	NA	NA	NA	NA	NA	NA
NC_045512.2	4864	A	G	19680	14272	37	1	1	34	5.08078e-05	19682	0.999999	FALSE	NA	NA	NA	NA	NA	NA
NC_045512.2	4865	A	G	19387	14015	37	1	0	34	5.15783e-05	19388	0.999999	FALSE	NA	NA	NA	NA	NA	NA
NC_045512.2	4866	G	A	19488	14023	37	2	2	34	0.000102617	19490	0.99999	FALSE	NA	NA	NA	NA	NA	NA
NC_045512.2	4868	G	C	19586	14081	37	1	1	34	5.1036e-05	19594	0.999999	FALSE	NA	NA	NA	NA	NA	NA
NC_045512.2	4868	G	A	19586	14081	37	7	7	34	0.000357252	19594	0.995334	FALSE	NA	NA	NA	NA	NA	NA
NC_045512.2	4869	T	C	19474	14012	37	2	1	34	0.00010269	19476	0.99999	FALSE	NA	NA	NA	NA	NA	NA
NC_045512.2	4872	A	G	19965	14366	37	2	1	34	0.000100165	19967	0.99999	FALSE	NA	NA	NA	NA	NA	NA
NC_045512.2	4874	T	C	21411	16091	38	4	3	42	0.000186785	21415	0.343761	FALSE	NA	NA	NA	NA	NA	NA
NC_045512.2	4875	A	G	21948	16876	38	1	0	34	4.55602e-05	21949	1	FALSE	NA	NA	NA	NA	NA	NA
NC_045512.2	4876	C	A	22347	17448	38	1	1	34	4.47467e-05	22348	1	FALSE	NA	NA	NA	NA	NA	NA
NC_045512.2	4877	A	G	22002	17122	38	2	1	51	9.08926e-05	22004	0.250006	FALSE	NA	NA	NA	NA	NA	NA
NC_045512.2	4879	T	C	21641	16675	38	1	1	26	4.62065e-05	21642	1	FALSE	NA	NA	NA	NA	NA	NA
NC_045512.2	4880	A	G	21655	16653	38	1	0	68	4.61766e-05	21656	0.500012	FALSE	NA	NA	NA	NA	NA	NA
NC_045512.2	4882	T	C	21626	16697	38	2	2	34	9.24727e-05	21628	0.999997	FALSE	NA	NA	NA	NA	NA	NA
NC_045512.2	4883	A	G	22941	18407	38	4	4	34	0.00017433	22945	0.999956	FALSE	NA	NA	NA	NA	NA	NA
NC_045512.2	4885	T	C	22645	17965	38	1	1	34	4.41579e-05	22646	1	FALSE	NA	NA	NA	NA	NA	NA
NC_045512.2	4888	T	C	22544	17987	38	60	47	42	0.0026544	22604	4.08982e-16	TRUE	NA	NA	NA	NA	NA	NA
NC_045512.2	4888	T	-ACCACATTC	22544	17987	38	1	0	20	4.424e-05	22604	1	FALSE	NA	NA	NA	NA	NA	NA
NC_045512.2	4890	C	T	23408	19037	39	2	2	26	8.54299e-05	23411	1	FALSE	NA	NA	NA	NA	NA	NA
NC_045512.2	4890	C	G	23408	19037	39	1	1	34	4.2715e-05	23411	1	FALSE	NA	NA	NA	NA	NA	NA
NC_045512.2	4891	C	T	23607	19407	39	2	0	34	8.47135e-05	23609	0.999999	FALSE	NA	NA	NA	NA	NA	NA
NC_045512.2	4892	A	T	23530	19305	39	2	1	57	8.49907e-05	23532	0.249995	FALSE	NA	NA	NA	NA	NA	NA
NC_045512.2	4893	C	G	24048	19916	39	1	1	26	4.15818e-05	24049	1	FALSE	NA	NA	NA	NA	NA	NA
NC_045512.2	4894	A	T	23504	19367	39	1	1	34	4.25405e-05	23507	1	FALSE	NA	NA	NA	NA	NA	NA
NC_045512.2	4894	A	G	23504	19367	39	2	2	34	8.5081e-05	23507	0.999999	FALSE	NA	NA	NA	NA	NA	NA
NC_045512.2	4894	A	-T	23504	19367	39	2	0	20	8.50774e-05	23508	1	FALSE	NA	NA	NA	NA	NA	NA
NC_045512.2	4895	T	C	23675	19689	39	2	2	51	8.44666e-05	23678	0.249963	FALSE	NA	NA	NA	NA	NA	NA
NC_045512.2	4895	T	A	23675	19689	39	1	1	34	4.22333e-05	23678	1	FALSE	NA	NA	NA	NA	NA	NA
NC_045512.2	4896	T	A	23601	19807	39	2	2	34	8.4735e-05	23603	0.999999	FALSE	NA	NA	NA	NA	NA	NA
NC_045512.2	4897	C	T	23640	19856	39	1	1	34	4.22994e-05	23641	1	FALSE	NA	NA	NA	NA	NA	NA
NC_045512.2	4899	A	G	23429	19657	39	5	4	54	0.000213365	23434	0.0312467	FALSE	NA	NA	NA	NA	NA	NA
NC_045512.2	4901	C	A	26093	22996	40	1	0	68	3.8323e-05	26094	0.50001	FALSE	NA	NA	NA	NA	NA	NA
NC_045512.2	4902	T	C	24336	21255	38	2	2	34	8.21726e-05	24339	1	FALSE	NA	NA	NA	NA	NA	NA
NC_045512.2	4902	T	A	24336	21255	38	1	1	34	4.10863e-05	24339	1	FALSE	NA	NA	NA	NA	NA	NA
NC_045512.2	4904	G	T	26022	22942	40	2	2	30	7.68521e-05	26024	1	FALSE	NA	NA	NA	NA	NA	NA
NC_045512.2	4905	A	G	26172	23161	39	2	1	47	7.64117e-05	26174	0.687521	FALSE	NA	NA	NA	NA	NA	NA
NC_045512.2	4906	T	C	25996	22982	40	3	2	35	0.000115385	26000	0.999999	FALSE	NA	NA	NA	NA	NA	NA
NC_045512.2	4906	T	A	25996	22982	40	1	0	34	3.84615e-05	26000	1	FALSE	NA	NA	NA	NA	NA	NA
NC_045512.2	4907	G	A	25848	22845	40	3	3	34	0.00011605	25851	0.999998	FALSE	NA	NA	NA	NA	NA	NA
NC_045512.2	4908	G	T	26245	23774	39	1	1	26	3.8101e-05	26246	1	FALSE	NA	NA	NA	NA	NA	NA
NC_045512.2	4909	T	C	25981	23573	39	8	8	34	0.000307823	25989	0.999343	FALSE	NA	NA	NA	NA	NA	NA
NC_045512.2	4910	G	T	25952	23546	39	3	1	56	0.00011558	25956	0.124993	FALSE	NA	NA	NA	NA	NA	NA
NC_045512.2	4910	G	A	25952	23546	39	1	1	34	3.85267e-05	25956	1	FALSE	NA	NA	NA	NA	NA	NA
NC_045512.2	4911	A	T	26164	23841	39	1	1	34	3.82161e-05	26167	1	FALSE	NA	NA	NA	NA	NA	NA
NC_045512.2	4911	A	G	26164	23841	39	2	1	51	7.64321e-05	26167	0.249995	FALSE	NA	NA	NA	NA	NA	NA
NC_045512.2	4912	A	G	26261	23971	39	2	2	34	7.61528e-05	26263	1	FALSE	NA	NA	NA	NA	NA	NA
NC_045512.2	4914	T	C	25982	23989	39	4	4	34	0.000153929	25986	0.999992	FALSE	NA	NA	NA	NA	NA	NA
NC_045512.2	4917	T	C	25609	23620	38	2	2	51	7.80914e-05	25611	0.250005	FALSE	NA	NA	NA	NA	NA	NA
NC_045512.2	4919	A	G	25750	23786	39	1	1	34	3.88319e-05	25752	1	FALSE	NA	NA	NA	NA	NA	NA
NC_045512.2	4919	A	C	25750	23786	39	1	1	34	3.88319e-05	25752	1	FALSE	NA	NA	NA	NA	NA	NA
NC_045512.2	4920	C	T	16640	15365	39	8516	7839	37	0.338501	25158	0	TRUE	NA	NA	NA	NA	NA	NA
NC_045512.2	4920	C	G	16640	15365	39	2	1	30	7.94976e-05	25158	0.999979	FALSE	NA	NA	NA	NA	NA	NA
NC_045512.2	4921	C	A	25674	23940	38	2	2	34	7.78938e-05	25676	1	FALSE	NA	NA	NA	NA	NA	NA
NC_045512.2	4922	T	C	25156	23437	38	3	3	34	0.000119242	25159	0.999998	FALSE	NA	NA	NA	NA	NA	NA
NC_045512.2	4923	T	C	24654	22933	37	4	3	59	0.000162219	24658	0.0624975	FALSE	NA	NA	NA	NA	NA	NA
NC_045512.2	4924	T	C	25060	23345	38	1	1	46	3.99026e-05	25061	0.875015	FALSE	NA	NA	NA	NA	NA	NA
NC_045512.2	4925	G	T	25088	23478	38	2	2	34	7.97099e-05	25091	1	FALSE	NA	NA	NA	NA	NA	NA
NC_045512.2	4925	G	A	25088	23478	38	1	1	34	3.98549e-05	25091	1	FALSE	NA	NA	NA	NA	NA	NA
NC_045512.2	4926	A	G	25028	23422	38	4	4	34	0.000159795	25032	0.999992	FALSE	NA	NA	NA	NA	NA	NA
NC_045512.2	4928	A	T	24312	22768	37	1	0	27	4.11235e-05	24317	1	FALSE	NA	NA	NA	NA	NA	NA
NC_045512.2	4928	A	G	24312	22768	37	1	1	34	4.11235e-05	24317	1	FALSE	NA	NA	NA	NA	NA	NA
NC_045512.2	4928	A	C	24312	22768	37	3	3	34	0.00012337	24317	0.999997	FALSE	NA	NA	NA	NA	NA	NA
NC_045512.2	4929	A	G	23967	22433	37	2	2	30	8.34341e-05	23971	0.999999	FALSE	NA	NA	NA	NA	NA	NA
NC_045512.2	4929	A	C	23967	22433	37	2	2	34	8.34341e-05	23971	0.999999	FALSE	NA	NA	NA	NA	NA	NA
NC_045512.2	4931	C	T	24133	22819	37	3	3	34	0.000124296	24136	0.999997	FALSE	NA	NA	NA	NA	NA	NA
NC_045512.2	4932	T	G	23057	21745	36	1	0	34	4.33633e-05	23061	1	FALSE	NA	NA	NA	NA	NA	NA
NC_045512.2	4932	T	C	23057	21745	36	2	2	34	8.67265e-05	23061	0.999999	FALSE	NA	NA	NA	NA	NA	NA
NC_045512.2	4932	T	A	23057	21745	36	1	1	34	4.33633e-05	23061	1	FALSE	NA	NA	NA	NA	NA	NA
NC_045512.2	4933	T	C	23681	22370	37	2	2	34	8.44416e-05	23685	0.999999	FALSE	NA	NA	NA	NA	NA	NA
NC_045512.2	4933	T	A	23681	22370	37	2	2	30	8.44416e-05	23685	0.999999	FALSE	NA	NA	NA	NA	NA	NA
NC_045512.2	4934	A	T	23977	22666	37	1	1	34	4.17049e-05	23978	1	FALSE	NA	NA	NA	NA	NA	NA
NC_045512.2	4941	T	C	19220	18117	37	13	13	34	0.000675746	19238	0.892323	FALSE	NA	NA	NA	NA	NA	NA
NC_045512.2	4941	T	A	19220	18117	37	5	5	34	0.000259902	19238	0.999227	FALSE	NA	NA	NA	NA	NA	NA
NC_045512.2	4942	T	C	18232	17128	36	1	1	34	5.48426e-05	18234	0.999998	FALSE	NA	NA	NA	NA	NA	NA
NC_045512.2	4942	T	A	18232	17128	36	1	1	34	5.48426e-05	18234	0.999998	FALSE	NA	NA	NA	NA	NA	NA
NC_045512.2	4943	C	T	19188	18093	37	1	1	34	5.21132e-05	19189	0.999999	FALSE	NA	NA	NA	NA	NA	NA
NC_045512.2	4944	T	C	19152	18055	37	2	2	34	0.000104417	19154	0.99999	FALSE	NA	NA	NA	NA	NA	NA
NC_045512.2	4948	T	C	18863	17851	37	1	1	34	5.3011e-05	18864	0.999998	FALSE	NA	NA	NA	NA	NA	NA
NC_045512.2	4949	T	C	18861	17851	37	6	6	32	0.000317999	18868	0.996703	FALSE	NA	NA	NA	NA	NA	NA
NC_045512.2	4949	T	A	18861	17851	37	1	1	34	5.29998e-05	18868	0.999998	FALSE	NA	NA	NA	NA	NA	NA
NC_045512.2	4954	A	G	18781	17795	37	1	1	34	5.32425e-05	18782	0.999998	FALSE	NA	NA	NA	NA	NA	NA
NC_045512.2	4955	G	C	18770	17778	37	1	1	34	5.32737e-05	18771	0.999998	FALSE	NA	NA	NA	NA	NA	NA
NC_045512.2	4957	A	G	18658	17732	37	4	4	32	0.000214339	18662	0.999574	FALSE	NA	NA	NA	NA	NA	NA
NC_045512.2	4958	G	A	18647	17762	37	2	2	34	0.000107244	18649	0.99998	FALSE	NA	NA	NA	NA	NA	NA
NC_045512.2	4959	T	C	17457	16593	37	2	2	30	0.000114554	17459	0.999962	FALSE	NA	NA	NA	NA	NA	NA
NC_045512.2	4960	G	T	17401	16550	37	1	1	34	5.74548e-05	17405	0.999996	FALSE	NA	NA	NA	NA	NA	NA
NC_045512.2	4960	G	C	17401	16550	37	2	2	30	0.00011491	17405	0.999962	FALSE	NA	NA	NA	NA	NA	NA
NC_045512.2	4960	G	A	17401	16550	37	1	1	34	5.74548e-05	17405	0.999996	FALSE	NA	NA	NA	NA	NA	NA
NC_045512.2	4961	A	T	16590	15756	37	2	2	34	0.000119119	16790	0.999921	FALSE	NA	NA	NA	NA	NA	NA
NC_045512.2	4961	A	G	16590	15756	37	198	185	36	0.0117927	16790	1.30363e-41	TRUE	NA	NA	NA	NA	NA	NA
NC_045512.2	4962	G	T	16688	15840	37	1	1	34	5.99161e-05	16690	0.999992	FALSE	NA	NA	NA	NA	NA	NA
NC_045512.2	4962	G	C	16688	15840	37	1	1	34	5.99161e-05	16690	0.999992	FALSE	NA	NA	NA	NA	NA	NA
NC_045512.2	4964	A	G	16524	15701	37	6	6	34	0.000362976	16530	0.991571	FALSE	NA	NA	NA	NA	NA	NA
NC_045512.2	4965	C	A	16511	15756	36	3	3	34	0.000181664	16514	0.999637	FALSE	NA	NA	NA	NA	NA	NA
NC_045512.2	4966	T	C	14836	14086	35	2	2	34	0.000134789	14838	0.999742	FALSE	NA	NA	NA	NA	NA	NA
NC_045512.2	4967	A	-T	15909	15163	36	1	0	20	6.28575e-05	15909	1	FALSE	NA	NA	NA	NA	NA	NA
NC_045512.2	4970	A	T	15823	15141	36	2	2	34	0.000126382	15825	0.999863	FALSE	NA	NA	NA	NA	NA	NA
NC_045512.2	4971	A	T	15517	14990	35	1	1	34	6.44247e-05	15522	0.999985	FALSE	NA	NA	NA	NA	NA	NA
NC_045512.2	4971	A	C	15517	14990	35	4	4	34	0.000257699	15522	0.997793	FALSE	NA	NA	NA	NA	NA	NA
NC_045512.2	4975	G	C	13121	12649	36	1	1	34	7.62079e-05	13122	0.999939	FALSE	NA	NA	NA	NA	NA	NA
NC_045512.2	4975	G	-T	13121	12649	36	1	0	20	7.62079e-05	13122	1	FALSE	NA	NA	NA	NA	NA	NA
NC_045512.2	4977	T	C	11579	11155	36	3	3	38	0.000259023	11582	0.993546	FALSE	NA	NA	NA	NA	NA	NA
NC_045512.2	4981	A	G	11373	11094	35	2	2	34	0.000175824	11375	0.998296	FALSE	NA	NA	NA	NA	NA	NA
NC_045512.2	4983	C	T	11260	10983	35	1	1	34	8.88021e-05	11261	0.999757	FALSE	NA	NA	NA	NA	NA	NA
NC_045512.2	4986	T	A	9032	8867	34	1	1	34	0.000110705	9033	0.999026	FALSE	NA	NA	NA	NA	NA	NA
NC_045512.2	4989	A	G	8706	8560	35	4	4	34	0.000459242	8710	0.927099	FALSE	NA	NA	NA	NA	NA	NA
NC_045512.2	4990	C	T	8713	8589	34	1	1	34	0.000114758	8714	0.998052	FALSE	NA	NA	NA	NA	NA	NA
NC_045512.2	5273	G	A	4611	515	34	1	0	34	0.000216826	4612	0.968801	FALSE	NA	NA	NA	NA	NA	NA
NC_045512.2	5274	C	T	4634	520	34	1	0	26	0.00021575	4635	1	FALSE	NA	NA	NA	NA	NA	NA
NC_045512.2	5278	T	C	4645	516	35	1824	151	35	0.28196	6469	0	TRUE	NA	NA	NA	NA	NA	NA
NC_045512.2	5279	A	G	6060	678	34	5	0	34	0.000824266	6066	0.725679	FALSE	NA	NA	NA	NA	NA	NA
NC_045512.2	5279	A	C	6060	678	34	1	0	34	0.000164853	6066	0.992183	FALSE	NA	NA	NA	NA	NA	NA
NC_045512.2	5284	C	T	4856	368	35	3668	407	35	0.430264	8525	0	TRUE	NA	NA	NA	NA	NA	NA
NC_045512.2	5284	C	A	4856	368	35	1	0	34	0.000117302	8525	0.982752	FALSE	NA	NA	NA	NA	NA	NA
NC_045512.2	5287	T	C	8635	847	35	3	0	34	0.000347262	8639	0.967327	FALSE	NA	NA	NA	NA	NA	NA
NC_045512.2	5287	T	A	8635	847	35	1	0	34	0.000115754	8639	0.998049	FALSE	NA	NA	NA	NA	NA	NA
NC_045512.2	5290	T	C	8635	545	34	1	0	34	0.000115794	8636	0.998052	FALSE	NA	NA	NA	NA	NA	NA
NC_045512.2	5292	T	C	8974	859	35	5	0	34	0.000556855	8979	0.866708	FALSE	NA	NA	NA	NA	NA	NA
NC_045512.2	5293	T	C	9039	873	35	1	0	34	0.000110619	9040	0.999026	FALSE	NA	NA	NA	NA	NA	NA
NC_045512.2	5296	C	T	9363	900	35	1	0	34	0.000106792	9364	0.999026	FALSE	NA	NA	NA	NA	NA	NA
NC_045512.2	5297	A	T	9435	888	35	1	0	34	0.000105966	9437	0.999026	FALSE	NA	NA	NA	NA	NA	NA
NC_045512.2	5297	A	G	9435	888	35	1	0	34	0.000105966	9437	0.999026	FALSE	NA	NA	NA	NA	NA	NA
NC_045512.2	5301	C	G	10195	939	35	1	0	34	9.80777e-05	10196	0.999513	FALSE	NA	NA	NA	NA	NA	NA
NC_045512.2	5302	A	G	10857	981	35	3	0	34	0.000276243	10860	0.988794	FALSE	NA	NA	NA	NA	NA	NA
NC_045512.2	5305	G	A	12224	990	35	1	0	34	8.17996e-05	12225	0.999878	FALSE	NA	NA	NA	NA	NA	NA
NC_045512.2	5306	T	C	12162	975	35	3	0	34	0.000246609	12165	0.996318	FALSE	NA	NA	NA	NA	NA	NA
NC_045512.2	5307	T	C	12222	1004	35	1	0	34	8.1813e-05	12223	0.999878	FALSE	NA	NA	NA	NA	NA	NA
NC_045512.2	5308	A	G	12246	1040	35	1	0	34	8.16526e-05	12247	0.999878	FALSE	NA	NA	NA	NA	NA	NA
NC_045512.2	5309	A	G	11213	1060	33	1	0	34	8.91742e-05	11214	0.999757	FALSE	NA	NA	NA	NA	NA	NA
NC_045512.2	5311	A	G	12481	1073	35	1	0	34	8.01154e-05	12482	0.999878	FALSE	NA	NA	NA	NA	NA	NA
NC_045512.2	5312	C	T	12876	1198	35	1	0	34	7.76458e-05	12879	0.999878	FALSE	NA	NA	NA	NA	NA	NA
NC_045512.2	5312	C	A	12876	1198	35	2	0	34	0.000155292	12879	0.999087	FALSE	NA	NA	NA	NA	NA	NA
NC_045512.2	5313	T	C	12934	1352	36	4	0	34	0.000309167	12938	0.989388	FALSE	NA	NA	NA	NA	NA	NA
NC_045512.2	5314	C	G	13217	1477	36	1	0	34	7.56544e-05	13218	0.999939	FALSE	NA	NA	NA	NA	NA	NA
NC_045512.2	5315	C	T	13221	1474	36	1	0	34	7.56315e-05	13222	0.999939	FALSE	NA	NA	NA	NA	NA	NA
NC_045512.2	5316	A	T	13383	1481	36	1	0	34	7.46993e-05	13387	0.999939	FALSE	NA	NA	NA	NA	NA	NA
NC_045512.2	5316	A	G	13383	1481	36	3	0	34	0.000224098	13387	0.997915	FALSE	NA	NA	NA	NA	NA	NA
NC_045512.2	5317	A	T	12831	1479	35	1	0	34	7.7918e-05	12834	0.999878	FALSE	NA	NA	NA	NA	NA	NA
NC_045512.2	5317	A	G	12831	1479	35	2	1	34	0.000155836	12834	0.999087	FALSE	NA	NA	NA	NA	NA	NA
NC_045512.2	5320	A	G	13659	1553	36	2	1	32	0.000146402	13661	0.999513	FALSE	NA	NA	NA	NA	NA	NA
NC_045512.2	5322	T	A	13699	1552	36	1	0	34	7.29927e-05	13700	0.999939	FALSE	NA	NA	NA	NA	NA	NA
NC_045512.2	5325	A	G	13352	1626	36	2	1	34	0.000149768	13354	0.999513	FALSE	NA	NA	NA	NA	NA	NA
NC_045512.2	5327	T	A	13841	1452	36	1	0	34	7.22439e-05	13842	0.999939	FALSE	NA	NA	NA	NA	NA	NA
NC_045512.2	5328	T	G	14279	2043	37	4	1	57	0.000279994	14286	0.0624694	FALSE	NA	NA	NA	NA	NA	NA
NC_045512.2	5328	T	C	14279	2043	37	3	2	53	0.000209996	14286	0.124947	FALSE	NA	NA	NA	NA	NA	NA
NC_045512.2	5329	G	-A	14448	2054	37	1	0	20	6.92137e-05	14448	1	FALSE	NA	NA	NA	NA	NA	NA
NC_045512.2	5330	A	G	14392	2069	37	1	0	34	6.94782e-05	14393	0.99997	FALSE	NA	NA	NA	NA	NA	NA
NC_045512.2	5331	A	G	14537	2085	37	5	0	34	0.000343832	14542	0.990417	FALSE	NA	NA	NA	NA	NA	NA
NC_045512.2	5332	G	A	15063	2097	37	1	0	34	6.63834e-05	15064	0.999985	FALSE	NA	NA	NA	NA	NA	NA
NC_045512.2	5333	T	C	15028	2121	37	1	0	24	6.6538e-05	15029	1	FALSE	NA	NA	NA	NA	NA	NA
NC_045512.2	5335	T	C	15108	2156	37	1	1	34	6.61813e-05	15110	0.999985	FALSE	NA	NA	NA	NA	NA	NA
NC_045512.2	5335	T	A	15108	2156	37	1	1	68	6.61813e-05	15110	0.5	FALSE	NA	NA	NA	NA	NA	NA
NC_045512.2	5337	A	G	15274	2334	38	1	0	34	6.54664e-05	15275	0.999985	FALSE	NA	NA	NA	NA	NA	NA
NC_045512.2	5338	T	C	15271	2342	38	1	0	34	6.5475e-05	15273	0.999985	FALSE	NA	NA	NA	NA	NA	NA
NC_045512.2	5338	T	A	15271	2342	38	1	0	34	6.5475e-05	15273	0.999985	FALSE	NA	NA	NA	NA	NA	NA
NC_045512.2	5338	T	-C	15271	2342	38	1	0	20	6.5475e-05	15273	1	FALSE	NA	NA	NA	NA	NA	NA
NC_045512.2	5340	C	T	15345	2382	38	3	0	34	0.000195465	15348	0.999346	FALSE	NA	NA	NA	NA	NA	NA
NC_045512.2	5341	A	G	15438	2377	38	1	0	34	6.4771e-05	15439	0.999985	FALSE	NA	NA	NA	NA	NA	NA
NC_045512.2	5344	T	C	15515	2538	38	3	1	31	0.000193324	15518	0.999346	FALSE	NA	NA	NA	NA	NA	NA
NC_045512.2	5345	G	C	16461	2523	38	1	0	26	6.0746e-05	16462	1	FALSE	NA	NA	NA	NA	NA	NA
NC_045512.2	5347	T	C	16386	2655	38	1	0	26	6.10203e-05	16388	1	FALSE	NA	NA	NA	NA	NA	NA
NC_045512.2	5347	T	A	16386	2655	38	1	1	26	6.10203e-05	16388	1	FALSE	NA	NA	NA	NA	NA	NA
NC_045512.2	5349	T	C	16752	2716	38	1	0	34	5.96872e-05	16754	0.999992	FALSE	NA	NA	NA	NA	NA	NA
NC_045512.2	5349	T	A	16752	2716	38	1	1	34	5.96872e-05	16754	0.999992	FALSE	NA	NA	NA	NA	NA	NA
NC_045512.2	5350	A	G	16802	2713	38	2	1	51	0.000119019	16804	0.250007	FALSE	NA	NA	NA	NA	NA	NA
NC_045512.2	5351	C	A	16822	2726	38	1	1	24	5.94424e-05	16823	1	FALSE	NA	NA	NA	NA	NA	NA
NC_045512.2	5353	A	G	16196	2816	38	2	0	30	0.000123472	16198	0.999928	FALSE	NA	NA	NA	NA	NA	NA
NC_045512.2	5355	A	G	14795	2916	36	1	1	68	6.75858e-05	14796	0.500017	FALSE	NA	NA	NA	NA	NA	NA
NC_045512.2	5356	T	C	15928	2907	38	3	1	68	0.000188312	15931	0.125	FALSE	NA	NA	NA	NA	NA	NA
NC_045512.2	5357	G	T	17118	2898	38	1	0	24	5.84146e-05	17119	1	FALSE	NA	NA	NA	NA	NA	NA
NC_045512.2	5358	C	T	16548	3017	37	2	0	34	0.000120846	16550	0.999928	FALSE	NA	NA	NA	NA	NA	NA
NC_045512.2	5360	T	C	16491	2804	37	3	3	45	0.000181884	16494	0.312511	FALSE	NA	NA	NA	NA	NA	NA
NC_045512.2	5361	A	-T	16649	2988	37	1	0	20	6.00637e-05	16649	1	FALSE	NA	NA	NA	NA	NA	NA
NC_045512.2	5364	A	G	16119	3155	37	3	3	34	0.000186081	16122	0.999637	FALSE	NA	NA	NA	NA	NA	NA
NC_045512.2	5366	A	G	16004	2941	37	2	1	34	0.000124953	16006	0.999928	FALSE	NA	NA	NA	NA	NA	NA
NC_045512.2	5368	A	G	16601	2977	37	1	1	34	6.02337e-05	16602	0.999992	FALSE	NA	NA	NA	NA	NA	NA
NC_045512.2	5369	G	C	16608	2967	37	1	0	34	6.02047e-05	16610	0.999992	FALSE	NA	NA	NA	NA	NA	NA
NC_045512.2	5369	G	A	16608	2967	37	1	0	26	6.02047e-05	16610	1	FALSE	NA	NA	NA	NA	NA	NA
NC_045512.2	5372	A	T	16574	3147	37	1	1	24	6.03209e-05	16578	1	FALSE	NA	NA	NA	NA	NA	NA
NC_045512.2	5372	A	G	16574	3147	37	3	0	34	0.000180963	16578	0.999637	FALSE	NA	NA	NA	NA	NA	NA
NC_045512.2	5374	G	A	16731	3172	37	1	0	26	5.97657e-05	16732	1	FALSE	NA	NA	NA	NA	NA	NA
NC_045512.2	5377	T	C	15304	3320	37	1	0	34	6.53381e-05	15305	0.999985	FALSE	NA	NA	NA	NA	NA	NA
NC_045512.2	5378	G	C	15494	3300	37	3	3	34	0.000193586	15497	0.999346	FALSE	NA	NA	NA	NA	NA	NA
NC_045512.2	5379	G	A	15542	3334	37	1	0	34	6.43376e-05	15543	0.999985	FALSE	NA	NA	NA	NA	NA	NA
NC_045512.2	5380	T	C	15506	3343	37	1	0	34	6.4487e-05	15507	0.999985	FALSE	NA	NA	NA	NA	NA	NA
NC_045512.2	5381	G	-A	14867	3397	37	1	0	20	6.72631e-05	14867	1	FALSE	NA	NA	NA	NA	NA	NA
NC_045512.2	5383	A	G	14385	3363	36	3	1	30	0.000208507	14388	0.998829	FALSE	NA	NA	NA	NA	NA	NA
NC_045512.2	5386	T	C	13819	3363	36	6	3	51	0.000433996	13825	0.0156199	FALSE	NA	NA	NA	NA	NA	NA
NC_045512.2	5387	G	A	13908	3344	36	6	0	34	0.00043122	13914	0.968272	FALSE	NA	NA	NA	NA	NA	NA
NC_045512.2	5390	A	G	13809	3393	36	1	0	34	7.24113e-05	13810	0.999939	FALSE	NA	NA	NA	NA	NA	NA
NC_045512.2	5393	T	C	13853	3558	36	1	0	34	7.21813e-05	13854	0.999939	FALSE	NA	NA	NA	NA	NA	NA
NC_045512.2	5398	T	C	13576	3531	36	1	0	34	7.3654e-05	13577	0.999939	FALSE	NA	NA	NA	NA	NA	NA
NC_045512.2	5400	C	T	13122	3600	36	1	0	34	7.62021e-05	13123	0.999939	FALSE	NA	NA	NA	NA	NA	NA
NC_045512.2	5401	A	G	12890	3541	36	1	0	34	7.75735e-05	12891	0.999878	FALSE	NA	NA	NA	NA	NA	NA
NC_045512.2	5404	T	C	12538	3455	35	6	2	45	0.000478316	12544	0.0624869	FALSE	NA	NA	NA	NA	NA	NA
NC_045512.2	5407	C	G	12421	3852	36	1	0	34	8.05023e-05	12422	0.999878	FALSE	NA	NA	NA	NA	NA	NA
NC_045512.2	5409	T	C	11913	3784	34	1	1	34	8.39278e-05	11915	0.999757	FALSE	NA	NA	NA	NA	NA	NA
NC_045512.2	5409	T	A	11913	3784	34	1	0	24	8.39278e-05	11915	1	FALSE	NA	NA	NA	NA	NA	NA
NC_045512.2	5410	A	G	12344	3805	36	1	0	34	8.09979e-05	12346	0.999878	FALSE	NA	NA	NA	NA	NA	NA
NC_045512.2	5410	A	C	12344	3805	36	1	0	34	8.09979e-05	12346	0.999878	FALSE	NA	NA	NA	NA	NA	NA
NC_045512.2	5411	G	C	12307	3801	36	2	2	34	0.000162483	12309	0.999087	FALSE	NA	NA	NA	NA	NA	NA
NC_045512.2	5415	A	T	11842	3706	36	1	0	34	8.44381e-05	11843	0.999757	FALSE	NA	NA	NA	NA	NA	NA
NC_045512.2	5416	C	G	11631	3787	36	1	0	34	8.59697e-05	11632	0.999757	FALSE	NA	NA	NA	NA	NA	NA
NC_045512.2	5417	T	C	11553	3721	36	1	0	34	8.65501e-05	11554	0.999757	FALSE	NA	NA	NA	NA	NA	NA
NC_045512.2	5418	G	A	12439	3786	36	5	0	34	0.0004018	12444	0.975527	FALSE	NA	NA	NA	NA	NA	NA
NC_045512.2	5421	A	G	12418	3760	36	1	0	34	8.05218e-05	12419	0.999878	FALSE	NA	NA	NA	NA	NA	NA
NC_045512.2	5424	A	G	12335	3706	36	1	1	34	8.10636e-05	12336	0.999878	FALSE	NA	NA	NA	NA	NA	NA
NC_045512.2	5426	A	G	11940	3670	35	1	1	60	8.37451e-05	11941	0.500021	FALSE	NA	NA	NA	NA	NA	NA
NC_045512.2	5427	C	T	12260	3674	36	2	1	30	0.000163106	12262	0.999087	FALSE	NA	NA	NA	NA	NA	NA
NC_045512.2	5428	A	T	11562	3075	36	2	0	34	0.000172906	11567	0.998293	FALSE	NA	NA	NA	NA	NA	NA
NC_045512.2	5428	A	C	11562	3075	36	3	3	34	0.000259359	11567	0.99354	FALSE	NA	NA	NA	NA	NA	NA
NC_045512.2	5430	T	C	12292	3694	36	1	0	34	8.13471e-05	12293	0.999878	FALSE	NA	NA	NA	NA	NA	NA
NC_045512.2	5431	A	G	12445	3661	36	4	0	34	0.000321311	12449	0.989389	FALSE	NA	NA	NA	NA	NA	NA
NC_045512.2	5436	A	G	12444	3700	36	6	0	34	0.000481928	12450	0.951951	FALSE	NA	NA	NA	NA	NA	NA
NC_045512.2	5438	T	C	12984	4284	36	2	0	34	0.000154012	12986	0.999087	FALSE	NA	NA	NA	NA	NA	NA
NC_045512.2	5440	A	G	13104	4407	37	1	0	34	7.63068e-05	13105	0.999939	FALSE	NA	NA	NA	NA	NA	NA
NC_045512.2	5442	G	A	13087	4449	37	1	1	34	7.64059e-05	13088	0.999939	FALSE	NA	NA	NA	NA	NA	NA
NC_045512.2	5445	A	T	13312	4662	37	1	0	34	7.51145e-05	13313	0.999939	FALSE	NA	NA	NA	NA	NA	NA
NC_045512.2	5447	G	-T	12361	4618	37	1	0	20	8.08996e-05	12361	1	FALSE	NA	NA	NA	NA	NA	NA
NC_045512.2	5450	A	T	12129	4750	37	1	0	34	8.24402e-05	12130	0.999878	FALSE	NA	NA	NA	NA	NA	NA
NC_045512.2	5451	G	C	12091	4768	37	1	1	27	8.26925e-05	12093	1	FALSE	NA	NA	NA	NA	NA	NA
NC_045512.2	5451	G	A	12091	4768	37	1	0	26	8.26925e-05	12093	1	FALSE	NA	NA	NA	NA	NA	NA
NC_045512.2	5452	A	T	11821	4789	36	3	3	34	0.000253721	11824	0.993546	FALSE	NA	NA	NA	NA	NA	NA
NC_045512.2	5454	A	G	10028	5388	34	3	1	45	0.000299073	10031	0.312519	FALSE	NA	NA	NA	NA	NA	NA
NC_045512.2	5455	A	T	12593	5388	37	1	0	34	7.93966e-05	12595	0.999878	FALSE	NA	NA	NA	NA	NA	NA
NC_045512.2	5455	A	G	12593	5388	37	1	1	68	7.93966e-05	12595	0.5	FALSE	NA	NA	NA	NA	NA	NA
NC_045512.2	5456	A	G	13281	6286	38	1	1	34	7.52899e-05	13282	0.999939	FALSE	NA	NA	NA	NA	NA	NA
NC_045512.2	5458	A	G	12292	6399	37	1	0	34	8.13471e-05	12293	0.999878	FALSE	NA	NA	NA	NA	NA	NA
NC_045512.2	5459	A	T	12355	6445	37	1	0	26	8.09192e-05	12358	1	FALSE	NA	NA	NA	NA	NA	NA
NC_045512.2	5459	A	G	12355	6445	37	2	1	34	0.000161838	12358	0.999087	FALSE	NA	NA	NA	NA	NA	NA
NC_045512.2	5460	T	C	12299	6442	37	1	0	34	8.13008e-05	12300	0.999878	FALSE	NA	NA	NA	NA	NA	NA
NC_045512.2	5461	G	A	12425	6445	37	1	0	34	8.04764e-05	12426	0.999878	FALSE	NA	NA	NA	NA	NA	NA
NC_045512.2	5465	T	C	13930	8423	37	4	2	34	0.000287068	13934	0.993653	FALSE	NA	NA	NA	NA	NA	NA
NC_045512.2	5466	A	G	14055	8570	38	3	2	56	0.000213402	14058	0.125	FALSE	NA	NA	NA	NA	NA	NA
NC_045512.2	5469	T	C	13894	8876	37	3	3	34	0.000215858	13898	0.997915	FALSE	NA	NA	NA	NA	NA	NA
NC_045512.2	5469	T	A	13894	8876	37	1	1	34	7.19528e-05	13898	0.999939	FALSE	NA	NA	NA	NA	NA	NA
NC_045512.2	5471	T	C	13798	8757	37	1	1	34	7.2469e-05	13799	0.999939	FALSE	NA	NA	NA	NA	NA	NA
NC_045512.2	5472	T	C	13914	8881	37	1	1	34	7.18649e-05	13915	0.999939	FALSE	NA	NA	NA	NA	NA	NA
NC_045512.2	5473	T	C	14153	9173	37	3	3	34	0.000211924	14156	0.998829	FALSE	NA	NA	NA	NA	NA	NA
NC_045512.2	5477	C	T	15012	10482	38	1	0	68	6.66089e-05	15013	0.500017	FALSE	NA	NA	NA	NA	NA	NA
NC_045512.2	5481	C	T	15273	10996	38	8	6	34	0.000523526	15281	0.953507	FALSE	NA	NA	NA	NA	NA	NA
NC_045512.2	5482	C	T	15314	11034	38	1	0	34	6.52955e-05	15315	0.999985	FALSE	NA	NA	NA	NA	NA	NA
NC_045512.2	5483	A	G	15226	10935	38	6	5	34	0.000393908	15232	0.986729	FALSE	NA	NA	NA	NA	NA	NA
NC_045512.2	5484	A	T	15360	11090	38	1	0	26	6.50999e-05	15361	1	FALSE	NA	NA	NA	NA	NA	NA
NC_045512.2	5485	T	A	16394	12203	38	1	1	26	6.09942e-05	16395	1	FALSE	NA	NA	NA	NA	NA	NA
NC_045512.2	5486	T	C	16582	12462	38	2	2	34	0.000120598	16584	0.999928	FALSE	NA	NA	NA	NA	NA	NA
NC_045512.2	5489	G	C	16678	12658	38	1	1	34	5.99484e-05	16681	0.999992	FALSE	NA	NA	NA	NA	NA	NA
NC_045512.2	5489	G	A	16678	12658	38	2	2	34	0.000119897	16681	0.999928	FALSE	NA	NA	NA	NA	NA	NA
NC_045512.2	5490	A	G	16624	12696	38	7	1	36	0.000420901	16631	0.982692	FALSE	NA	NA	NA	NA	NA	NA
NC_045512.2	5491	T	C	16568	12573	38	1	1	68	6.03537e-05	16569	0.500015	FALSE	NA	NA	NA	NA	NA	NA
NC_045512.2	5492	T	C	15449	11480	37	1	1	34	6.47249e-05	15450	0.999985	FALSE	NA	NA	NA	NA	NA	NA
NC_045512.2	5493	C	A	16619	12810	38	1	1	34	6.01685e-05	16620	0.999992	FALSE	NA	NA	NA	NA	NA	NA
NC_045512.2	5494	T	C	16610	12753	38	2	1	29	0.000120395	16612	1	FALSE	NA	NA	NA	NA	NA	NA
NC_045512.2	5495	T	C	16579	12729	38	2	1	34	0.00012062	16581	0.999928	FALSE	NA	NA	NA	NA	NA	NA
NC_045512.2	5496	G	A	16731	12871	38	2	2	34	0.000119524	16733	0.999928	FALSE	NA	NA	NA	NA	NA	NA
NC_045512.2	5497	C	T	16936	13120	38	1	1	26	5.90423e-05	16937	1	FALSE	NA	NA	NA	NA	NA	NA
NC_045512.2	5497	C	+A	16936	13120	38	1	0	20	5.90423e-05	16937	1	FALSE	NA	NA	NA	NA	NA	NA
NC_045512.2	5498	A	G	16913	13103	38	1	1	34	5.91226e-05	16914	0.999992	FALSE	NA	NA	NA	NA	NA	NA
NC_045512.2	5500	A	G	16751	13131	38	1	1	34	5.96944e-05	16752	0.999992	FALSE	NA	NA	NA	NA	NA	NA
NC_045512.2	5501	A	G	16903	13173	38	2	2	34	0.000118301	16906	0.999928	FALSE	NA	NA	NA	NA	NA	NA
NC_045512.2	5501	A	C	16903	13173	38	1	0	26	5.91506e-05	16906	1	FALSE	NA	NA	NA	NA	NA	NA
NC_045512.2	5503	A	T	16552	12997	38	1	1	34	6.0412e-05	16553	0.999992	FALSE	NA	NA	NA	NA	NA	NA
NC_045512.2	5504	G	T	16910	13081	38	1	1	34	5.91331e-05	16911	0.999992	FALSE	NA	NA	NA	NA	NA	NA
NC_045512.2	5505	T	C	16015	12415	36	5	4	34	0.00031211	16020	0.996412	FALSE	NA	NA	NA	NA	NA	NA
NC_045512.2	5506	C	G	16714	13411	37	2	2	34	0.000119646	16716	0.999928	FALSE	NA	NA	NA	NA	NA	NA
NC_045512.2	5507	T	C	17120	13860	37	6	4	43	0.000350345	17126	0.0624904	FALSE	NA	NA	NA	NA	NA	NA
NC_045512.2	5508	T	C	16959	13678	37	4	4	34	0.000235807	16963	0.998716	FALSE	NA	NA	NA	NA	NA	NA
NC_045512.2	5509	G	A	17089	13795	37	1	0	34	5.85138e-05	17090	0.999996	FALSE	NA	NA	NA	NA	NA	NA
NC_045512.2	5510	A	G	17188	13883	37	3	2	34	0.00017451	17191	0.9998	FALSE	NA	NA	NA	NA	NA	NA
NC_045512.2	5511	A	G	17087	13866	37	4	4	40	0.000234041	17091	0.1875	FALSE	NA	NA	NA	NA	NA	NA
NC_045512.2	5512	C	G	17081	13909	37	1	1	34	5.85412e-05	17082	0.999996	FALSE	NA	NA	NA	NA	NA	NA
NC_045512.2	5514	T	-G	16528	13379	37	1	0	20	6.05034e-05	16528	1	FALSE	NA	NA	NA	NA	NA	NA
NC_045512.2	5517	T	C	16523	13543	37	2	1	34	0.000121029	16525	0.999928	FALSE	NA	NA	NA	NA	NA	NA
NC_045512.2	5518	G	A	16788	13637	37	3	0	34	0.000178667	16791	0.999637	FALSE	NA	NA	NA	NA	NA	NA
NC_045512.2	5519	T	C	16580	14072	36	1	1	34	6.031e-05	16581	0.999992	FALSE	NA	NA	NA	NA	NA	NA
NC_045512.2	5520	G	T	16655	14188	36	1	0	34	6.00276e-05	16659	0.999992	FALSE	NA	NA	NA	NA	NA	NA
NC_045512.2	5520	G	A	16655	14188	36	3	0	34	0.000180083	16659	0.999637	FALSE	NA	NA	NA	NA	NA	NA
NC_045512.2	5521	T	C	17554	15190	37	4	4	34	0.000227803	17559	0.999257	FALSE	NA	NA	NA	NA	NA	NA
NC_045512.2	5521	T	A	17554	15190	37	1	1	24	5.69509e-05	17559	1	FALSE	NA	NA	NA	NA	NA	NA
NC_045512.2	5521	T	-A	17554	15190	37	2	0	20	0.000113902	17559	1	FALSE	NA	NA	NA	NA	NA	NA
NC_045512.2	5522	A	G	18266	15986	37	2	2	34	0.000109481	18268	0.99998	FALSE	NA	NA	NA	NA	NA	NA
NC_045512.2	5523	A	T	18991	16811	37	1	0	26	5.26537e-05	18992	1	FALSE	NA	NA	NA	NA	NA	NA
NC_045512.2	5524	A	G	18927	16803	37	1	1	34	5.28318e-05	18928	0.999998	FALSE	NA	NA	NA	NA	NA	NA
NC_045512.2	5525	A	G	19146	16986	37	1	0	46	5.22275e-05	19147	0.75002	FALSE	NA	NA	NA	NA	NA	NA
NC_045512.2	5527	T	C	18601	16579	37	2	1	34	0.00010751	18603	0.99998	FALSE	NA	NA	NA	NA	NA	NA
NC_045512.2	5528	T	C	18966	16992	37	2	2	34	0.000105441	18968	0.99998	FALSE	NA	NA	NA	NA	NA	NA
NC_045512.2	5529	G	A	19003	17022	37	1	1	34	5.26205e-05	19004	0.999999	FALSE	NA	NA	NA	NA	NA	NA
NC_045512.2	5530	T	G	21156	19621	37	2	2	26	9.45135e-05	21161	1	FALSE	NA	NA	NA	NA	NA	NA
NC_045512.2	5530	T	C	21156	19621	37	3	3	34	0.00014177	21161	0.999982	FALSE	NA	NA	NA	NA	NA	NA
NC_045512.2	5531	G	T	21317	19785	37	2	1	29	9.3813e-05	21319	1	FALSE	NA	NA	NA	NA	NA	NA
NC_045512.2	5532	G	A	22585	21265	37	1	1	68	4.42752e-05	22586	0.500011	FALSE	NA	NA	NA	NA	NA	NA
NC_045512.2	5533	A	T	22615	21364	37	1	1	34	4.42126e-05	22618	1	FALSE	NA	NA	NA	NA	NA	NA
NC_045512.2	5533	A	G	22615	21364	37	2	2	34	8.84251e-05	22618	0.999999	FALSE	NA	NA	NA	NA	NA	NA
NC_045512.2	5534	C	T	22913	21697	37	1	1	34	4.36414e-05	22914	1	FALSE	NA	NA	NA	NA	NA	NA
NC_045512.2	5535	A	C	22644	21436	37	1	0	34	4.41599e-05	22645	1	FALSE	NA	NA	NA	NA	NA	NA
NC_045512.2	5537	C	T	22744	21741	36	1	1	34	4.39657e-05	22745	1	FALSE	NA	NA	NA	NA	NA	NA
NC_045512.2	5538	A	G	21672	20683	36	7	5	43	0.000322878	21680	0.089821	FALSE	NA	NA	NA	NA	NA	NA
NC_045512.2	5538	A	C	21672	20683	36	1	1	34	4.61255e-05	21680	1	FALSE	NA	NA	NA	NA	NA	NA
NC_045512.2	5539	G	T	21663	20670	36	1	1	34	4.61446e-05	21671	1	FALSE	NA	NA	NA	NA	NA	NA
NC_045512.2	5539	G	C	21663	20670	36	7	7	34	0.000323012	21671	0.998146	FALSE	NA	NA	NA	NA	NA	NA
NC_045512.2	5540	C	T	21669	20697	36	1	1	34	4.61467e-05	21670	1	FALSE	NA	NA	NA	NA	NA	NA
NC_045512.2	5541	A	G	21596	20625	36	2	2	30	9.26012e-05	21598	0.999997	FALSE	NA	NA	NA	NA	NA	NA
NC_045512.2	5542	G	A	21611	20673	36	1	1	34	4.62706e-05	21612	1	FALSE	NA	NA	NA	NA	NA	NA
NC_045512.2	5544	C	T	21446	20522	36	2	2	34	9.32444e-05	21449	0.999997	FALSE	NA	NA	NA	NA	NA	NA
NC_045512.2	5544	C	G	21446	20522	36	1	1	34	4.66222e-05	21449	1	FALSE	NA	NA	NA	NA	NA	NA
NC_045512.2	5545	A	G	21100	20184	36	4	4	34	0.000189538	21104	0.999922	FALSE	NA	NA	NA	NA	NA	NA
NC_045512.2	5546	A	G	20958	20125	36	1	1	34	4.77122e-05	20959	1	FALSE	NA	NA	NA	NA	NA	NA
NC_045512.2	5547	C	T	21006	20193	36	1	1	34	4.76032e-05	21007	1	FALSE	NA	NA	NA	NA	NA	NA
NC_045512.2	5550	T	C	19441	18636	35	1	1	34	5.1435e-05	19442	0.999999	FALSE	NA	NA	NA	NA	NA	NA
NC_045512.2	5551	T	C	20527	19723	36	2	2	29	9.74232e-05	20529	1	FALSE	NA	NA	NA	NA	NA	NA
NC_045512.2	5553	A	G	20738	19954	36	3	2	45	0.000144634	20742	0.5	FALSE	NA	NA	NA	NA	NA	NA
NC_045512.2	5553	A	C	20738	19954	36	1	1	34	4.82114e-05	20742	1	FALSE	NA	NA	NA	NA	NA	NA
NC_045512.2	5554	G	A	20701	19925	36	2	2	34	9.66044e-05	20703	0.999995	FALSE	NA	NA	NA	NA	NA	NA
NC_045512.2	5556	G	T	19825	19074	36	3	3	34	0.000151286	19830	0.99994	FALSE	NA	NA	NA	NA	NA	NA
NC_045512.2	5556	G	A	19825	19074	36	2	2	34	0.000100857	19830	0.99999	FALSE	NA	NA	NA	NA	NA	NA
NC_045512.2	5559	T	C	18865	18161	36	1	1	34	5.30054e-05	18866	0.999998	FALSE	NA	NA	NA	NA	NA	NA
NC_045512.2	5560	A	T	18802	18101	36	1	1	34	5.31689e-05	18808	0.999998	FALSE	NA	NA	NA	NA	NA	NA
NC_045512.2	5560	A	G	18802	18101	36	5	5	34	0.000265844	18808	0.998704	FALSE	NA	NA	NA	NA	NA	NA
NC_045512.2	5561	G	T	18818	18118	36	2	2	34	0.000106264	18821	0.99998	FALSE	NA	NA	NA	NA	NA	NA
NC_045512.2	5561	G	A	18818	18118	36	1	1	34	5.31321e-05	18821	0.999998	FALSE	NA	NA	NA	NA	NA	NA
NC_045512.2	5562	A	G	18759	18126	35	2	2	34	0.000106604	18761	0.99998	FALSE	NA	NA	NA	NA	NA	NA
NC_045512.2	5563	A	G	18567	17943	35	2	2	30	0.000107706	18569	0.99998	FALSE	NA	NA	NA	NA	NA	NA
NC_045512.2	5566	T	G	16136	15543	36	1	1	34	6.19348e-05	16146	0.999992	FALSE	NA	NA	NA	NA	NA	NA
NC_045512.2	5566	T	C	16136	15543	36	8	8	34	0.000495479	16146	0.968081	FALSE	NA	NA	NA	NA	NA	NA
NC_045512.2	5566	T	A	16136	15543	36	1	1	68	6.19348e-05	16146	0.499876	FALSE	NA	NA	NA	NA	NA	NA
NC_045512.2	5567	G	C	16207	15613	36	7	7	34	0.000431699	16215	0.982687	FALSE	NA	NA	NA	NA	NA	NA
NC_045512.2	5567	G	A	16207	15613	36	1	1	34	6.16713e-05	16215	0.999992	FALSE	NA	NA	NA	NA	NA	NA
NC_045512.2	5568	T	C	15962	15372	36	1	1	34	6.26449e-05	15963	0.999985	FALSE	NA	NA	NA	NA	NA	NA
NC_045512.2	5573	T	C	15680	15183	35	7	7	34	0.000446229	15687	0.97381	FALSE	NA	NA	NA	NA	NA	NA
NC_045512.2	5574	A	G	15375	14881	36	1	1	34	6.50364e-05	15376	0.999985	FALSE	NA	NA	NA	NA	NA	NA
NC_045512.2	5576	A	G	13973	13492	36	1	1	46	7.15615e-05	13974	0.750027	FALSE	NA	NA	NA	NA	NA	NA
NC_045512.2	5577	T	G	13948	13466	36	4	4	34	0.000286697	13952	0.993653	FALSE	NA	NA	NA	NA	NA	NA
NC_045512.2	5578	G	T	13899	13419	36	2	2	34	0.000143864	13902	0.999513	FALSE	NA	NA	NA	NA	NA	NA
NC_045512.2	5578	G	A	13899	13419	36	1	1	34	7.19321e-05	13902	0.999939	FALSE	NA	NA	NA	NA	NA	NA
NC_045512.2	5580	G	A	13375	12919	36	25	23	36	0.00186567	13400	0.036393	FALSE	NA	NA	NA	NA	NA	NA
NC_045512.2	5581	C	T	13065	12611	36	1	1	34	7.65228e-05	13068	0.999939	FALSE	NA	NA	NA	NA	NA	NA
NC_045512.2	5581	C	G	13065	12611	36	1	1	34	7.65228e-05	13068	0.999939	FALSE	NA	NA	NA	NA	NA	NA
NC_045512.2	5581	C	A	13065	12611	36	1	1	34	7.65228e-05	13068	0.999939	FALSE	NA	NA	NA	NA	NA	NA
NC_045512.2	5583	C	T	13036	12590	36	2	2	34	0.000153398	13038	0.999513	FALSE	NA	NA	NA	NA	NA	NA
NC_045512.2	5585	C	T	12874	12464	35	1	1	34	7.76639e-05	12876	0.999878	FALSE	NA	NA	NA	NA	NA	NA
NC_045512.2	5585	C	A	12874	12464	35	1	1	34	7.76639e-05	12876	0.999878	FALSE	NA	NA	NA	NA	NA	NA
NC_045512.2	5586	T	G	11481	11077	36	2	2	34	0.00017411	11487	0.998293	FALSE	NA	NA	NA	NA	NA	NA
NC_045512.2	5586	T	C	11481	11077	36	4	4	34	0.00034822	11487	0.982444	FALSE	NA	NA	NA	NA	NA	NA
NC_045512.2	5587	T	C	11329	10927	36	26	25	37	0.00228974	11355	0.00999422	TRUE	NA	NA	NA	NA	NA	NA
NC_045512.2	5589	C	-T	13415	10736	35	1	0	20	7.45434e-05	13415	1	FALSE	NA	NA	NA	NA	NA	NA
NC_045512.2	5592	A	T	13393	10715	35	1	0	34	7.46603e-05	13394	0.999939	FALSE	NA	NA	NA	NA	NA	NA
NC_045512.2	5593	T	C	12727	10058	35	1	1	34	7.85669e-05	12728	0.999878	FALSE	NA	NA	NA	NA	NA	NA
NC_045512.2	5594	G	T	13134	10465	35	1	1	34	7.61325e-05	13135	0.999939	FALSE	NA	NA	NA	NA	NA	NA
NC_045512.2	5597	C	T	13163	10436	35	3	3	34	0.00022786	13166	0.997916	FALSE	NA	NA	NA	NA	NA	NA
NC_045512.2	5599	A	G	13122	10157	35	1	1	34	7.62021e-05	13123	0.999939	FALSE	NA	NA	NA	NA	NA	NA
NC_045512.2	5600	T	G	12660	9701	34	1	1	24	7.89765e-05	12662	1	FALSE	NA	NA	NA	NA	NA	NA
NC_045512.2	5600	T	C	12660	9701	34	1	0	34	7.89765e-05	12662	0.999878	FALSE	NA	NA	NA	NA	NA	NA
NC_045512.2	5601	T	C	13078	10121	35	1	0	34	7.64526e-05	13080	0.999939	FALSE	NA	NA	NA	NA	NA	NA
NC_045512.2	5601	T	A	13078	10121	35	1	1	34	7.64526e-05	13080	0.999939	FALSE	NA	NA	NA	NA	NA	NA
NC_045512.2	5606	A	G	12972	10120	35	1	0	60	7.70832e-05	12973	0.500019	FALSE	NA	NA	NA	NA	NA	NA
NC_045512.2	5607	A	T	13033	10067	35	1	1	34	7.67224e-05	13034	0.999939	FALSE	NA	NA	NA	NA	NA	NA
NC_045512.2	5608	A	T	12641	9579	35	3	3	34	0.000237248	12645	0.996316	FALSE	NA	NA	NA	NA	NA	NA
NC_045512.2	5608	A	G	12641	9579	35	1	1	34	7.90826e-05	12645	0.999878	FALSE	NA	NA	NA	NA	NA	NA
NC_045512.2	5609	G	C	13177	9584	35	2	0	34	0.000151722	13182	0.999513	FALSE	NA	NA	NA	NA	NA	NA
NC_045512.2	5609	G	A	13177	9584	35	3	3	34	0.000227583	13182	0.997914	FALSE	NA	NA	NA	NA	NA	NA
NC_045512.2	5611	T	C	13273	9454	35	1	1	34	7.53352e-05	13274	0.999939	FALSE	NA	NA	NA	NA	NA	NA
NC_045512.2	5613	T	C	13471	9464	35	1	1	34	7.4228e-05	13472	0.999939	FALSE	NA	NA	NA	NA	NA	NA
NC_045512.2	5614	T	C	13541	9529	35	1	1	34	7.38443e-05	13542	0.999939	FALSE	NA	NA	NA	NA	NA	NA
NC_045512.2	5616	A	T	13543	9442	35	1	0	34	7.37572e-05	13558	0.999939	FALSE	NA	NA	NA	NA	NA	NA
NC_045512.2	5616	A	G	13543	9442	35	7	7	34	0.0005163	13558	0.942274	FALSE	NA	NA	NA	NA	NA	NA
NC_045512.2	5616	A	C	13543	9442	35	7	7	34	0.0005163	13558	0.942274	FALSE	NA	NA	NA	NA	NA	NA
NC_045512.2	5630	T	C	5033	347	36	8	0	34	0.00158699	5041	0.290527	FALSE	NA	NA	NA	NA	NA	NA
NC_045512.2	5632	T	C	5194	365	36	2	0	34	0.000384911	5196	0.937595	FALSE	NA	NA	NA	NA	NA	NA
NC_045512.2	5635	T	-A	5245	378	36	2	0	20	0.000381316	5245	1	FALSE	NA	NA	NA	NA	NA	NA
NC_045512.2	5636	A	G	5248	385	36	1	0	34	0.000190512	5249	0.984388	FALSE	NA	NA	NA	NA	NA	NA
NC_045512.2	5638	A	G	4696	386	34	1	0	34	0.000212902	4697	0.9688	FALSE	NA	NA	NA	NA	NA	NA
NC_045512.2	5640	A	T	5267	388	36	1	0	68	0.000189825	5268	0.500047	FALSE	NA	NA	NA	NA	NA	NA
NC_045512.2	5644	T	C	5433	443	37	1	0	34	0.000184026	5434	0.984405	FALSE	NA	NA	NA	NA	NA	NA
NC_045512.2	5651	T	A	5595	631	38	1	1	34	0.000178699	5596	0.984404	FALSE	NA	NA	NA	NA	NA	NA
NC_045512.2	5653	T	C	5672	617	38	2	0	34	0.000352485	5674	0.937587	FALSE	NA	NA	NA	NA	NA	NA
NC_045512.2	5655	T	A	5724	645	38	1	0	26	0.000174672	5725	1	FALSE	NA	NA	NA	NA	NA	NA
NC_045512.2	5656	A	T	5742	665	39	1	0	34	0.000174125	5743	0.984404	FALSE	NA	NA	NA	NA	NA	NA
NC_045512.2	5673	C	-T	5171	1052	39	1	0	20	0.000193386	5171	1	FALSE	NA	NA	NA	NA	NA	NA
NC_045512.2	5674	T	C	5177	1050	39	1	0	34	0.00019305	5180	0.98438	FALSE	NA	NA	NA	NA	NA	NA
NC_045512.2	5674	T	A	5177	1050	39	2	0	34	0.0003861	5180	0.937532	FALSE	NA	NA	NA	NA	NA	NA
NC_045512.2	5675	T	A	5136	1016	38	1	0	34	0.000194666	5137	0.984407	FALSE	NA	NA	NA	NA	NA	NA
NC_045512.2	5676	T	A	5071	1073	38	1	0	26	0.000197161	5072	1	FALSE	NA	NA	NA	NA	NA	NA
NC_045512.2	5679	T	A	5153	1312	39	1	0	26	0.000194024	5154	1	FALSE	NA	NA	NA	NA	NA	NA
NC_045512.2	5683	G	T	5075	1319	39	1	1	24	0.000196967	5077	1	FALSE	NA	NA	NA	NA	NA	NA
NC_045512.2	5683	G	A	5075	1319	39	1	0	34	0.000196967	5077	0.984398	FALSE	NA	NA	NA	NA	NA	NA
NC_045512.2	5684	A	G	4974	1367	39	1	0	34	0.000201005	4975	0.968797	FALSE	NA	NA	NA	NA	NA	NA
NC_045512.2	5685	T	C	5096	1366	39	1	0	34	0.000196194	5097	0.984407	FALSE	NA	NA	NA	NA	NA	NA
NC_045512.2	5689	A	G	5153	1391	39	1	0	34	0.000194024	5154	0.984407	FALSE	NA	NA	NA	NA	NA	NA
NC_045512.2	5690	G	A	5062	1398	39	1	1	34	0.000197511	5063	0.984407	FALSE	NA	NA	NA	NA	NA	NA
NC_045512.2	5694	C	T	5154	1413	39	1	0	34	0.000193986	5155	0.984407	FALSE	NA	NA	NA	NA	NA	NA
NC_045512.2	5695	A	G	5162	1409	39	3	0	34	0.000580833	5165	0.855628	FALSE	NA	NA	NA	NA	NA	NA
NC_045512.2	5698	T	C	4966	1506	38	3	0	45	0.000603743	4969	0.125	FALSE	NA	NA	NA	NA	NA	NA
NC_045512.2	5699	G	A	5089	1502	38	2	2	51	0.00039285	5091	0.250025	FALSE	NA	NA	NA	NA	NA	NA
NC_045512.2	5703	A	G	4943	1459	38	1	0	34	0.000202265	4944	0.968797	FALSE	NA	NA	NA	NA	NA	NA
NC_045512.2	5712	T	C	4482	1706	38	2	1	34	0.00044603	4484	0.890756	FALSE	NA	NA	NA	NA	NA	NA
NC_045512.2	5715	A	C	4347	1664	38	1	1	68	0.000229991	4348	0.500058	FALSE	NA	NA	NA	NA	NA	NA
NC_045512.2	5733	G	T	4147	2024	37	1	1	34	0.000241022	4149	0.968788	FALSE	NA	NA	NA	NA	NA	NA
NC_045512.2	5733	G	A	4147	2024	37	1	0	34	0.000241022	4149	0.968788	FALSE	NA	NA	NA	NA	NA	NA
NC_045512.2	5735	G	A	4089	2008	37	3	0	34	0.000733138	4092	0.773638	FALSE	NA	NA	NA	NA	NA	NA
NC_045512.2	5743	G	C	4237	2082	37	7	7	34	0.00164939	4244	0.274414	FALSE	NA	NA	NA	NA	NA	NA
NC_045512.2	5744	T	C	4214	2094	37	7	7	34	0.00165837	4221	0.274414	FALSE	NA	NA	NA	NA	NA	NA
NC_045512.2	5745	A	G	4347	2259	37	2	0	34	0.000459876	4349	0.89076	FALSE	NA	NA	NA	NA	NA	NA
NC_045512.2	5748	C	T	4318	2309	37	1	1	34	0.000231481	4320	0.968786	FALSE	NA	NA	NA	NA	NA	NA
NC_045512.2	5748	C	A	4318	2309	37	1	1	34	0.000231481	4320	0.968786	FALSE	NA	NA	NA	NA	NA	NA
NC_045512.2	5749	T	G	4102	2106	37	3	0	34	0.000730638	4106	0.773537	FALSE	NA	NA	NA	NA	NA	NA
NC_045512.2	5749	T	C	4102	2106	37	1	1	34	0.000243546	4106	0.96875	FALSE	NA	NA	NA	NA	NA	NA
NC_045512.2	5752	T	C	4376	2073	37	1	0	34	0.000228467	4377	0.968804	FALSE	NA	NA	NA	NA	NA	NA
NC_045512.2	5755	T	C	4403	2147	37	1	1	26	0.000227066	4404	1	FALSE	NA	NA	NA	NA	NA	NA
NC_045512.2	5756	T	C	4390	2156	37	2	2	34	0.000455373	4392	0.890758	FALSE	NA	NA	NA	NA	NA	NA
NC_045512.2	5757	A	G	4381	2152	37	1	0	34	0.000228206	4382	0.968803	FALSE	NA	NA	NA	NA	NA	NA
NC_045512.2	5763	G	A	4823	2844	38	1	0	34	0.000207297	4824	0.968799	FALSE	NA	NA	NA	NA	NA	NA
NC_045512.2	5767	T	C	4682	2777	38	1	1	68	0.000213538	4683	0.500053	FALSE	NA	NA	NA	NA	NA	NA
NC_045512.2	5772	A	G	5015	2861	38	1	0	34	0.000199362	5016	0.984408	FALSE	NA	NA	NA	NA	NA	NA
NC_045512.2	5773	T	A	5037	2891	38	1	1	34	0.000198491	5038	0.984408	FALSE	NA	NA	NA	NA	NA	NA
NC_045512.2	5776	A	C	4437	2883	36	1	0	26	0.000225327	4438	1	FALSE	NA	NA	NA	NA	NA	NA
NC_045512.2	5778	A	G	5065	2880	38	1	1	34	0.000197394	5066	0.984407	FALSE	NA	NA	NA	NA	NA	NA
NC_045512.2	5779	T	C	4692	2600	37	1	0	34	0.000213083	4693	0.9688	FALSE	NA	NA	NA	NA	NA	NA
NC_045512.2	5785	T	C	4665	2691	38	3	0	40	0.000642674	4668	0.125	FALSE	NA	NA	NA	NA	NA	NA
NC_045512.2	5788	T	-A	4886	3025	38	1	0	20	0.000204666	4886	1	FALSE	NA	NA	NA	NA	NA	NA
NC_045512.2	5790	A	T	4888	3054	38	1	1	34	0.000204541	4889	0.968798	FALSE	NA	NA	NA	NA	NA	NA
NC_045512.2	5797	T	A	4639	2954	37	4	4	32	0.000861512	4643	0.636896	FALSE	NA	NA	NA	NA	NA	NA
NC_045512.2	5799	T	C	4810	3139	38	6	0	34	0.00124585	4816	0.377017	FALSE	NA	NA	NA	NA	NA	NA
NC_045512.2	5803	T	C	5085	3516	39	1	0	26	0.00019658	5087	1	FALSE	NA	NA	NA	NA	NA	NA
NC_045512.2	5803	T	A	5085	3516	39	1	1	34	0.00019658	5087	0.984398	FALSE	NA	NA	NA	NA	NA	NA
NC_045512.2	5814	G	A	4784	3424	38	1	1	34	0.000208986	4785	0.968799	FALSE	NA	NA	NA	NA	NA	NA
NC_045512.2	5819	T	C	4867	3571	38	1	1	68	0.000205423	4868	0.500051	FALSE	NA	NA	NA	NA	NA	NA
NC_045512.2	5828	A	G	4719	3570	38	2	0	34	0.000423639	4721	0.890749	FALSE	NA	NA	NA	NA	NA	NA
NC_045512.2	5832	C	T	5335	4333	40	1	1	26	0.000187406	5336	1	FALSE	NA	NA	NA	NA	NA	NA
NC_045512.2	5835	C	T	5507	4623	40	2	2	34	0.000363042	5509	0.937589	FALSE	NA	NA	NA	NA	NA	NA
NC_045512.2	5839	A	G	5601	4799	40	1	1	34	0.000178508	5602	0.984404	FALSE	NA	NA	NA	NA	NA	NA
NC_045512.2	5841	A	T	5602	4854	39	1	0	34	0.000178476	5603	0.984404	FALSE	NA	NA	NA	NA	NA	NA
NC_045512.2	5843	A	G	5616	4862	39	2	2	34	0.000355999	5618	0.937588	FALSE	NA	NA	NA	NA	NA	NA
NC_045512.2	5844	A	C	5783	5109	39	4	1	34	0.000691204	5787	0.746264	FALSE	NA	NA	NA	NA	NA	NA
NC_045512.2	5845	A	T	5802	5142	39	4	4	34	0.000688942	5806	0.746263	FALSE	NA	NA	NA	NA	NA	NA
NC_045512.2	5846	G	T	5569	4884	40	3	3	34	0.000538406	5572	0.855616	FALSE	NA	NA	NA	NA	NA	NA
NC_045512.2	5847	G	A	5703	5047	40	1	1	26	0.000175316	5704	1	FALSE	NA	NA	NA	NA	NA	NA
NC_045512.2	5856	C	-G	5440	4987	38	2	0	20	0.000367647	5440	1	FALSE	NA	NA	NA	NA	NA	NA
NC_045512.2	5858	G	A	5404	4951	38	1	1	34	0.000185014	5405	0.984405	FALSE	NA	NA	NA	NA	NA	NA
NC_045512.2	5859	A	G	5367	4918	38	3	3	34	0.000558659	5370	0.855622	FALSE	NA	NA	NA	NA	NA	NA
NC_045512.2	5861	G	A	5297	4849	38	1	1	68	0.00018875	5298	0.500047	FALSE	NA	NA	NA	NA	NA	NA
NC_045512.2	5862	T	C	4591	4188	38	1	1	34	0.00021777	4592	0.968801	FALSE	NA	NA	NA	NA	NA	NA
NC_045512.2	5865	T	C	4353	3949	37	2	2	34	0.000459242	4355	0.89076	FALSE	NA	NA	NA	NA	NA	NA
NC_045512.2	5867	T	C	4461	4061	38	1	0	24	0.000224115	4462	1	FALSE	NA	NA	NA	NA	NA	NA
NC_045512.2	5869	C	T	4457	4061	38	3	3	34	0.000672646	4460	0.773621	FALSE	NA	NA	NA	NA	NA	NA
NC_045512.2	5870	A	C	4347	3958	38	2	2	34	0.000459876	4349	0.89076	FALSE	NA	NA	NA	NA	NA	NA
NC_045512.2	5872	A	G	4285	4060	36	1	1	34	0.000233318	4286	0.968805	FALSE	NA	NA	NA	NA	NA	NA
NC_045512.2	5874	A	G	4278	4051	36	1	1	34	0.000233699	4279	0.968805	FALSE	NA	NA	NA	NA	NA	NA
NC_045512.2	5881	T	C	4164	3970	35	1	1	34	0.000240096	4165	0.968806	FALSE	NA	NA	NA	NA	NA	NA
NC_045512.2	5882	T	G	4136	3941	36	1	1	26	0.000241721	4137	1	FALSE	NA	NA	NA	NA	NA	NA
NC_045512.2	5887	A	G	3786	3609	36	1	1	34	0.000264061	3787	0.937583	FALSE	NA	NA	NA	NA	NA	NA
NC_045512.2	5888	A	G	3785	3610	36	1	1	34	0.000264131	3786	0.937583	FALSE	NA	NA	NA	NA	NA	NA
NC_045512.2	5898	A	G	3372	3221	35	1	1	34	0.000296472	3373	0.937593	FALSE	NA	NA	NA	NA	NA	NA
NC_045512.2	5901	C	T	3978	3033	35	2	2	34	0.000502513	3980	0.812657	FALSE	NA	NA	NA	NA	NA	NA
NC_045512.2	5905	T	C	3805	2855	35	1	1	34	0.000262743	3806	0.937582	FALSE	NA	NA	NA	NA	NA	NA
NC_045512.2	5919	A	G	3670	2510	35	1	1	34	0.000272405	3671	0.937585	FALSE	NA	NA	NA	NA	NA	NA
NC_045512.2	5921	G	A	3637	2460	35	1	1	34	0.000274876	3638	0.937586	FALSE	NA	NA	NA	NA	NA	NA
NC_045512.2	5925	T	C	3744	2424	35	1	0	34	0.000267023	3745	0.937583	FALSE	NA	NA	NA	NA	NA	NA
NC_045512.2	5956	C	T	1670	57	35	1	0	34	0.000598444	1671	0.750224	FALSE	NA	NA	NA	NA	NA	NA
NC_045512.2	5969	A	G	1626	86	34	2	1	34	0.0012285	1628	0.50023	FALSE	NA	NA	NA	NA	NA	NA
NC_045512.2	5973	A	G	1662	87	36	1	0	34	0.000601323	1663	0.750226	FALSE	NA	NA	NA	NA	NA	NA
NC_045512.2	5976	A	G	1719	88	36	1	0	34	0.000581395	1720	0.750218	FALSE	NA	NA	NA	NA	NA	NA
NC_045512.2	5982	A	-T	1581	99	36	1	0	20	0.000632511	1581	0.999985	FALSE	NA	NA	NA	NA	NA	NA
NC_045512.2	5987	A	T	1408	100	36	1	0	34	0.000709723	1409	0.750266	FALSE	NA	NA	NA	NA	NA	NA
NC_045512.2	5994	A	G	1218	124	36	1	0	34	0.000820345	1219	0.750308	FALSE	NA	NA	NA	NA	NA	NA
NC_045512.2	6007	T	G	1310	163	37	2	0	34	0.00152439	1312	0.500286	FALSE	NA	NA	NA	NA	NA	NA
NC_045512.2	6009	T	C	1319	197	37	1	0	24	0.000757576	1320	0.999941	FALSE	NA	NA	NA	NA	NA	NA
NC_045512.2	6011	C	T	1320	202	37	5	5	34	0.00377358	1325	0.109286	FALSE	NA	NA	NA	NA	NA	NA
NC_045512.2	6013	A	G	1304	194	37	1	0	34	0.000766284	1305	0.750287	FALSE	NA	NA	NA	NA	NA	NA
NC_045512.2	6025	T	C	1107	276	37	1	1	60	0.000902527	1108	0.500226	FALSE	NA	NA	NA	NA	NA	NA
NC_045512.2	6043	T	C	0	0	0	1014	314	37	1	1014	0	TRUE	NA	NA	NA	NA	NA	NA
NC_045512.2	6050	A	G	1401	729	37	1	0	34	0.000713267	1402	0.750268	FALSE	NA	NA	NA	NA	NA	NA
NC_045512.2	6051	A	T	1372	729	37	3	3	34	0.00218182	1375	0.312636	FALSE	NA	NA	NA	NA	NA	NA
NC_045512.2	6052	G	A	1415	729	37	3	0	34	0.00211566	1418	0.312632	FALSE	NA	NA	NA	NA	NA	NA
NC_045512.2	6053	T	G	1256	567	35	3	3	34	0.00238284	1259	0.312649	FALSE	NA	NA	NA	NA	NA	NA
NC_045512.2	6069	T	A	1392	844	38	1	0	34	0.000717875	1393	0.750269	FALSE	NA	NA	NA	NA	NA	NA
NC_045512.2	6073	A	T	1393	861	38	1	0	34	0.00071736	1394	0.750269	FALSE	NA	NA	NA	NA	NA	NA
NC_045512.2	6083	G	T	1269	903	37	2	0	34	0.00157356	1271	0.500295	FALSE	NA	NA	NA	NA	NA	NA
NC_045512.2	6112	A	G	1581	1262	36	1	0	34	0.000632111	1582	0.750237	FALSE	NA	NA	NA	NA	NA	NA
NC_045512.2	6126	A	G	1634	1372	35	1	1	34	0.000611621	1635	0.750229	FALSE	NA	NA	NA	NA	NA	NA
NC_045512.2	6141	T	C	1783	1543	36	1	1	34	0.000560538	1784	0.75021	FALSE	NA	NA	NA	NA	NA	NA
NC_045512.2	6172	T	C	1414	1275	37	1	1	34	0.000706714	1415	0.750265	FALSE	NA	NA	NA	NA	NA	NA
NC_045512.2	6176	G	A	1434	1295	38	2	2	34	0.00139276	1436	0.500261	FALSE	NA	NA	NA	NA	NA	NA
NC_045512.2	6197	T	C	984	896	37	1	1	34	0.00101523	985	0.500254	FALSE	NA	NA	NA	NA	NA	NA
NC_045512.2	9344	C	T	0	0	0	140	30	38	1	140	2.16102e-83	TRUE	NA	NA	NA	NA	NA	NA
NC_045512.2	9415	T	C	145	68	38	1	1	34	0.00684932	146	0.501718	FALSE	NA	NA	NA	NA	NA	NA
NC_045512.2	9440	T	C	149	98	37	1	1	68	0.00666667	150	0.501672	FALSE	NA	NA	NA	NA	NA	NA
NC_045512.2	9518	T	C	152	148	35	1	1	34	0.00653595	153	0.501639	FALSE	NA	NA	NA	NA	NA	NA
NC_045512.2	9815	T	G	1923	51	34	2	1	34	0.00103788	1927	0.499805	FALSE	NA	NA	NA	NA	NA	NA
NC_045512.2	9815	T	C	1923	51	34	2	0	34	0.00103788	1927	0.499805	FALSE	NA	NA	NA	NA	NA	NA
NC_045512.2	9816	T	C	1924	51	34	2	0	34	0.00103842	1926	0.500195	FALSE	NA	NA	NA	NA	NA	NA
NC_045512.2	9828	A	G	2118	61	33	1	0	34	0.000471921	2119	0.875177	FALSE	NA	NA	NA	NA	NA	NA
NC_045512.2	9839	A	G	2356	140	36	8	0	34	0.00338409	2364	0.0545758	FALSE	NA	NA	NA	NA	NA	NA
NC_045512.2	9840	A	C	2573	141	36	2	0	34	0.000776699	2575	0.687719	FALSE	NA	NA	NA	NA	NA	NA
NC_045512.2	9846	G	T	2954	199	37	4	0	34	0.00135227	2958	0.343829	FALSE	NA	NA	NA	NA	NA	NA
NC_045512.2	9851	G	T	3215	226	37	2	0	34	0.000621311	3219	0.8125	FALSE	NA	NA	NA	NA	NA	NA
NC_045512.2	9851	G	A	3215	226	37	2	0	34	0.000621311	3219	0.8125	FALSE	NA	NA	NA	NA	NA	NA
NC_045512.2	9853	T	C	3223	239	37	1	1	68	0.000310174	3224	0.500078	FALSE	NA	NA	NA	NA	NA	NA
NC_045512.2	9858	T	C	3630	259	37	1	0	26	0.000275406	3631	1	FALSE	NA	NA	NA	NA	NA	NA
NC_045512.2	9859	A	G	3618	264	37	3	0	34	0.0008285	3621	0.656444	FALSE	NA	NA	NA	NA	NA	NA
NC_045512.2	9870	C	G	3951	291	37	1	0	34	0.000253036	3952	0.937579	FALSE	NA	NA	NA	NA	NA	NA
NC_045512.2	9873	A	T	4194	296	37	1	0	34	0.000238322	4196	0.968787	FALSE	NA	NA	NA	NA	NA	NA
NC_045512.2	9873	A	G	4194	296	37	1	0	34	0.000238322	4196	0.968787	FALSE	NA	NA	NA	NA	NA	NA
NC_045512.2	9880	T	A	5268	323	37	1	0	34	0.000189789	5269	0.984406	FALSE	NA	NA	NA	NA	NA	NA
NC_045512.2	9881	A	T	5245	323	36	1	0	26	0.000190512	5249	1	FALSE	NA	NA	NA	NA	NA	NA
NC_045512.2	9881	A	G	5245	323	36	3	0	34	0.000571537	5249	0.855563	FALSE	NA	NA	NA	NA	NA	NA
NC_045512.2	9893	C	G	5509	400	38	1	0	34	0.000181488	5510	0.984405	FALSE	NA	NA	NA	NA	NA	NA
NC_045512.2	9895	T	G	5459	395	37	2	0	34	0.000366233	5461	0.93759	FALSE	NA	NA	NA	NA	NA	NA
NC_045512.2	9897	A	T	4954	520	37	1	0	24	0.000201816	4955	1	FALSE	NA	NA	NA	NA	NA	NA
NC_045512.2	9905	T	C	4680	584	37	1	1	68	0.00021363	4681	0.500053	FALSE	NA	NA	NA	NA	NA	NA
NC_045512.2	9906	A	G	4335	630	37	1	0	34	0.000230627	4336	0.968804	FALSE	NA	NA	NA	NA	NA	NA
NC_045512.2	9910	G	A	4425	670	37	3	0	31	0.000677507	4428	0.773623	FALSE	NA	NA	NA	NA	NA	NA
NC_045512.2	9914	T	C	4500	750	37	1	1	34	0.000222173	4501	0.968802	FALSE	NA	NA	NA	NA	NA	NA
NC_045512.2	9916	T	C	4513	797	37	4	0	34	0.000885544	4517	0.6369	FALSE	NA	NA	NA	NA	NA	NA
NC_045512.2	9919	T	C	4513	799	37	3	0	34	0.000664305	4516	0.773619	FALSE	NA	NA	NA	NA	NA	NA
NC_045512.2	9920	G	A	4533	796	37	1	0	34	0.000220556	4534	0.968802	FALSE	NA	NA	NA	NA	NA	NA
NC_045512.2	9921	G	T	4561	829	38	1	0	34	0.000219202	4562	0.968801	FALSE	NA	NA	NA	NA	NA	NA
NC_045512.2	9928	G	T	4623	873	37	3	0	34	0.000648508	4626	0.773615	FALSE	NA	NA	NA	NA	NA	NA
NC_045512.2	9931	T	C	4622	906	38	1	0	34	0.00021631	4623	0.968801	FALSE	NA	NA	NA	NA	NA	NA
NC_045512.2	9943	C	T	4569	1158	38	1	0	34	0.000218818	4570	0.968801	FALSE	NA	NA	NA	NA	NA	NA
NC_045512.2	9944	A	G	4558	1148	38	1	1	34	0.000219346	4559	0.968801	FALSE	NA	NA	NA	NA	NA	NA
NC_045512.2	9949	A	G	4375	1163	38	1	0	34	0.000228519	4376	0.968804	FALSE	NA	NA	NA	NA	NA	NA
NC_045512.2	9952	T	C	4260	1246	38	1	1	34	0.000234687	4261	0.968805	FALSE	NA	NA	NA	NA	NA	NA
NC_045512.2	9954	C	T	4339	1347	38	1	0	34	0.000230415	4340	0.968804	FALSE	NA	NA	NA	NA	NA	NA
NC_045512.2	9958	T	C	4110	1403	38	1	0	34	0.00024325	4111	0.968807	FALSE	NA	NA	NA	NA	NA	NA
NC_045512.2	9959	T	C	4077	1403	38	1	0	34	0.000245218	4078	0.968807	FALSE	NA	NA	NA	NA	NA	NA
NC_045512.2	9967	C	T	3942	1439	38	1	0	34	0.000253614	3943	0.937579	FALSE	NA	NA	NA	NA	NA	NA
NC_045512.2	9968	G	A	3932	1431	38	1	0	34	0.000254259	3933	0.937579	FALSE	NA	NA	NA	NA	NA	NA
NC_045512.2	9970	A	G	3871	1429	37	2	1	29	0.000516396	3873	1	FALSE	NA	NA	NA	NA	NA	NA
NC_045512.2	9971	A	T	3910	1433	38	1	0	34	0.000255689	3911	0.93758	FALSE	NA	NA	NA	NA	NA	NA
NC_045512.2	9978	T	G	3010	1573	36	1	1	34	0.000331895	3013	0.937521	FALSE	NA	NA	NA	NA	NA	NA
NC_045512.2	9978	T	C	3010	1573	36	2	0	34	0.00066379	3013	0.812604	FALSE	NA	NA	NA	NA	NA	NA
NC_045512.2	9981	A	T	3185	1772	36	1	1	34	0.000313873	3186	0.937598	FALSE	NA	NA	NA	NA	NA	NA
NC_045512.2	9982	T	C	3147	1737	36	1	1	34	0.000317662	3148	0.937599	FALSE	NA	NA	NA	NA	NA	NA
NC_045512.2	9986	T	C	3046	1743	36	1	1	34	0.000328192	3047	0.937603	FALSE	NA	NA	NA	NA	NA	NA
NC_045512.2	9993	A	G	3190	1856	37	1	1	26	0.000313381	3191	1	FALSE	NA	NA	NA	NA	NA	NA
NC_045512.2	9997	A	G	2977	1800	36	1	1	34	0.000335796	2978	0.875126	FALSE	NA	NA	NA	NA	NA	NA
NC_045512.2	10011	T	C	3721	2704	37	1	0	34	0.000268673	3722	0.937584	FALSE	NA	NA	NA	NA	NA	NA
NC_045512.2	10025	C	T	3869	2967	38	4	4	34	0.00103279	3873	0.500141	FALSE	NA	NA	NA	NA	NA	NA
NC_045512.2	10029	C	T	0	0	0	3483	2663	35	0.999713	3484	0	TRUE	NA	NA	NA	NA	NA	NA
NC_045512.2	10029	C	A	0	0	0	1	1	26	0.000287026	3484	0.0100459	FALSE	NA	NA	NA	NA	NA	NA
NC_045512.2	10031	T	C	3673	2850	36	1	1	34	0.000272109	3675	0.937551	FALSE	NA	NA	NA	NA	NA	NA
NC_045512.2	10031	T	A	3673	2850	36	1	1	26	0.000272109	3675	1	FALSE	NA	NA	NA	NA	NA	NA
NC_045512.2	10033	T	C	1662	1369	36	2388	1962	37	0.58963	4050	0	TRUE	NA	NA	NA	NA	NA	NA
NC_045512.2	10039	C	T	4180	3577	37	1	0	34	0.000239177	4181	0.968806	FALSE	NA	NA	NA	NA	NA	NA
NC_045512.2	10040	T	C	3778	3184	36	2	2	34	0.000529101	3780	0.812665	FALSE	NA	NA	NA	NA	NA	NA
NC_045512.2	10044	C	T	3977	3440	37	2	2	34	0.000502639	3979	0.812657	FALSE	NA	NA	NA	NA	NA	NA
NC_045512.2	10048	T	C	4043	3513	36	1	1	34	0.00024728	4044	0.968808	FALSE	NA	NA	NA	NA	NA	NA
NC_045512.2	10052	C	T	4277	3767	37	1	1	34	0.000233754	4278	0.968805	FALSE	NA	NA	NA	NA	NA	NA
NC_045512.2	10055	A	G	4111	3638	37	1	1	26	0.000243191	4112	1	FALSE	NA	NA	NA	NA	NA	NA
NC_045512.2	10059	G	-T	4140	3674	37	2	0	20	0.000483092	4140	1	FALSE	NA	NA	NA	NA	NA	NA
NC_045512.2	10064	A	G	4400	3976	37	2	1	51	0.000454339	4402	0.250028	FALSE	NA	NA	NA	NA	NA	NA
NC_045512.2	10067	A	G	4992	4632	38	2	2	34	0.000400481	4994	0.890742	FALSE	NA	NA	NA	NA	NA	NA
NC_045512.2	10070	A	G	4943	4597	37	1	1	68	0.000202265	4944	0.500051	FALSE	NA	NA	NA	NA	NA	NA
NC_045512.2	10073	G	A	4898	4557	37	3	2	45	0.00061212	4901	0.125	FALSE	NA	NA	NA	NA	NA	NA
NC_045512.2	10074	C	T	4936	4625	37	1	1	26	0.000202552	4937	1	FALSE	NA	NA	NA	NA	NA	NA
NC_045512.2	10077	T	A	4896	4596	37	1	1	34	0.000204207	4897	0.968798	FALSE	NA	NA	NA	NA	NA	NA
NC_045512.2	10080	C	T	4701	4434	37	1	1	34	0.000212675	4702	0.9688	FALSE	NA	NA	NA	NA	NA	NA
NC_045512.2	10082	T	C	4552	4286	36	1	1	34	0.000219635	4553	0.968801	FALSE	NA	NA	NA	NA	NA	NA
NC_045512.2	10084	T	C	4617	4381	36	1	1	34	0.000216544	4618	0.968801	FALSE	NA	NA	NA	NA	NA	NA
NC_045512.2	10088	A	G	4582	4346	36	1	1	34	0.000218198	4583	0.968801	FALSE	NA	NA	NA	NA	NA	NA
NC_045512.2	10090	A	G	4557	4350	36	2	2	34	0.000438693	4559	0.890754	FALSE	NA	NA	NA	NA	NA	NA
NC_045512.2	10094	G	A	4425	4220	36	1	1	68	0.000225938	4426	0.500056	FALSE	NA	NA	NA	NA	NA	NA
NC_045512.2	10098	G	A	4361	4165	36	1	1	34	0.000229253	4362	0.968804	FALSE	NA	NA	NA	NA	NA	NA
NC_045512.2	10099	T	C	4112	3933	36	1	1	34	0.000243132	4113	0.968807	FALSE	NA	NA	NA	NA	NA	NA
NC_045512.2	10102	T	C	3712	3538	36	1	1	34	0.000269324	3713	0.937584	FALSE	NA	NA	NA	NA	NA	NA
NC_045512.2	10104	T	A	3698	3537	36	1	1	26	0.000270343	3699	1	FALSE	NA	NA	NA	NA	NA	NA
NC_045512.2	10108	A	G	3432	3303	35	2	2	34	0.000582411	3434	0.812682	FALSE	NA	NA	NA	NA	NA	NA
NC_045512.2	10109	C	T	3430	3306	35	1	1	34	0.00029146	3431	0.937591	FALSE	NA	NA	NA	NA	NA	NA
NC_045512.2	10113	T	C	3130	3023	35	1	1	34	0.000319387	3131	0.9376	FALSE	NA	NA	NA	NA	NA	NA
NC_045512.2	10118	T	C	2851	2755	35	2	2	51	0.000701016	2853	0.250044	FALSE	NA	NA	NA	NA	NA	NA
NC_045512.2	10126	A	G	2711	2636	35	5	5	34	0.00184094	2716	0.226562	FALSE	NA	NA	NA	NA	NA	NA
NC_045512.2	10134	T	C	1838	1798	32	3	3	34	0.00162955	1841	0.312602	FALSE	NA	NA	NA	NA	NA	NA
NC_045512.2	10140	G	C	1880	1845	34	1	1	34	0.000531632	1881	0.750199	FALSE	NA	NA	NA	NA	NA	NA
NC_045512.2	10145	T	C	1656	1627	34	1	1	34	0.0006035	1657	0.750226	FALSE	NA	NA	NA	NA	NA	NA
NC_045512.2	10768	T	C	836	46	35	1	0	34	0.00119474	837	0.500299	FALSE	NA	NA	NA	NA	NA	NA
NC_045512.2	10774	A	G	812	47	34	1	0	34	0.00123001	813	0.500308	FALSE	NA	NA	NA	NA	NA	NA
NC_045512.2	10775	C	G	949	53	35	1	0	34	0.00105263	950	0.500263	FALSE	NA	NA	NA	NA	NA	NA
NC_045512.2	10779	T	C	1002	58	36	1	0	34	0.000997009	1003	0.750374	FALSE	NA	NA	NA	NA	NA	NA
NC_045512.2	10785	A	G	1075	61	36	1	0	34	0.000929368	1076	0.750349	FALSE	NA	NA	NA	NA	NA	NA
NC_045512.2	10808	C	G	1539	192	40	1	0	34	0.000649351	1540	0.750244	FALSE	NA	NA	NA	NA	NA	NA
NC_045512.2	10817	G	A	1597	203	40	2	0	34	0.00125078	1599	0.500235	FALSE	NA	NA	NA	NA	NA	NA
NC_045512.2	10822	A	G	1614	210	40	1	0	26	0.000619195	1615	0.999993	FALSE	NA	NA	NA	NA	NA	NA
NC_045512.2	10823	A	G	1411	211	38	1	0	68	0.000708215	1412	0.500177	FALSE	NA	NA	NA	NA	NA	NA
NC_045512.2	10824	C	G	1609	210	40	1	0	34	0.000621118	1610	0.750233	FALSE	NA	NA	NA	NA	NA	NA
NC_045512.2	10829	A	G	1592	227	40	1	0	34	0.000627746	1593	0.750235	FALSE	NA	NA	NA	NA	NA	NA
NC_045512.2	10833	C	T	1447	271	40	1	1	68	0.000690608	1448	0.500173	FALSE	NA	NA	NA	NA	NA	NA
NC_045512.2	10834	C	G	1449	273	40	1	0	26	0.000689655	1450	0.999971	FALSE	NA	NA	NA	NA	NA	NA
NC_045512.2	10842	A	T	1281	334	38	1	0	34	0.000780031	1282	0.750293	FALSE	NA	NA	NA	NA	NA	NA
NC_045512.2	10863	A	T	1343	488	39	1	0	34	0.000744048	1344	0.750279	FALSE	NA	NA	NA	NA	NA	NA
NC_045512.2	10872	A	G	1336	545	40	1	0	34	0.000747943	1337	0.750281	FALSE	NA	NA	NA	NA	NA	NA
NC_045512.2	10880	A	G	1271	573	39	1	0	34	0.000786164	1272	0.750295	FALSE	NA	NA	NA	NA	NA	NA
NC_045512.2	10890	G	A	1226	631	37	2	2	34	0.00162866	1228	0.500306	FALSE	NA	NA	NA	NA	NA	NA
NC_045512.2	10894	C	T	1239	691	37	1	0	34	0.000806452	1240	0.750303	FALSE	NA	NA	NA	NA	NA	NA
NC_045512.2	10895	A	T	1306	690	37	1	1	34	0.000765111	1307	0.750287	FALSE	NA	NA	NA	NA	NA	NA
NC_045512.2	10896	T	A	1293	675	37	1	1	34	0.000772798	1294	0.75029	FALSE	NA	NA	NA	NA	NA	NA
NC_045512.2	10902	G	T	1240	715	37	1	1	34	0.000805802	1241	0.750302	FALSE	NA	NA	NA	NA	NA	NA
NC_045512.2	10913	T	C	1307	923	39	1	1	34	0.000764526	1308	0.750287	FALSE	NA	NA	NA	NA	NA	NA
NC_045512.2	10921	T	A	1384	1018	39	1	1	34	0.000722022	1385	0.750271	FALSE	NA	NA	NA	NA	NA	NA
NC_045512.2	10929	C	T	1389	1030	39	2	2	34	0.00143781	1391	0.50027	FALSE	NA	NA	NA	NA	NA	NA
NC_045512.2	10930	A	G	1372	1013	39	2	2	34	0.0014556	1374	0.500273	FALSE	NA	NA	NA	NA	NA	NA
NC_045512.2	10936	T	C	1363	1010	39	1	0	68	0.000733138	1364	0.500183	FALSE	NA	NA	NA	NA	NA	NA
NC_045512.2	10940	G	A	1355	1020	38	1	1	34	0.000737463	1356	0.750277	FALSE	NA	NA	NA	NA	NA	NA
NC_045512.2	10945	T	C	1351	1051	38	1	1	26	0.000739645	1352	0.999941	FALSE	NA	NA	NA	NA	NA	NA
NC_045512.2	10951	A	G	1279	992	38	2	2	34	0.00156128	1281	0.500293	FALSE	NA	NA	NA	NA	NA	NA
NC_045512.2	10955	T	C	1266	993	38	1	1	34	0.000789266	1267	0.750296	FALSE	NA	NA	NA	NA	NA	NA
NC_045512.2	10957	A	G	1259	990	38	1	0	34	0.000793651	1260	0.750298	FALSE	NA	NA	NA	NA	NA	NA
NC_045512.2	10961	G	T	1323	1061	38	1	1	24	0.000755287	1324	0.999941	FALSE	NA	NA	NA	NA	NA	NA
NC_045512.2	10971	A	G	1394	1163	39	1	1	34	0.000716846	1395	0.750269	FALSE	NA	NA	NA	NA	NA	NA
NC_045512.2	10981	G	T	1421	1204	39	2	2	34	0.00140548	1423	0.500264	FALSE	NA	NA	NA	NA	NA	NA
NC_045512.2	10991	A	G	1289	1115	38	1	1	34	0.000773395	1293	0.749709	FALSE	NA	NA	NA	NA	NA	NA
NC_045512.2	10991	A	C	1289	1115	38	3	3	34	0.00232019	1293	0.312355	FALSE	NA	NA	NA	NA	NA	NA
NC_045512.2	11004	A	C	1112	1017	36	1	1	34	0.000898473	1113	0.750337	FALSE	NA	NA	NA	NA	NA	NA
NC_045512.2	11007	A	C	999	913	36	2	2	34	0.001998	1001	0.500375	FALSE	NA	NA	NA	NA	NA	NA
NC_045512.2	11023	A	G	741	659	37	1	1	34	0.00134771	742	0.500337	FALSE	NA	NA	NA	NA	NA	NA
NC_045512.2	11074	C	+TTTT	195	163	34	6	0	20	0.0307692	195	0.0667844	FALSE	NA	NA	NA	NA	NA	NA
NC_045512.2	11074	C	+TTT	195	163	34	14	0	20	0.0717949	195	0.000654285	TRUE	NA	NA	NA	NA	NA	NA
NC_045512.2	11074	C	+TT	195	163	34	93	0	20	0.476923	195	5.29294e-23	TRUE	NA	NA	NA	NA	NA	NA
NC_045512.2	11074	C	+T	195	163	34	16	0	20	0.0820513	195	0.000199328	TRUE	NA	NA	NA	NA	NA	NA
NC_045512.2	11083	G	T	0	0	0	142	133	33	1	142	1.36023e-84	TRUE	NA	NA	NA	NA	NA	NA
NC_045512.2	11341	A	C	3479	139	34	1	0	34	0.000287356	3480	0.93759	FALSE	NA	NA	NA	NA	NA	NA
NC_045512.2	11343	T	C	3581	165	34	1	0	34	0.000279174	3582	0.937587	FALSE	NA	NA	NA	NA	NA	NA
NC_045512.2	11345	C	T	3847	170	34	1	0	34	0.000259875	3848	0.937581	FALSE	NA	NA	NA	NA	NA	NA
NC_045512.2	11345	C	-T	3847	170	34	1	0	20	0.000259875	3848	1	FALSE	NA	NA	NA	NA	NA	NA
NC_045512.2	11346	T	C	3852	172	34	5	0	34	0.00129634	3857	0.36321	FALSE	NA	NA	NA	NA	NA	NA
NC_045512.2	11347	T	C	3843	167	34	3	0	34	0.000780031	3846	0.656433	FALSE	NA	NA	NA	NA	NA	NA
NC_045512.2	11350	G	A	3923	246	34	1	0	34	0.000254842	3924	0.93758	FALSE	NA	NA	NA	NA	NA	NA
NC_045512.2	11354	G	A	4390	250	34	6	0	34	0.00136488	4396	0.377023	FALSE	NA	NA	NA	NA	NA	NA
NC_045512.2	11357	A	G	4501	306	35	1	0	34	0.000222124	4502	0.968802	FALSE	NA	NA	NA	NA	NA	NA
NC_045512.2	11370	A	G	5627	421	35	2	0	34	0.000355303	5629	0.937587	FALSE	NA	NA	NA	NA	NA	NA
NC_045512.2	11374	T	C	5738	423	35	4	0	34	0.000696621	5742	0.746265	FALSE	NA	NA	NA	NA	NA	NA
NC_045512.2	11375	G	A	5850	430	35	2	0	30	0.000341763	5852	0.937584	FALSE	NA	NA	NA	NA	NA	NA
NC_045512.2	11385	G	T	7060	732	37	1	0	34	0.000141623	7061	0.996104	FALSE	NA	NA	NA	NA	NA	NA
NC_045512.2	11389	G	C	7615	758	37	1	0	34	0.000131303	7616	0.996103	FALSE	NA	NA	NA	NA	NA	NA
NC_045512.2	11395	A	T	7647	899	37	1	0	26	0.000130753	7648	1	FALSE	NA	NA	NA	NA	NA	NA
NC_045512.2	11396	C	A	8133	903	37	1	1	34	0.000122941	8134	0.998052	FALSE	NA	NA	NA	NA	NA	NA
NC_045512.2	11397	T	C	8138	913	37	1	0	34	0.000122865	8139	0.998052	FALSE	NA	NA	NA	NA	NA	NA
NC_045512.2	11398	T	C	8232	915	37	4	0	34	0.000485673	8236	0.927105	FALSE	NA	NA	NA	NA	NA	NA
NC_045512.2	11403	A	G	8213	1007	38	1	0	34	0.000121743	8214	0.998052	FALSE	NA	NA	NA	NA	NA	NA
NC_045512.2	11409	T	C	8581	1429	40	3	2	34	0.000349487	8584	0.967341	FALSE	NA	NA	NA	NA	NA	NA
NC_045512.2	11413	A	T	8339	1472	39	1	0	26	0.000119904	8340	1	FALSE	NA	NA	NA	NA	NA	NA
NC_045512.2	11415	T	C	8691	1646	41	1	0	68	0.000115048	8692	0.500029	FALSE	NA	NA	NA	NA	NA	NA
NC_045512.2	11416	C	T	9136	1673	40	3	1	68	0.000328263	9139	0.125	FALSE	NA	NA	NA	NA	NA	NA
NC_045512.2	11425	A	G	8209	1909	39	1	1	34	0.000121788	8211	0.998051	FALSE	NA	NA	NA	NA	NA	NA
NC_045512.2	11425	A	C	8209	1909	39	1	0	26	0.000121788	8211	1	FALSE	NA	NA	NA	NA	NA	NA
NC_045512.2	11429	T	C	7485	2046	39	2	0	34	0.00026713	7487	0.980506	FALSE	NA	NA	NA	NA	NA	NA
NC_045512.2	11432	T	C	7405	2155	39	1	0	26	0.000135026	7406	1	FALSE	NA	NA	NA	NA	NA	NA
NC_045512.2	11433	A	G	7413	2176	39	1	1	34	0.00013488	7414	0.996103	FALSE	NA	NA	NA	NA	NA	NA
NC_045512.2	11437	T	C	7125	2074	38	1	1	34	0.000140331	7126	0.996104	FALSE	NA	NA	NA	NA	NA	NA
NC_045512.2	11440	T	C	7103	2252	39	1	0	34	0.000140766	7104	0.996104	FALSE	NA	NA	NA	NA	NA	NA
NC_045512.2	11442	C	T	7387	2288	39	1	0	34	0.000135355	7388	0.996103	FALSE	NA	NA	NA	NA	NA	NA
NC_045512.2	11442	C	-TT	7387	2288	39	1	0	20	0.000135355	7388	1	FALSE	NA	NA	NA	NA	NA	NA
NC_045512.2	11446	A	G	7239	2339	38	4	3	51	0.000552257	7243	0.0624914	FALSE	NA	NA	NA	NA	NA	NA
NC_045512.2	11447	G	T	7306	2351	39	3	0	34	0.000410453	7309	0.945397	FALSE	NA	NA	NA	NA	NA	NA
NC_045512.2	11448	A	T	7048	2512	37	1	1	34	0.000141864	7049	0.996104	FALSE	NA	NA	NA	NA	NA	NA
NC_045512.2	11450	C	T	7324	2432	39	1	0	26	0.000136519	7325	1	FALSE	NA	NA	NA	NA	NA	NA
NC_045512.2	11451	A	G	7285	2388	39	1	0	34	0.00013725	7286	0.996103	FALSE	NA	NA	NA	NA	NA	NA
NC_045512.2	11452	A	G	7398	2395	39	1	0	34	0.000135153	7399	0.996103	FALSE	NA	NA	NA	NA	NA	NA
NC_045512.2	11454	C	T	7492	3014	39	1	0	34	0.000133458	7493	0.996103	FALSE	NA	NA	NA	NA	NA	NA
NC_045512.2	11462	A	T	7764	3500	40	1	1	26	0.000128783	7765	1	FALSE	NA	NA	NA	NA	NA	NA
NC_045512.2	11463	T	C	7954	3590	40	1	1	34	0.000125707	7955	0.996103	FALSE	NA	NA	NA	NA	NA	NA
NC_045512.2	11465	T	G	7558	3885	39	1	1	34	0.000132293	7559	0.996103	FALSE	NA	NA	NA	NA	NA	NA
NC_045512.2	11470	T	G	7364	3809	38	1	1	34	0.000135777	7365	0.996103	FALSE	NA	NA	NA	NA	NA	NA
NC_045512.2	11473	T	C	7866	4030	39	1	1	34	0.000127113	7867	0.996103	FALSE	NA	NA	NA	NA	NA	NA
NC_045512.2	11476	A	G	7779	4058	39	2	0	34	0.000257036	7781	0.980505	FALSE	NA	NA	NA	NA	NA	NA
NC_045512.2	11477	A	T	7653	4150	39	1	0	26	0.000130651	7654	1	FALSE	NA	NA	NA	NA	NA	NA
NC_045512.2	11479	C	T	7298	4274	38	1	1	26	0.000137005	7299	1	FALSE	NA	NA	NA	NA	NA	NA
NC_045512.2	11485	T	C	6886	3971	37	1	0	34	0.000145201	6887	0.992203	FALSE	NA	NA	NA	NA	NA	NA
NC_045512.2	11486	A	G	7003	3986	37	1	0	34	0.000142776	7004	0.996104	FALSE	NA	NA	NA	NA	NA	NA
NC_045512.2	11494	C	G	7146	4583	37	1	1	34	0.000139919	7147	0.996104	FALSE	NA	NA	NA	NA	NA	NA
NC_045512.2	11496	A	G	7172	4544	37	2	1	51	0.000278784	7174	0.250017	FALSE	NA	NA	NA	NA	NA	NA
NC_045512.2	11498	T	C	6984	4752	36	2	2	34	0.000286246	6987	0.964883	FALSE	NA	NA	NA	NA	NA	NA
NC_045512.2	11498	T	A	6984	4752	36	1	0	26	0.000143123	6987	1	FALSE	NA	NA	NA	NA	NA	NA
NC_045512.2	11500	A	G	6757	4780	36	3	3	45	0.000443787	6760	0.125	FALSE	NA	NA	NA	NA	NA	NA
NC_045512.2	11503	T	G	7378	5056	37	1	0	34	0.00013552	7379	0.996103	FALSE	NA	NA	NA	NA	NA	NA
NC_045512.2	11508	T	C	7563	5259	38	2	2	34	0.000264375	7565	0.980506	FALSE	NA	NA	NA	NA	NA	NA
NC_045512.2	11509	T	G	7577	5279	38	1	0	34	0.000131961	7578	0.996103	FALSE	NA	NA	NA	NA	NA	NA
NC_045512.2	11512	A	T	7363	5135	38	1	0	26	0.000135796	7364	1	FALSE	NA	NA	NA	NA	NA	NA
NC_045512.2	11515	T	C	6764	4877	37	1	0	26	0.00014782	6765	1	FALSE	NA	NA	NA	NA	NA	NA
NC_045512.2	11521	G	-T	6888	4977	37	8	0	20	0.00116144	6888	1	FALSE	NA	NA	NA	NA	NA	NA
NC_045512.2	11522	T	G	6787	4883	37	3	3	34	0.000441761	6791	0.909939	FALSE	NA	NA	NA	NA	NA	NA
NC_045512.2	11522	T	C	6787	4883	37	1	1	34	0.000147254	6791	0.992159	FALSE	NA	NA	NA	NA	NA	NA
NC_045512.2	11523	T	C	6868	4972	37	1	1	34	0.000145582	6869	0.992203	FALSE	NA	NA	NA	NA	NA	NA
NC_045512.2	11528	G	A	6847	5005	37	1	0	34	0.000146028	6848	0.992203	FALSE	NA	NA	NA	NA	NA	NA
NC_045512.2	11529	C	G	6839	5029	37	2	2	51	0.000292355	6841	0.250018	FALSE	NA	NA	NA	NA	NA	NA
NC_045512.2	11533	A	G	6759	5042	37	2	1	51	0.000295814	6761	0.250018	FALSE	NA	NA	NA	NA	NA	NA
NC_045512.2	11539	T	G	7046	5320	37	1	0	26	0.000141904	7047	1	FALSE	NA	NA	NA	NA	NA	NA
NC_045512.2	11541	T	G	6819	5059	37	13	10	47	0.00190281	6832	0.00012149	TRUE	NA	NA	NA	NA	NA	NA
NC_045512.2	11542	T	C	6849	5301	37	4	3	29	0.000583686	6853	1	FALSE	NA	NA	NA	NA	NA	NA
NC_045512.2	11545	T	C	6764	5250	37	1	1	34	0.00014782	6765	0.992204	FALSE	NA	NA	NA	NA	NA	NA
NC_045512.2	11547	T	C	6816	5316	37	1	1	34	0.000146692	6817	0.992204	FALSE	NA	NA	NA	NA	NA	NA
NC_045512.2	11551	T	G	6617	5122	37	1	1	34	0.000151103	6618	0.992204	FALSE	NA	NA	NA	NA	NA	NA
NC_045512.2	11556	A	T	5949	4469	37	1	0	26	0.000168067	5950	1	FALSE	NA	NA	NA	NA	NA	NA
NC_045512.2	11557	G	A	5900	4424	36	1	0	34	0.000169463	5901	0.984403	FALSE	NA	NA	NA	NA	NA	NA
NC_045512.2	11560	T	C	5624	4181	37	4	4	34	0.000710732	5628	0.746269	FALSE	NA	NA	NA	NA	NA	NA
NC_045512.2	11562	G	A	5451	4041	37	3	3	34	0.000550055	5454	0.855619	FALSE	NA	NA	NA	NA	NA	NA
NC_045512.2	11563	C	T	5825	4554	37	1	1	34	0.000171644	5826	0.984403	FALSE	NA	NA	NA	NA	NA	NA
NC_045512.2	11564	C	G	5736	4480	37	1	0	34	0.000174307	5737	0.984404	FALSE	NA	NA	NA	NA	NA	NA
NC_045512.2	11565	C	T	5749	4516	37	1	1	34	0.000173883	5751	0.984395	FALSE	NA	NA	NA	NA	NA	NA
NC_045512.2	11565	C	A	5749	4516	37	1	1	34	0.000173883	5751	0.984395	FALSE	NA	NA	NA	NA	NA	NA
NC_045512.2	11566	T	C	5488	4257	37	5	2	34	0.000910249	5493	0.623215	FALSE	NA	NA	NA	NA	NA	NA
NC_045512.2	11567	A	G	5514	4302	37	1	1	34	0.000181324	5515	0.984405	FALSE	NA	NA	NA	NA	NA	NA
NC_045512.2	11568	T	C	5552	4319	37	1	1	34	0.000180083	5553	0.984405	FALSE	NA	NA	NA	NA	NA	NA
NC_045512.2	11570	T	C	5551	4330	37	1	1	34	0.000180115	5552	0.984405	FALSE	NA	NA	NA	NA	NA	NA
NC_045512.2	11571	T	C	5433	4216	37	1	1	34	0.000184026	5434	0.984405	FALSE	NA	NA	NA	NA	NA	NA
NC_045512.2	11574	T	C	5376	4362	36	1	1	34	0.000185977	5377	0.984406	FALSE	NA	NA	NA	NA	NA	NA
NC_045512.2	11580	C	T	5325	4367	36	1	1	26	0.000187758	5326	1	FALSE	NA	NA	NA	NA	NA	NA
NC_045512.2	11584	T	A	5540	4620	36	1	1	34	0.000180473	5541	0.984405	FALSE	NA	NA	NA	NA	NA	NA
NC_045512.2	11588	A	G	5936	5183	36	2	2	34	0.000336814	5938	0.937583	FALSE	NA	NA	NA	NA	NA	NA
NC_045512.2	11592	T	C	5778	4967	37	1	1	34	0.00017304	5779	0.984403	FALSE	NA	NA	NA	NA	NA	NA
NC_045512.2	11595	A	G	6051	5304	38	1	1	34	0.000165235	6052	0.992206	FALSE	NA	NA	NA	NA	NA	NA
NC_045512.2	11597	T	C	5974	5255	38	1	1	34	0.000167364	5975	0.984402	FALSE	NA	NA	NA	NA	NA	NA
NC_045512.2	11598	G	A	5987	5240	38	1	1	34	0.000167001	5988	0.984402	FALSE	NA	NA	NA	NA	NA	NA
NC_045512.2	11601	T	A	5818	5161	38	1	1	34	0.000171851	5819	0.984403	FALSE	NA	NA	NA	NA	NA	NA
NC_045512.2	11601	T	-A	5818	5161	38	1	0	20	0.000171851	5819	1	FALSE	NA	NA	NA	NA	NA	NA
NC_045512.2	11608	A	G	5146	4693	38	1	1	34	0.000194288	5147	0.984407	FALSE	NA	NA	NA	NA	NA	NA
NC_045512.2	11611	T	C	5089	4636	38	1	1	34	0.000196464	5090	0.984407	FALSE	NA	NA	NA	NA	NA	NA
NC_045512.2	11619	T	C	4326	3898	36	2	1	51	0.000462107	4328	0.250029	FALSE	NA	NA	NA	NA	NA	NA
NC_045512.2	11620	C	T	4826	4413	38	1	1	26	0.000207168	4827	1	FALSE	NA	NA	NA	NA	NA	NA
NC_045512.2	11622	T	C	4762	4349	37	3	3	34	0.000629591	4765	0.77361	FALSE	NA	NA	NA	NA	NA	NA
NC_045512.2	11623	A	G	4830	4417	38	1	1	24	0.000206996	4831	1	FALSE	NA	NA	NA	NA	NA	NA
NC_045512.2	11628	A	G	4686	4285	38	2	2	34	0.000426621	4688	0.89075	FALSE	NA	NA	NA	NA	NA	NA
NC_045512.2	11628	A	+T	4686	4285	38	1	0	20	0.000213311	4688	1	FALSE	NA	NA	NA	NA	NA	NA
NC_045512.2	11629	T	C	4655	4257	37	2	1	60	0.000429461	4657	0.250027	FALSE	NA	NA	NA	NA	NA	NA
NC_045512.2	11635	T	C	4505	4134	37	6	6	34	0.00133008	4511	0.377021	FALSE	NA	NA	NA	NA	NA	NA
NC_045512.2	11639	T	C	4201	3853	37	1	1	34	0.000237982	4202	0.968806	FALSE	NA	NA	NA	NA	NA	NA
NC_045512.2	11640	G	A	4238	3890	37	1	0	24	0.000235905	4239	1	FALSE	NA	NA	NA	NA	NA	NA
NC_045512.2	11642	T	C	4180	3866	37	1	1	34	0.00023912	4182	0.968787	FALSE	NA	NA	NA	NA	NA	NA
NC_045512.2	11642	T	A	4180	3866	37	1	1	34	0.00023912	4182	0.968787	FALSE	NA	NA	NA	NA	NA	NA
NC_045512.2	11650	C	T	4027	3779	36	3	3	34	0.000744417	4030	0.773641	FALSE	NA	NA	NA	NA	NA	NA
NC_045512.2	11656	T	C	3939	3725	36	1	1	34	0.000253807	3940	0.937579	FALSE	NA	NA	NA	NA	NA	NA
NC_045512.2	11657	T	C	3855	3641	36	1	1	34	0.000259336	3856	0.937581	FALSE	NA	NA	NA	NA	NA	NA
NC_045512.2	11660	T	C	3802	3612	36	1	1	34	0.00026295	3803	0.937582	FALSE	NA	NA	NA	NA	NA	NA
NC_045512.2	11664	T	C	3175	2996	36	2	2	34	0.000629525	3177	0.812697	FALSE	NA	NA	NA	NA	NA	NA
NC_045512.2	11665	C	T	3157	2978	36	1	1	34	0.000316656	3158	0.937599	FALSE	NA	NA	NA	NA	NA	NA
NC_045512.2	11676	T	C	2918	2752	36	1	1	68	0.000342583	2919	0.500086	FALSE	NA	NA	NA	NA	NA	NA
NC_045512.2	11969	A	C	3154	59	34	1	0	34	0.000316957	3155	0.937599	FALSE	NA	NA	NA	NA	NA	NA
NC_045512.2	11970	A	G	3158	60	33	1	0	34	0.000316456	3160	0.937559	FALSE	NA	NA	NA	NA	NA	NA
NC_045512.2	11970	A	C	3158	60	33	1	0	34	0.000316456	3160	0.937559	FALSE	NA	NA	NA	NA	NA	NA
NC_045512.2	11971	A	G	3965	69	34	1	0	34	0.000252143	3966	0.937579	FALSE	NA	NA	NA	NA	NA	NA
NC_045512.2	11972	G	C	4561	71	34	1	0	34	0.000219202	4562	0.968801	FALSE	NA	NA	NA	NA	NA	NA
NC_045512.2	11975	A	G	4681	107	34	2	0	34	0.000427077	4683	0.89075	FALSE	NA	NA	NA	NA	NA	NA
NC_045512.2	11979	C	T	5491	143	34	3	0	34	0.00054605	5494	0.855618	FALSE	NA	NA	NA	NA	NA	NA
NC_045512.2	11986	C	T	5544	180	35	1	0	34	0.000180343	5545	0.984405	FALSE	NA	NA	NA	NA	NA	NA
NC_045512.2	11990	G	-A	5594	181	35	2	0	20	0.000357526	5594	1	FALSE	NA	NA	NA	NA	NA	NA
NC_045512.2	11990	G	+A	5594	181	35	1	0	20	0.000178763	5594	1	FALSE	NA	NA	NA	NA	NA	NA
NC_045512.2	11994	A	G	5632	258	35	1	0	34	0.000177525	5633	0.984404	FALSE	NA	NA	NA	NA	NA	NA
NC_045512.2	11995	A	G	5628	259	35	1	0	34	0.000177651	5629	0.984404	FALSE	NA	NA	NA	NA	NA	NA
NC_045512.2	11999	G	T	5698	264	36	1	0	34	0.000175469	5699	0.984404	FALSE	NA	NA	NA	NA	NA	NA
NC_045512.2	12002	T	A	5788	369	37	2	0	30	0.000345423	5790	0.937585	FALSE	NA	NA	NA	NA	NA	NA
NC_045512.2	12007	A	G	6080	412	36	1	0	34	0.000164447	6081	0.992205	FALSE	NA	NA	NA	NA	NA	NA
NC_045512.2	12009	T	C	6325	418	37	1	1	24	0.000158078	6326	1	FALSE	NA	NA	NA	NA	NA	NA
NC_045512.2	12018	T	C	6432	512	37	2	0	34	0.000310849	6434	0.964903	FALSE	NA	NA	NA	NA	NA	NA
NC_045512.2	12021	T	C	6575	527	38	1	0	60	0.000152068	6576	0.500038	FALSE	NA	NA	NA	NA	NA	NA
NC_045512.2	12022	T	C	6585	542	38	1	1	68	0.000151837	6586	0.500038	FALSE	NA	NA	NA	NA	NA	NA
NC_045512.2	12023	T	-C	6665	549	38	1	0	20	0.000150038	6665	1	FALSE	NA	NA	NA	NA	NA	NA
NC_045512.2	12029	C	T	6886	580	38	1	0	34	0.000145201	6887	0.992203	FALSE	NA	NA	NA	NA	NA	NA
NC_045512.2	12030	A	G	6847	584	38	3	0	34	0.000437956	6850	0.910264	FALSE	NA	NA	NA	NA	NA	NA
NC_045512.2	12034	T	C	7974	703	38	1	0	34	0.000125392	7975	0.996103	FALSE	NA	NA	NA	NA	NA	NA
NC_045512.2	12035	G	A	8372	712	38	2	0	34	0.000238834	8374	0.989281	FALSE	NA	NA	NA	NA	NA	NA
NC_045512.2	12037	T	C	8475	721	38	2	0	34	0.000235933	8477	0.989281	FALSE	NA	NA	NA	NA	NA	NA
NC_045512.2	12039	T	C	8555	768	38	1	0	34	0.000116877	8556	0.998052	FALSE	NA	NA	NA	NA	NA	NA
NC_045512.2	12040	A	G	8478	773	38	1	0	34	0.000117938	8479	0.998052	FALSE	NA	NA	NA	NA	NA	NA
NC_045512.2	12042	A	T	8597	826	38	2	0	34	0.000232585	8599	0.989281	FALSE	NA	NA	NA	NA	NA	NA
NC_045512.2	12044	A	T	8648	837	38	2	0	34	0.000231214	8650	0.989281	FALSE	NA	NA	NA	NA	NA	NA
NC_045512.2	12045	T	G	8818	835	39	1	0	26	0.000113379	8820	1	FALSE	NA	NA	NA	NA	NA	NA
NC_045512.2	12045	T	C	8818	835	39	1	0	34	0.000113379	8820	0.998051	FALSE	NA	NA	NA	NA	NA	NA
NC_045512.2	12048	A	G	7864	891	36	1	0	34	0.000127146	7865	0.996103	FALSE	NA	NA	NA	NA	NA	NA
NC_045512.2	12054	T	C	7518	1071	38	1	0	34	0.000132996	7519	0.996103	FALSE	NA	NA	NA	NA	NA	NA
NC_045512.2	12056	T	C	7568	1118	38	2	0	51	0.000264201	7570	0.250017	FALSE	NA	NA	NA	NA	NA	NA
NC_045512.2	12058	T	C	7566	1134	38	1	0	34	0.000132153	7567	0.996103	FALSE	NA	NA	NA	NA	NA	NA
NC_045512.2	12059	G	A	7587	1139	38	1	0	34	0.000131787	7588	0.996103	FALSE	NA	NA	NA	NA	NA	NA
NC_045512.2	12061	A	T	7139	1201	38	1	1	68	0.000140056	7140	0.500035	FALSE	NA	NA	NA	NA	NA	NA
NC_045512.2	12062	G	T	7210	1201	38	3	0	34	0.000415916	7213	0.945398	FALSE	NA	NA	NA	NA	NA	NA
NC_045512.2	12063	A	G	6796	1413	37	1	0	34	0.000147124	6797	0.992204	FALSE	NA	NA	NA	NA	NA	NA
NC_045512.2	12064	A	G	7276	1412	39	1	1	34	0.000137419	7277	0.996103	FALSE	NA	NA	NA	NA	NA	NA
NC_045512.2	12066	T	C	7322	1473	39	2	0	34	0.000273075	7324	0.980507	FALSE	NA	NA	NA	NA	NA	NA
NC_045512.2	12068	C	T	7071	1571	38	1	0	34	0.000141403	7072	0.996104	FALSE	NA	NA	NA	NA	NA	NA
NC_045512.2	12069	T	-G	7109	1553	38	1	0	20	0.000140667	7109	1	FALSE	NA	NA	NA	NA	NA	NA
NC_045512.2	12070	G	A	7176	1552	38	1	0	34	0.000139334	7177	0.996101	FALSE	NA	NA	NA	NA	NA	NA
NC_045512.2	12072	A	G	6639	1732	38	1	1	34	0.000150602	6640	0.992204	FALSE	NA	NA	NA	NA	NA	NA
NC_045512.2	12075	A	C	6090	1748	38	1	1	26	0.000164177	6091	1	FALSE	NA	NA	NA	NA	NA	NA
NC_045512.2	12076	C	G	5835	1806	37	7	0	34	0.00119822	5842	0.387265	FALSE	NA	NA	NA	NA	NA	NA
NC_045512.2	12079	G	T	5858	2040	37	2	0	30	0.000341297	5860	0.937584	FALSE	NA	NA	NA	NA	NA	NA
NC_045512.2	12080	G	A	5868	2046	37	2	0	34	0.000340716	5870	0.937584	FALSE	NA	NA	NA	NA	NA	NA
NC_045512.2	12087	T	C	6225	2020	37	1	0	34	0.000160617	6226	0.992205	FALSE	NA	NA	NA	NA	NA	NA
NC_045512.2	12088	A	G	6272	2059	37	1	1	34	0.000159413	6273	0.992205	FALSE	NA	NA	NA	NA	NA	NA
NC_045512.2	12089	C	A	6348	2149	37	1	0	34	0.000157505	6349	0.992205	FALSE	NA	NA	NA	NA	NA	NA
NC_045512.2	12091	A	G	6390	2146	37	1	0	34	0.00015647	6391	0.992205	FALSE	NA	NA	NA	NA	NA	NA
NC_045512.2	12097	A	T	6558	2071	37	1	1	68	0.000152462	6559	0.500038	FALSE	NA	NA	NA	NA	NA	NA
NC_045512.2	12099	C	A	6752	2090	37	1	0	68	0.000148082	6753	0.500037	FALSE	NA	NA	NA	NA	NA	NA
NC_045512.2	12100	C	A	6655	2047	37	1	0	34	0.00015024	6656	0.992204	FALSE	NA	NA	NA	NA	NA	NA
NC_045512.2	12101	T	A	6521	1907	37	1	0	26	0.000153327	6522	1	FALSE	NA	NA	NA	NA	NA	NA
NC_045512.2	12103	A	G	6379	1900	37	1	0	34	0.00015674	6380	0.992205	FALSE	NA	NA	NA	NA	NA	NA
NC_045512.2	12105	A	G	6141	1945	36	1	0	34	0.000162813	6142	0.992205	FALSE	NA	NA	NA	NA	NA	NA
NC_045512.2	12106	G	-T	6473	1942	37	1	0	20	0.000154488	6473	1	FALSE	NA	NA	NA	NA	NA	NA
NC_045512.2	12108	T	C	6315	1894	37	1	0	34	0.000158328	6316	0.992205	FALSE	NA	NA	NA	NA	NA	NA
NC_045512.2	12111	G	A	6356	1919	37	1	0	34	0.000157307	6357	0.992205	FALSE	NA	NA	NA	NA	NA	NA
NC_045512.2	12113	T	C	6298	1938	37	4	2	34	0.000634719	6302	0.828288	FALSE	NA	NA	NA	NA	NA	NA
NC_045512.2	12116	C	A	6232	1818	37	2	0	34	0.000320821	6234	0.964905	FALSE	NA	NA	NA	NA	NA	NA
NC_045512.2	12117	T	C	6229	1814	37	1	1	68	0.000160514	6230	0.50004	FALSE	NA	NA	NA	NA	NA	NA
NC_045512.2	12119	C	T	6383	2017	37	2	2	34	0.000313136	6387	0.964869	FALSE	NA	NA	NA	NA	NA	NA
NC_045512.2	12119	C	A	6383	2017	37	2	2	34	0.000313136	6387	0.964869	FALSE	NA	NA	NA	NA	NA	NA
NC_045512.2	12125	T	C	6387	2101	37	1	0	34	0.000156544	6388	0.992205	FALSE	NA	NA	NA	NA	NA	NA
NC_045512.2	12129	C	T	6245	2115	37	6	5	32	0.000959846	6251	0.612955	FALSE	NA	NA	NA	NA	NA	NA
NC_045512.2	12132	C	-T	5601	2224	36	2	0	20	0.000357079	5601	1	FALSE	NA	NA	NA	NA	NA	NA
NC_045512.2	12136	T	A	5344	2228	36	1	0	34	0.000187091	5345	0.984406	FALSE	NA	NA	NA	NA	NA	NA
NC_045512.2	12138	C	T	5452	2468	36	4	0	34	0.000733138	5456	0.746274	FALSE	NA	NA	NA	NA	NA	NA
NC_045512.2	12139	T	C	5453	2477	36	1	1	34	0.000183352	5454	0.984405	FALSE	NA	NA	NA	NA	NA	NA
NC_045512.2	12145	T	C	5275	2397	36	1	0	34	0.000189538	5276	0.984406	FALSE	NA	NA	NA	NA	NA	NA
NC_045512.2	12151	A	G	5451	2666	36	1	1	34	0.000183419	5452	0.984405	FALSE	NA	NA	NA	NA	NA	NA
NC_045512.2	12155	T	C	5811	2929	37	1	1	34	0.000172058	5812	0.984403	FALSE	NA	NA	NA	NA	NA	NA
NC_045512.2	12160	G	A	0	0	0	6009	3333	36	1	6009	0	TRUE	NA	NA	NA	NA	NA	NA
NC_045512.2	12169	T	C	6075	3301	37	2	0	51	0.00032911	6077	0.250021	FALSE	NA	NA	NA	NA	NA	NA
NC_045512.2	12170	G	A	6095	3284	37	3	3	34	0.000491965	6098	0.910277	FALSE	NA	NA	NA	NA	NA	NA
NC_045512.2	12174	A	C	5808	3218	37	1	1	34	0.000172147	5809	0.984403	FALSE	NA	NA	NA	NA	NA	NA
NC_045512.2	12176	G	C	5824	3184	37	1	1	34	0.000171674	5825	0.984403	FALSE	NA	NA	NA	NA	NA	NA
NC_045512.2	12181	T	C	5700	3158	37	1	1	24	0.000175408	5701	1	FALSE	NA	NA	NA	NA	NA	NA
NC_045512.2	12186	A	G	5491	3281	37	1	0	34	0.000182083	5492	0.984405	FALSE	NA	NA	NA	NA	NA	NA
NC_045512.2	12189	T	C	5517	3378	37	1	1	26	0.000181225	5518	1	FALSE	NA	NA	NA	NA	NA	NA
NC_045512.2	12190	T	C	5498	3383	37	1	0	38	0.000181851	5499	0.984405	FALSE	NA	NA	NA	NA	NA	NA
NC_045512.2	12191	G	T	5531	3399	37	2	0	30	0.000361468	5533	0.937589	FALSE	NA	NA	NA	NA	NA	NA
NC_045512.2	12192	T	C	5450	3412	37	2	1	51	0.000366838	5452	0.250023	FALSE	NA	NA	NA	NA	NA	NA
NC_045512.2	12193	T	G	5009	3252	35	1	1	34	0.000199521	5012	0.984389	FALSE	NA	NA	NA	NA	NA	NA
NC_045512.2	12193	T	C	5009	3252	35	2	2	34	0.000399042	5012	0.937565	FALSE	NA	NA	NA	NA	NA	NA
NC_045512.2	12201	A	C	5604	4030	37	1	1	34	0.000178412	5605	0.984404	FALSE	NA	NA	NA	NA	NA	NA
NC_045512.2	12206	A	G	5886	4373	37	3	3	34	0.000509424	5889	0.855608	FALSE	NA	NA	NA	NA	NA	NA
NC_045512.2	12207	A	G	5790	4420	37	1	1	34	0.000172682	5791	0.984403	FALSE	NA	NA	NA	NA	NA	NA
NC_045512.2	12210	A	G	6267	4950	37	1	1	34	0.000159541	6268	0.992205	FALSE	NA	NA	NA	NA	NA	NA
NC_045512.2	12218	A	G	7705	6541	38	1	1	34	0.000129769	7706	0.996103	FALSE	NA	NA	NA	NA	NA	NA
NC_045512.2	12221	G	C	7781	6693	38	1	1	26	0.000128485	7783	1	FALSE	NA	NA	NA	NA	NA	NA
NC_045512.2	12221	G	A	7781	6693	38	1	0	46	0.000128485	7783	0.5	FALSE	NA	NA	NA	NA	NA	NA
NC_045512.2	12222	T	C	7650	6648	38	3	0	34	0.000392003	7653	0.945393	FALSE	NA	NA	NA	NA	NA	NA
NC_045512.2	12224	G	A	7972	6995	38	2	2	34	0.000250815	7974	0.980504	FALSE	NA	NA	NA	NA	NA	NA
NC_045512.2	12227	A	G	8194	7288	38	3	3	34	0.000365988	8197	0.967344	FALSE	NA	NA	NA	NA	NA	NA
NC_045512.2	12230	T	C	9263	8476	38	2	2	30	0.000215866	9265	0.994155	FALSE	NA	NA	NA	NA	NA	NA
NC_045512.2	12232	T	C	9159	8519	38	6	6	34	0.000654664	9165	0.849271	FALSE	NA	NA	NA	NA	NA	NA
NC_045512.2	12236	T	C	9371	8739	38	1	1	34	0.000106701	9372	0.999026	FALSE	NA	NA	NA	NA	NA	NA
NC_045512.2	12237	T	G	8942	8312	37	1	1	34	0.000111794	8945	0.99805	FALSE	NA	NA	NA	NA	NA	NA
NC_045512.2	12237	T	C	8942	8312	37	2	2	29	0.000223589	8945	1	FALSE	NA	NA	NA	NA	NA	NA
NC_045512.2	12238	T	C	9026	8407	38	2	2	34	0.000221508	9029	0.994153	FALSE	NA	NA	NA	NA	NA	NA
NC_045512.2	12238	T	A	9026	8407	38	1	1	34	0.000110754	9029	0.999025	FALSE	NA	NA	NA	NA	NA	NA
NC_045512.2	12241	C	T	9028	8420	38	2	1	51	0.000221484	9030	0.250014	FALSE	NA	NA	NA	NA	NA	NA
NC_045512.2	12243	G	C	8956	8349	38	1	1	34	0.000111445	8973	0.998036	FALSE	NA	NA	NA	NA	NA	NA
NC_045512.2	12243	G	A	8956	8349	38	16	14	40	0.00178313	8973	1.5157e-05	TRUE	NA	NA	NA	NA	NA	NA
NC_045512.2	12245	G	C	8964	8428	37	1	1	34	0.000111545	8965	0.998052	FALSE	NA	NA	NA	NA	NA	NA
NC_045512.2	12249	C	T	8946	8426	37	1	1	34	0.000111769	8947	0.998052	FALSE	NA	NA	NA	NA	NA	NA
NC_045512.2	12250	A	G	8583	8067	37	1	1	34	0.000116482	8585	0.998051	FALSE	NA	NA	NA	NA	NA	NA
NC_045512.2	12250	A	C	8583	8067	37	1	1	26	0.000116482	8585	1	FALSE	NA	NA	NA	NA	NA	NA
NC_045512.2	12251	G	A	8502	7986	37	12	11	36	0.00140944	8514	0.25168	FALSE	NA	NA	NA	NA	NA	NA
NC_045512.2	12254	A	G	8143	7745	37	1	1	34	0.00012279	8144	0.998052	FALSE	NA	NA	NA	NA	NA	NA
NC_045512.2	12255	T	A	8085	7687	37	1	1	26	0.000123671	8086	1	FALSE	NA	NA	NA	NA	NA	NA
NC_045512.2	12256	G	A	8056	7662	37	2	2	34	0.000248201	8058	0.989282	FALSE	NA	NA	NA	NA	NA	NA
NC_045512.2	12257	C	T	8068	7687	37	1	1	34	0.000123931	8069	0.998052	FALSE	NA	NA	NA	NA	NA	NA
NC_045512.2	12258	A	G	7911	7533	37	1	1	26	0.00012639	7912	1	FALSE	NA	NA	NA	NA	NA	NA
NC_045512.2	12260	C	T	7599	7252	36	2	2	34	0.000263123	7601	0.980506	FALSE	NA	NA	NA	NA	NA	NA
NC_045512.2	12261	G	A	7606	7259	36	3	3	34	0.00039427	7609	0.945393	FALSE	NA	NA	NA	NA	NA	NA
NC_045512.2	12267	T	+GA	7394	7131	36	4	0	20	0.000540979	7394	1	FALSE	NA	NA	NA	NA	NA	NA
NC_045512.2	12269	G	A	7258	7025	36	2	2	34	0.000275482	7260	0.980507	FALSE	NA	NA	NA	NA	NA	NA
NC_045512.2	12270	A	T	7207	6999	35	1	1	34	0.000138735	7208	0.996103	FALSE	NA	NA	NA	NA	NA	NA
NC_045512.2	12271	A	G	7243	7048	35	1	1	34	0.00013795	7249	0.996093	FALSE	NA	NA	NA	NA	NA	NA
NC_045512.2	12271	A	C	7243	7048	35	5	5	34	0.00068975	7249	0.806252	FALSE	NA	NA	NA	NA	NA	NA
NC_045512.2	12277	G	A	7118	6935	35	2	2	34	0.000280899	7120	0.980508	FALSE	NA	NA	NA	NA	NA	NA
NC_045512.2	12280	T	C	7024	6876	35	1	1	34	0.000142349	7025	0.996104	FALSE	NA	NA	NA	NA	NA	NA
NC_045512.2	12284	C	T	6847	6708	35	2	2	34	0.000292013	6849	0.9649	FALSE	NA	NA	NA	NA	NA	NA
NC_045512.2	12285	A	G	6685	6547	34	3	3	34	0.000448565	6688	0.910267	FALSE	NA	NA	NA	NA	NA	NA
NC_045512.2	12289	T	C	6629	6497	34	3	3	34	0.000452352	6632	0.910268	FALSE	NA	NA	NA	NA	NA	NA
NC_045512.2	12293	A	G	6458	6334	35	1	1	26	0.000154823	6459	1	FALSE	NA	NA	NA	NA	NA	NA
NC_045512.2	12294	C	T	6447	6326	35	1	1	34	0.000155087	6448	0.992204	FALSE	NA	NA	NA	NA	NA	NA
NC_045512.2	12305	A	G	5385	5285	35	2	2	34	0.000371264	5387	0.937591	FALSE	NA	NA	NA	NA	NA	NA
NC_045512.2	12307	A	G	5349	5258	34	1	1	34	0.000186916	5350	0.984406	FALSE	NA	NA	NA	NA	NA	NA
NC_045512.2	12310	G	A	0	0	0	4731	4643	35	1	4731	0	TRUE	NA	NA	NA	NA	NA	NA
NC_045512.2	12566	G	A	1144	68	34	1	0	34	0.000873362	1145	0.750328	FALSE	NA	NA	NA	NA	NA	NA
NC_045512.2	12570	T	C	1230	95	34	29	3	40	0.0230342	1259	1.60078e-09	TRUE	NA	NA	NA	NA	NA	NA
NC_045512.2	12572	G	A	1301	97	34	3	1	68	0.00230061	1304	0.125	FALSE	NA	NA	NA	NA	NA	NA
NC_045512.2	12583	T	-A	1476	133	34	1	0	20	0.000677507	1476	0.999971	FALSE	NA	NA	NA	NA	NA	NA
NC_045512.2	12609	G	A	1817	214	36	1	0	34	0.000550055	1818	0.750206	FALSE	NA	NA	NA	NA	NA	NA
NC_045512.2	12610	T	C	1836	251	36	2	0	34	0.00108814	1838	0.500204	FALSE	NA	NA	NA	NA	NA	NA
NC_045512.2	12627	A	G	2107	315	37	1	0	34	0.000474383	2108	0.875178	FALSE	NA	NA	NA	NA	NA	NA
NC_045512.2	12631	A	G	2127	349	37	1	1	34	0.000469925	2128	0.875176	FALSE	NA	NA	NA	NA	NA	NA
NC_045512.2	12648	T	G	1982	493	38	1	0	34	0.000504286	1983	0.750189	FALSE	NA	NA	NA	NA	NA	NA
NC_045512.2	12656	T	G	2059	552	38	1	0	34	0.000485437	2060	0.875182	FALSE	NA	NA	NA	NA	NA	NA
NC_045512.2	12662	G	A	1988	550	38	6	6	34	0.00300903	1994	0.0624176	FALSE	NA	NA	NA	NA	NA	NA
NC_045512.2	12673	T	C	1733	608	37	1	1	26	0.000576701	1734	0.999996	FALSE	NA	NA	NA	NA	NA	NA
NC_045512.2	12674	G	A	1751	610	36	1	0	34	0.000570776	1752	0.750214	FALSE	NA	NA	NA	NA	NA	NA
NC_045512.2	12684	A	G	1800	748	37	2	1	30	0.00110988	1802	0.500208	FALSE	NA	NA	NA	NA	NA	NA
NC_045512.2	12699	G	T	2046	882	36	4	4	34	0.00195122	2050	0.343864	FALSE	NA	NA	NA	NA	NA	NA
NC_045512.2	12707	G	A	2104	895	36	1	0	34	0.000475059	2105	0.875178	FALSE	NA	NA	NA	NA	NA	NA
NC_045512.2	12717	A	G	1975	906	36	1	1	34	0.000506073	1976	0.75019	FALSE	NA	NA	NA	NA	NA	NA
NC_045512.2	12726	G	A	2092	1047	37	1	0	34	0.000477783	2093	0.875179	FALSE	NA	NA	NA	NA	NA	NA
NC_045512.2	12736	T	C	2169	1098	37	1	0	34	0.000460829	2170	0.875173	FALSE	NA	NA	NA	NA	NA	NA
NC_045512.2	12739	T	C	2093	1105	37	1	1	34	0.000477555	2094	0.875179	FALSE	NA	NA	NA	NA	NA	NA
NC_045512.2	12741	C	G	2082	1125	37	1	0	34	0.000480077	2083	0.87518	FALSE	NA	NA	NA	NA	NA	NA
NC_045512.2	12780	A	G	2282	1487	39	1	1	34	0.00043802	2283	0.875164	FALSE	NA	NA	NA	NA	NA	NA
NC_045512.2	12785	A	C	2358	1629	40	1	1	34	0.000423908	2359	0.875159	FALSE	NA	NA	NA	NA	NA	NA
NC_045512.2	12789	C	T	2280	1611	39	1	1	34	0.000438404	2281	0.875164	FALSE	NA	NA	NA	NA	NA	NA
NC_045512.2	12796	A	G	2616	2093	40	2	1	34	0.000763942	2618	0.687715	FALSE	NA	NA	NA	NA	NA	NA
NC_045512.2	12801	G	T	2667	2172	39	1	0	34	0.000374813	2668	0.875141	FALSE	NA	NA	NA	NA	NA	NA
NC_045512.2	12803	T	C	2341	1874	37	1	1	68	0.000426985	2342	0.500107	FALSE	NA	NA	NA	NA	NA	NA
NC_045512.2	12807	T	C	2927	2552	40	2	2	34	0.000682827	2929	0.687692	FALSE	NA	NA	NA	NA	NA	NA
NC_045512.2	12814	A	G	2893	2570	40	1	0	68	0.000345543	2894	0.500086	FALSE	NA	NA	NA	NA	NA	NA
NC_045512.2	12829	A	T	2673	2394	40	1	1	34	0.000373972	2674	0.87514	FALSE	NA	NA	NA	NA	NA	NA
NC_045512.2	12832	G	A	2661	2409	39	1	1	34	0.000375657	2662	0.875141	FALSE	NA	NA	NA	NA	NA	NA
NC_045512.2	12840	A	G	2509	2310	38	1	1	34	0.000398089	2512	0.875	FALSE	NA	NA	NA	NA	NA	NA
NC_045512.2	12840	A	C	2509	2310	38	2	2	34	0.000796178	2512	0.687575	FALSE	NA	NA	NA	NA	NA	NA
NC_045512.2	12847	T	C	2443	2286	37	1	1	34	0.000409165	2444	0.875153	FALSE	NA	NA	NA	NA	NA	NA
NC_045512.2	12863	G	T	1952	1838	36	1	1	34	0.000512033	1953	0.750192	FALSE	NA	NA	NA	NA	NA	NA
NC_045512.2	12870	C	A	1866	1771	36	1	1	68	0.000535619	1867	0.500134	FALSE	NA	NA	NA	NA	NA	NA
NC_045512.2	12877	T	C	1704	1646	35	1	1	34	0.00058651	1705	0.75022	FALSE	NA	NA	NA	NA	NA	NA
NC_045512.2	12880	C	T	0	0	0	1713	1664	35	1	1713	0	TRUE	NA	NA	NA	NA	NA	NA
NC_045512.2	12891	T	A	914	896	34	1	1	34	0.0010929	915	0.500273	FALSE	NA	NA	NA	NA	NA	NA
NC_045512.2	13157	T	G	6669	302	34	3	0	34	0.000449506	6674	0.910193	FALSE	NA	NA	NA	NA	NA	NA
NC_045512.2	13157	T	C	6669	302	34	2	0	34	0.00029967	6674	0.964852	FALSE	NA	NA	NA	NA	NA	NA
NC_045512.2	13158	T	C	7880	326	34	2	0	34	0.000253743	7882	0.980504	FALSE	NA	NA	NA	NA	NA	NA
NC_045512.2	13160	T	G	9356	343	34	1	0	34	0.000106872	9357	0.999026	FALSE	NA	NA	NA	NA	NA	NA
NC_045512.2	13161	G	A	10590	366	34	1	0	34	9.44198e-05	10591	0.999513	FALSE	NA	NA	NA	NA	NA	NA
NC_045512.2	13162	T	C	10623	395	34	4	0	34	0.0003764	10627	0.971365	FALSE	NA	NA	NA	NA	NA	NA
NC_045512.2	13163	A	G	10614	398	34	1	0	34	9.42063e-05	10615	0.999513	FALSE	NA	NA	NA	NA	NA	NA
NC_045512.2	13165	A	G	10743	402	34	2	0	34	0.000186133	10745	0.996834	FALSE	NA	NA	NA	NA	NA	NA
NC_045512.2	13167	A	G	10967	433	34	1	0	34	9.11743e-05	10968	0.999513	FALSE	NA	NA	NA	NA	NA	NA
NC_045512.2	13171	T	C	15591	664	35	4	0	34	0.000256492	15595	0.997794	FALSE	NA	NA	NA	NA	NA	NA
NC_045512.2	13172	G	T	16094	681	35	1	0	26	6.21272e-05	16096	1	FALSE	NA	NA	NA	NA	NA	NA
NC_045512.2	13172	G	A	16094	681	35	1	0	34	6.21272e-05	16096	0.999992	FALSE	NA	NA	NA	NA	NA	NA
NC_045512.2	13173	G	A	16640	689	35	2	0	34	0.000120178	16642	0.999928	FALSE	NA	NA	NA	NA	NA	NA
NC_045512.2	13175	A	G	16693	703	35	3	0	34	0.000179684	16696	0.999637	FALSE	NA	NA	NA	NA	NA	NA
NC_045512.2	13176	C	T	16709	706	35	3	0	34	0.000179512	16712	0.999637	FALSE	NA	NA	NA	NA	NA	NA
NC_045512.2	13177	T	C	16691	708	35	2	0	34	0.000119811	16693	0.999928	FALSE	NA	NA	NA	NA	NA	NA
NC_045512.2	13178	G	C	17115	706	35	1	0	34	5.84215e-05	17117	0.999996	FALSE	NA	NA	NA	NA	NA	NA
NC_045512.2	13178	G	A	17115	706	35	1	0	34	5.84215e-05	17117	0.999996	FALSE	NA	NA	NA	NA	NA	NA
NC_045512.2	13179	G	A	17138	708	35	1	0	34	5.83465e-05	17139	0.999996	FALSE	NA	NA	NA	NA	NA	NA
NC_045512.2	13180	T	G	17140	722	35	1	0	34	5.83328e-05	17143	0.999996	FALSE	NA	NA	NA	NA	NA	NA
NC_045512.2	13180	T	C	17140	722	35	2	0	34	0.000116666	17143	0.999962	FALSE	NA	NA	NA	NA	NA	NA
NC_045512.2	13181	C	T	17146	718	35	1	0	34	5.83192e-05	17147	0.999996	FALSE	NA	NA	NA	NA	NA	NA
NC_045512.2	13184	G	A	17964	757	35	4	0	34	0.000222618	17968	0.999258	FALSE	NA	NA	NA	NA	NA	NA
NC_045512.2	13185	C	T	18127	759	35	2	0	34	0.00011032	18129	0.99998	FALSE	NA	NA	NA	NA	NA	NA
NC_045512.2	13186	A	G	18132	765	35	2	1	29	0.00011029	18134	1	FALSE	NA	NA	NA	NA	NA	NA
NC_045512.2	13187	A	G	18235	793	35	1	0	34	5.48366e-05	18236	0.999998	FALSE	NA	NA	NA	NA	NA	NA
NC_045512.2	13188	T	-A	18154	790	35	1	0	20	5.50843e-05	18154	1	FALSE	NA	NA	NA	NA	NA	NA
NC_045512.2	13191	C	G	19528	828	35	1	0	34	5.12059e-05	19529	0.999999	FALSE	NA	NA	NA	NA	NA	NA
NC_045512.2	13192	A	G	19523	827	35	4	0	34	0.000204834	19528	0.999757	FALSE	NA	NA	NA	NA	NA	NA
NC_045512.2	13192	A	C	19523	827	35	1	0	34	5.12085e-05	19528	0.999999	FALSE	NA	NA	NA	NA	NA	NA
NC_045512.2	13194	T	C	19904	844	35	4	0	32	0.000200924	19908	0.999757	FALSE	NA	NA	NA	NA	NA	NA
NC_045512.2	13195	T	C	19910	850	35	5	1	32	0.000251067	19915	0.999231	FALSE	NA	NA	NA	NA	NA	NA
NC_045512.2	13196	A	G	19869	851	35	1	0	34	5.03271e-05	19870	0.999999	FALSE	NA	NA	NA	NA	NA	NA
NC_045512.2	13197	C	T	20057	854	35	7	0	34	0.000348866	20065	0.997046	FALSE	NA	NA	NA	NA	NA	NA
NC_045512.2	13197	C	G	20057	854	35	1	0	34	4.9838e-05	20065	1	FALSE	NA	NA	NA	NA	NA	NA
NC_045512.2	13200	C	T	20184	855	35	3	0	34	0.000148603	20188	0.999967	FALSE	NA	NA	NA	NA	NA	NA
NC_045512.2	13200	C	A	20184	855	35	1	0	34	4.95344e-05	20188	1	FALSE	NA	NA	NA	NA	NA	NA
NC_045512.2	13201	G	A	20200	853	35	3	0	34	0.000148493	20203	0.999967	FALSE	NA	NA	NA	NA	NA	NA
NC_045512.2	13202	G	A	20200	852	35	1	0	34	4.95025e-05	20201	1	FALSE	NA	NA	NA	NA	NA	NA
NC_045512.2	13203	A	G	20245	857	35	1	0	34	4.93925e-05	20246	1	FALSE	NA	NA	NA	NA	NA	NA
NC_045512.2	13204	A	G	21084	860	35	2	0	30	9.48497e-05	21086	0.999997	FALSE	NA	NA	NA	NA	NA	NA
NC_045512.2	13205	G	T	21148	860	35	1	0	34	4.72836e-05	21149	1	FALSE	NA	NA	NA	NA	NA	NA
NC_045512.2	13206	C	T	21227	929	35	3	0	34	0.000141309	21230	0.999982	FALSE	NA	NA	NA	NA	NA	NA
NC_045512.2	13209	A	G	21255	943	35	1	0	34	4.70433e-05	21257	1	FALSE	NA	NA	NA	NA	NA	NA
NC_045512.2	13209	A	C	21255	943	35	1	0	34	4.70433e-05	21257	1	FALSE	NA	NA	NA	NA	NA	NA
NC_045512.2	13210	T	C	21244	917	35	1	0	34	4.70699e-05	21245	1	FALSE	NA	NA	NA	NA	NA	NA
NC_045512.2	13211	A	G	20891	989	35	6	0	34	0.000287123	20897	0.998757	FALSE	NA	NA	NA	NA	NA	NA
NC_045512.2	13212	T	C	21199	1018	35	1	0	34	4.71698e-05	21200	1	FALSE	NA	NA	NA	NA	NA	NA
NC_045512.2	13212	T	-G	21199	1018	35	1	0	20	4.71698e-05	21200	1	FALSE	NA	NA	NA	NA	NA	NA
NC_045512.2	13213	G	A	21317	1016	35	1	0	34	4.69087e-05	21318	1	FALSE	NA	NA	NA	NA	NA	NA
NC_045512.2	13214	G	A	21438	1035	35	4	0	34	0.00018655	21442	0.999922	FALSE	NA	NA	NA	NA	NA	NA
NC_045512.2	13215	A	T	21470	1043	35	1	0	34	4.65744e-05	21471	1	FALSE	NA	NA	NA	NA	NA	NA
NC_045512.2	13217	C	T	21572	1180	36	1	0	24	4.63542e-05	21573	1	FALSE	NA	NA	NA	NA	NA	NA
NC_045512.2	13219	A	G	21497	1198	36	2	0	34	9.30276e-05	21499	0.999997	FALSE	NA	NA	NA	NA	NA	NA
NC_045512.2	13220	G	T	21595	1201	36	1	0	34	4.63027e-05	21597	1	FALSE	NA	NA	NA	NA	NA	NA
NC_045512.2	13220	G	A	21595	1201	36	1	0	34	4.63027e-05	21597	1	FALSE	NA	NA	NA	NA	NA	NA
NC_045512.2	13221	A	T	20315	1262	35	1	0	34	4.92126e-05	20320	1	FALSE	NA	NA	NA	NA	NA	NA
NC_045512.2	13221	A	G	20315	1262	35	4	0	34	0.00019685	20320	0.999862	FALSE	NA	NA	NA	NA	NA	NA
NC_045512.2	13222	A	G	21640	1321	36	1	0	68	4.62065e-05	21642	0.5	FALSE	NA	NA	NA	NA	NA	NA
NC_045512.2	13222	A	C	21640	1321	36	1	0	34	4.62065e-05	21642	1	FALSE	NA	NA	NA	NA	NA	NA
NC_045512.2	13223	T	C	21775	1312	36	2	0	34	9.184e-05	21777	0.999997	FALSE	NA	NA	NA	NA	NA	NA
NC_045512.2	13226	T	C	21886	1347	36	2	0	30	9.13743e-05	21888	0.999997	FALSE	NA	NA	NA	NA	NA	NA
NC_045512.2	13227	T	C	21811	1343	36	1	0	34	4.58463e-05	21812	1	FALSE	NA	NA	NA	NA	NA	NA
NC_045512.2	13228	T	C	22030	1363	36	4	4	34	0.000181538	22034	0.999956	FALSE	NA	NA	NA	NA	NA	NA
NC_045512.2	13229	G	C	22097	1364	36	1	0	34	4.5253e-05	22098	1	FALSE	NA	NA	NA	NA	NA	NA
NC_045512.2	13232	G	T	22459	1492	37	2	0	34	8.90155e-05	22468	0.999999	FALSE	NA	NA	NA	NA	NA	NA
NC_045512.2	13232	G	A	22459	1492	37	7	3	53	0.000311554	22468	0.00780763	TRUE	NA	NA	NA	NA	NA	NA
NC_045512.2	13234	T	A	21114	1594	37	2	0	30	9.47149e-05	21116	0.999997	FALSE	NA	NA	NA	NA	NA	NA
NC_045512.2	13235	G	C	21322	1612	37	1	0	34	4.68911e-05	21326	1	FALSE	NA	NA	NA	NA	NA	NA
NC_045512.2	13235	G	A	21322	1612	37	3	0	34	0.000140673	21326	0.999982	FALSE	NA	NA	NA	NA	NA	NA
NC_045512.2	13236	C	T	20739	1651	37	2	0	34	9.64274e-05	20741	0.999995	FALSE	NA	NA	NA	NA	NA	NA
NC_045512.2	13237	A	T	21074	1664	37	1	0	34	4.74473e-05	21076	1	FALSE	NA	NA	NA	NA	NA	NA
NC_045512.2	13237	A	G	21074	1664	37	1	0	34	4.74473e-05	21076	1	FALSE	NA	NA	NA	NA	NA	NA
NC_045512.2	13238	T	G	21217	1664	37	1	0	34	4.71254e-05	21220	1	FALSE	NA	NA	NA	NA	NA	NA
NC_045512.2	13238	T	C	21217	1664	37	1	0	34	4.71254e-05	21220	1	FALSE	NA	NA	NA	NA	NA	NA
NC_045512.2	13238	T	A	21217	1664	37	1	1	27	4.71254e-05	21220	1	FALSE	NA	NA	NA	NA	NA	NA
NC_045512.2	13239	C	T	20329	1720	37	2	0	34	9.83719e-05	20331	0.999995	FALSE	NA	NA	NA	NA	NA	NA
NC_045512.2	13240	G	C	20811	1728	37	2	0	26	9.60892e-05	20814	1	FALSE	NA	NA	NA	NA	NA	NA
NC_045512.2	13240	G	A	20811	1728	37	1	0	34	4.80446e-05	20814	1	FALSE	NA	NA	NA	NA	NA	NA
NC_045512.2	13241	T	G	20523	1836	37	1	0	34	4.87211e-05	20525	1	FALSE	NA	NA	NA	NA	NA	NA
NC_045512.2	13241	T	C	20523	1836	37	1	0	34	4.87211e-05	20525	1	FALSE	NA	NA	NA	NA	NA	NA
NC_045512.2	13242	G	A	20713	1841	37	4	0	34	0.000193078	20717	0.999862	FALSE	NA	NA	NA	NA	NA	NA
NC_045512.2	13244	T	C	21335	2070	37	3	0	34	0.000140594	21338	0.999982	FALSE	NA	NA	NA	NA	NA	NA
NC_045512.2	13246	T	G	21324	2038	37	1	0	34	4.68889e-05	21327	1	FALSE	NA	NA	NA	NA	NA	NA
NC_045512.2	13246	T	C	21324	2038	37	2	0	34	9.37778e-05	21327	0.999997	FALSE	NA	NA	NA	NA	NA	NA
NC_045512.2	13247	C	T	20238	2190	37	1	0	34	4.94096e-05	20239	1	FALSE	NA	NA	NA	NA	NA	NA
NC_045512.2	13248	T	C	20204	2175	37	6	1	34	0.000296883	20210	0.998757	FALSE	NA	NA	NA	NA	NA	NA
NC_045512.2	13249	G	A	20657	2133	37	1	0	34	4.84074e-05	20658	1	FALSE	NA	NA	NA	NA	NA	NA
NC_045512.2	13250	T	C	20628	2210	37	8	1	34	0.000387672	20636	0.993746	FALSE	NA	NA	NA	NA	NA	NA
NC_045512.2	13251	A	G	20671	2225	37	1	0	34	4.83746e-05	20672	1	FALSE	NA	NA	NA	NA	NA	NA
NC_045512.2	13252	C	T	20274	2277	37	3	0	34	0.000147951	20277	0.999967	FALSE	NA	NA	NA	NA	NA	NA
NC_045512.2	13253	T	C	20039	2106	37	6	1	34	0.000299327	20045	0.998757	FALSE	NA	NA	NA	NA	NA	NA
NC_045512.2	13254	G	A	20160	2090	37	1	1	68	4.96007e-05	20161	0.500012	FALSE	NA	NA	NA	NA	NA	NA
NC_045512.2	13255	C	T	20129	2088	37	8	0	34	0.000397259	20138	0.993744	FALSE	NA	NA	NA	NA	NA	NA
NC_045512.2	13255	C	G	20129	2088	37	1	0	46	4.96574e-05	20138	0.874944	FALSE	NA	NA	NA	NA	NA	NA
NC_045512.2	13256	C	T	19533	2117	37	1	0	34	5.11928e-05	19534	0.999999	FALSE	NA	NA	NA	NA	NA	NA
NC_045512.2	13257	G	T	19537	2115	37	1	0	34	5.11797e-05	19539	0.999999	FALSE	NA	NA	NA	NA	NA	NA
NC_045512.2	13257	G	A	19537	2115	37	1	0	34	5.11797e-05	19539	0.999999	FALSE	NA	NA	NA	NA	NA	NA
NC_045512.2	13259	T	C	18597	2238	37	4	1	31	0.000215031	18602	0.999574	FALSE	NA	NA	NA	NA	NA	NA
NC_045512.2	13259	T	A	18597	2238	37	1	0	26	5.37577e-05	18602	1	FALSE	NA	NA	NA	NA	NA	NA
NC_045512.2	13261	C	T	16630	2424	36	1	0	34	6.01287e-05	16631	0.999992	FALSE	NA	NA	NA	NA	NA	NA
NC_045512.2	13262	C	T	16811	2434	36	2	1	34	0.000118948	16814	0.999928	FALSE	NA	NA	NA	NA	NA	NA
NC_045512.2	13262	C	G	16811	2434	36	1	0	34	5.94742e-05	16814	0.999992	FALSE	NA	NA	NA	NA	NA	NA
NC_045512.2	13263	A	G	16963	2374	36	1	0	34	5.89484e-05	16964	0.999992	FALSE	NA	NA	NA	NA	NA	NA
NC_045512.2	13265	A	G	16948	2421	36	1	0	34	5.90005e-05	16949	0.999992	FALSE	NA	NA	NA	NA	NA	NA
NC_045512.2	13267	A	G	16688	2498	36	4	0	34	0.000239636	16692	0.998716	FALSE	NA	NA	NA	NA	NA	NA
NC_045512.2	13268	G	C	16781	2498	36	1	0	34	5.95877e-05	16782	0.999992	FALSE	NA	NA	NA	NA	NA	NA
NC_045512.2	13269	A	G	13420	2840	36	1	0	34	7.45101e-05	13421	0.999939	FALSE	NA	NA	NA	NA	NA	NA
NC_045512.2	13270	T	C	13349	2750	36	5	1	34	0.00037442	13354	0.984592	FALSE	NA	NA	NA	NA	NA	NA
NC_045512.2	13271	C	T	13036	2792	36	1	1	34	7.67048e-05	13037	0.999939	FALSE	NA	NA	NA	NA	NA	NA
NC_045512.2	13272	A	G	13017	2745	36	1	0	26	7.68167e-05	13018	1	FALSE	NA	NA	NA	NA	NA	NA
NC_045512.2	13276	A	T	12265	2807	36	1	1	34	8.15195e-05	12267	0.999878	FALSE	NA	NA	NA	NA	NA	NA
NC_045512.2	13276	A	G	12265	2807	36	1	1	34	8.15195e-05	12267	0.999878	FALSE	NA	NA	NA	NA	NA	NA
NC_045512.2	13277	A	T	12657	3304	36	1	0	26	7.90014e-05	12658	1	FALSE	NA	NA	NA	NA	NA	NA
NC_045512.2	13278	A	G	12811	3433	36	1	0	34	7.80518e-05	12812	0.999878	FALSE	NA	NA	NA	NA	NA	NA
NC_045512.2	13279	T	C	12680	3673	36	1	0	34	7.88581e-05	12681	0.999878	FALSE	NA	NA	NA	NA	NA	NA
NC_045512.2	13282	T	C	12780	3772	36	2	0	34	0.00015647	12782	0.999087	FALSE	NA	NA	NA	NA	NA	NA
NC_045512.2	13282	T	-A	12780	3772	36	1	0	20	7.8235e-05	12782	1	FALSE	NA	NA	NA	NA	NA	NA
NC_045512.2	13283	A	G	12816	3818	36	2	1	34	0.000156031	12818	0.999087	FALSE	NA	NA	NA	NA	NA	NA
NC_045512.2	13284	A	T	12151	3872	36	1	0	34	8.22774e-05	12154	0.999878	FALSE	NA	NA	NA	NA	NA	NA
NC_045512.2	13284	A	G	12151	3872	36	2	0	34	0.000164555	12154	0.999087	FALSE	NA	NA	NA	NA	NA	NA
NC_045512.2	13287	G	A	12145	3996	36	1	1	34	8.23316e-05	12146	0.999878	FALSE	NA	NA	NA	NA	NA	NA
NC_045512.2	13288	A	G	11814	3956	36	1	0	34	8.46382e-05	11815	0.999757	FALSE	NA	NA	NA	NA	NA	NA
NC_045512.2	13289	T	C	12055	3997	36	1	0	34	8.29463e-05	12056	0.999878	FALSE	NA	NA	NA	NA	NA	NA
NC_045512.2	13290	T	C	11971	3903	36	1	0	34	8.35282e-05	11972	0.999757	FALSE	NA	NA	NA	NA	NA	NA
NC_045512.2	13291	T	C	12134	4059	36	1	1	34	8.24063e-05	12135	0.999878	FALSE	NA	NA	NA	NA	NA	NA
NC_045512.2	13292	T	C	10988	4054	35	2	0	34	0.000181984	10990	0.996834	FALSE	NA	NA	NA	NA	NA	NA
NC_045512.2	13294	T	C	10788	4267	36	1	0	34	9.2687e-05	10789	0.999513	FALSE	NA	NA	NA	NA	NA	NA
NC_045512.2	13296	A	G	10777	4313	36	1	1	34	9.27816e-05	10778	0.999513	FALSE	NA	NA	NA	NA	NA	NA
NC_045512.2	13299	T	C	11257	4689	36	3	0	34	0.00026643	11260	0.993547	FALSE	NA	NA	NA	NA	NA	NA
NC_045512.2	13304	G	A	11468	4711	36	1	1	34	8.71916e-05	11469	0.999757	FALSE	NA	NA	NA	NA	NA	NA
NC_045512.2	13306	T	C	11186	5363	36	3	0	34	0.00026812	11189	0.993547	FALSE	NA	NA	NA	NA	NA	NA
NC_045512.2	13307	A	T	11191	5412	36	1	1	34	8.93495e-05	11192	0.999757	FALSE	NA	NA	NA	NA	NA	NA
NC_045512.2	13308	A	G	11356	5425	36	1	0	34	8.80514e-05	11357	0.999757	FALSE	NA	NA	NA	NA	NA	NA
NC_045512.2	13309	G	A	11657	5424	36	2	0	34	0.000171541	11659	0.998296	FALSE	NA	NA	NA	NA	NA	NA
NC_045512.2	13310	T	C	11540	5366	36	1	0	34	8.66476e-05	11541	0.999757	FALSE	NA	NA	NA	NA	NA	NA
NC_045512.2	13311	A	G	11601	5492	36	1	1	34	8.6192e-05	11602	0.999757	FALSE	NA	NA	NA	NA	NA	NA
NC_045512.2	13314	T	C	11983	5545	36	2	0	34	0.000166875	11985	0.998296	FALSE	NA	NA	NA	NA	NA	NA
NC_045512.2	13315	A	G	11952	5596	36	1	0	34	8.3661e-05	11953	0.999757	FALSE	NA	NA	NA	NA	NA	NA
NC_045512.2	13317	A	G	11840	5436	36	1	0	34	8.44523e-05	11841	0.999757	FALSE	NA	NA	NA	NA	NA	NA
NC_045512.2	13319	A	G	11731	5515	36	1	0	68	8.5237e-05	11732	0.500021	FALSE	NA	NA	NA	NA	NA	NA
NC_045512.2	13322	C	T	12528	6030	36	1	1	34	7.98148e-05	12529	0.999878	FALSE	NA	NA	NA	NA	NA	NA
NC_045512.2	13324	T	C	12452	6185	36	3	3	34	0.000240828	12457	0.996314	FALSE	NA	NA	NA	NA	NA	NA
NC_045512.2	13324	T	A	12452	6185	36	2	2	34	0.000160552	12457	0.999086	FALSE	NA	NA	NA	NA	NA	NA
NC_045512.2	13325	A	G	12464	6189	36	2	2	30	0.000160436	12466	0.999087	FALSE	NA	NA	NA	NA	NA	NA
NC_045512.2	13330	T	G	12017	6097	36	1	0	34	8.32016e-05	12019	0.999878	FALSE	NA	NA	NA	NA	NA	NA
NC_045512.2	13330	T	C	12017	6097	36	1	0	68	8.32016e-05	12019	0.5	FALSE	NA	NA	NA	NA	NA	NA
NC_045512.2	13331	T	C	11998	6171	36	2	1	34	0.000166653	12001	0.999087	FALSE	NA	NA	NA	NA	NA	NA
NC_045512.2	13331	T	A	11998	6171	36	1	1	34	8.33264e-05	12001	0.999878	FALSE	NA	NA	NA	NA	NA	NA
NC_045512.2	13335	C	T	1	1	34	12139	5946	36	0.999918	12140	0	TRUE	NA	NA	NA	NA	NA	NA
NC_045512.2	13336	T	C	12392	6324	36	2	0	34	0.000161368	12394	0.999087	FALSE	NA	NA	NA	NA	NA	NA
NC_045512.2	13339	T	C	12413	6640	36	1	0	34	8.05542e-05	12414	0.999878	FALSE	NA	NA	NA	NA	NA	NA
NC_045512.2	13340	G	T	12564	6844	36	1	1	34	7.95798e-05	12566	0.999878	FALSE	NA	NA	NA	NA	NA	NA
NC_045512.2	13340	G	A	12564	6844	36	1	1	34	7.95798e-05	12566	0.999878	FALSE	NA	NA	NA	NA	NA	NA
NC_045512.2	13341	A	G	12038	6761	36	5	0	34	0.000415179	12043	0.975528	FALSE	NA	NA	NA	NA	NA	NA
NC_045512.2	13342	C	T	12247	6802	36	2	2	34	0.000163279	12249	0.999087	FALSE	NA	NA	NA	NA	NA	NA
NC_045512.2	13343	C	G	12139	6715	36	1	1	26	8.23655e-05	12141	1	FALSE	NA	NA	NA	NA	NA	NA
NC_045512.2	13343	C	A	12139	6715	36	1	1	34	8.23655e-05	12141	0.999878	FALSE	NA	NA	NA	NA	NA	NA
NC_045512.2	13344	C	G	11398	6812	36	2	1	30	0.000175439	11400	0.998296	FALSE	NA	NA	NA	NA	NA	NA
NC_045512.2	13345	T	C	11108	6499	36	1	1	34	8.99928e-05	11112	0.999756	FALSE	NA	NA	NA	NA	NA	NA
NC_045512.2	13345	T	A	11108	6499	36	3	3	34	0.000269978	11112	0.993544	FALSE	NA	NA	NA	NA	NA	NA
NC_045512.2	13348	G	A	11391	6718	36	1	1	34	8.77809e-05	11392	0.999757	FALSE	NA	NA	NA	NA	NA	NA
NC_045512.2	13351	T	A	11115	6745	36	1	0	34	8.99604e-05	11116	0.999757	FALSE	NA	NA	NA	NA	NA	NA
NC_045512.2	13352	T	G	10945	6576	35	1	0	34	9.13576e-05	10946	0.999513	FALSE	NA	NA	NA	NA	NA	NA
NC_045512.2	13354	T	C	11295	6961	36	1	0	34	8.85269e-05	11296	0.999757	FALSE	NA	NA	NA	NA	NA	NA
NC_045512.2	13355	A	T	11108	6952	35	1	0	34	9.0009e-05	11110	0.999757	FALSE	NA	NA	NA	NA	NA	NA
NC_045512.2	13355	A	G	11108	6952	35	1	0	34	9.0009e-05	11110	0.999757	FALSE	NA	NA	NA	NA	NA	NA
NC_045512.2	13356	C	T	11161	6971	36	1	1	34	8.95897e-05	11162	0.999757	FALSE	NA	NA	NA	NA	NA	NA
NC_045512.2	13359	T	C	11001	6868	35	1	0	34	9.08926e-05	11002	0.999757	FALSE	NA	NA	NA	NA	NA	NA
NC_045512.2	13364	A	G	10629	6945	35	1	1	26	9.40734e-05	10630	1	FALSE	NA	NA	NA	NA	NA	NA
NC_045512.2	13365	A	G	10627	6952	35	1	1	34	9.40911e-05	10628	0.999513	FALSE	NA	NA	NA	NA	NA	NA
NC_045512.2	13369	A	G	10679	6684	35	4	1	34	0.000374427	10683	0.971365	FALSE	NA	NA	NA	NA	NA	NA
NC_045512.2	13371	T	C	11333	6969	35	7	4	43	0.00061723	11341	0.0351321	FALSE	NA	NA	NA	NA	NA	NA
NC_045512.2	13371	T	A	11333	6969	35	1	1	34	8.81756e-05	11341	0.999756	FALSE	NA	NA	NA	NA	NA	NA
NC_045512.2	13374	G	A	11186	6871	35	1	0	34	8.93895e-05	11187	0.999757	FALSE	NA	NA	NA	NA	NA	NA
NC_045512.2	13376	A	G	11258	6927	35	1	1	68	8.88178e-05	11259	0.500022	FALSE	NA	NA	NA	NA	NA	NA
NC_045512.2	13379	G	A	11596	7291	35	1	1	34	8.62292e-05	11597	0.999757	FALSE	NA	NA	NA	NA	NA	NA
NC_045512.2	13380	T	C	11242	7018	35	1	0	68	8.89442e-05	11243	0.500022	FALSE	NA	NA	NA	NA	NA	NA
NC_045512.2	13382	T	G	11147	6951	35	1	0	34	8.97022e-05	11148	0.999757	FALSE	NA	NA	NA	NA	NA	NA
NC_045512.2	13384	C	T	11195	7012	35	10	7	34	0.000892459	11205	0.668338	FALSE	NA	NA	NA	NA	NA	NA
NC_045512.2	13386	G	A	11968	7727	36	1	1	34	8.35492e-05	11969	0.999757	FALSE	NA	NA	NA	NA	NA	NA
NC_045512.2	13388	A	G	13014	9034	36	1	1	34	7.68344e-05	13015	0.999939	FALSE	NA	NA	NA	NA	NA	NA
NC_045512.2	13389	T	C	13241	9169	36	1	1	34	7.55173e-05	13242	0.999939	FALSE	NA	NA	NA	NA	NA	NA
NC_045512.2	13391	T	C	13471	9318	36	4	2	42	0.000296846	13475	0.1875	FALSE	NA	NA	NA	NA	NA	NA
NC_045512.2	13392	G	+T	13377	9214	36	1	0	20	7.47552e-05	13377	1	FALSE	NA	NA	NA	NA	NA	NA
NC_045512.2	13393	G	A	13543	9413	36	1	0	34	7.38334e-05	13544	0.999939	FALSE	NA	NA	NA	NA	NA	NA
NC_045512.2	13394	A	G	13520	9396	36	1	1	34	7.3959e-05	13521	0.999939	FALSE	NA	NA	NA	NA	NA	NA
NC_045512.2	13395	A	G	13474	9360	36	1	1	34	7.42115e-05	13475	0.999939	FALSE	NA	NA	NA	NA	NA	NA
NC_045512.2	13397	G	T	13694	9299	36	1	1	34	7.30194e-05	13695	0.999939	FALSE	NA	NA	NA	NA	NA	NA
NC_045512.2	13398	G	-T	13631	9383	36	1	0	20	7.33622e-05	13631	1	FALSE	NA	NA	NA	NA	NA	NA
NC_045512.2	13400	T	C	13006	8759	36	6	5	34	0.000461077	13013	0.968264	FALSE	NA	NA	NA	NA	NA	NA
NC_045512.2	13400	T	A	13006	8759	36	1	1	26	7.68462e-05	13013	1	FALSE	NA	NA	NA	NA	NA	NA
NC_045512.2	13401	A	T	20703	17376	38	1	1	34	4.82998e-05	20704	1	FALSE	NA	NA	NA	NA	NA	NA
NC_045512.2	13402	T	C	20716	17375	38	1	1	34	4.82695e-05	20717	1	FALSE	NA	NA	NA	NA	NA	NA
NC_045512.2	13403	G	A	20864	17517	38	1	0	34	4.79272e-05	20865	1	FALSE	NA	NA	NA	NA	NA	NA
NC_045512.2	13406	T	C	19867	16810	38	3	3	34	0.000150981	19870	0.99994	FALSE	NA	NA	NA	NA	NA	NA
NC_045512.2	13408	T	A	20057	17000	38	1	1	26	4.98554e-05	20058	1	FALSE	NA	NA	NA	NA	NA	NA
NC_045512.2	13409	A	G	20081	17027	38	4	3	59	0.000199134	20087	0.0624844	FALSE	NA	NA	NA	NA	NA	NA
NC_045512.2	13409	A	C	20081	17027	38	2	2	34	9.95669e-05	20087	0.999995	FALSE	NA	NA	NA	NA	NA	NA
NC_045512.2	13412	T	C	21804	19096	38	11	8	35	0.00050424	21815	0.974998	FALSE	NA	NA	NA	NA	NA	NA
NC_045512.2	13413	G	A	21909	19178	38	1	1	34	4.56413e-05	21910	1	FALSE	NA	NA	NA	NA	NA	NA
NC_045512.2	13415	G	A	21603	18996	38	3	2	45	0.00013885	21606	0.5	FALSE	NA	NA	NA	NA	NA	NA
NC_045512.2	13416	A	G	22045	19525	38	6	6	39	0.000272084	22052	0.999546	FALSE	NA	NA	NA	NA	NA	NA
NC_045512.2	13416	A	C	22045	19525	38	1	1	34	4.53474e-05	22052	1	FALSE	NA	NA	NA	NA	NA	NA
NC_045512.2	13417	T	C	22962	20621	38	2	1	40	8.70928e-05	22964	0.687524	FALSE	NA	NA	NA	NA	NA	NA
NC_045512.2	13418	C	T	23050	20730	38	3	3	31	0.000130135	23053	0.999995	FALSE	NA	NA	NA	NA	NA	NA
NC_045512.2	13421	C	T	23931	21991	38	2	2	34	8.35666e-05	23933	0.999999	FALSE	NA	NA	NA	NA	NA	NA
NC_045512.2	13422	T	C	23205	21277	38	9	9	36	0.00038768	23215	0.996509	FALSE	NA	NA	NA	NA	NA	NA
NC_045512.2	13422	T	A	23205	21277	38	1	1	34	4.30756e-05	23215	1	FALSE	NA	NA	NA	NA	NA	NA
NC_045512.2	13423	C	A	23652	21771	38	5	5	34	0.000211354	23657	0.99991	FALSE	NA	NA	NA	NA	NA	NA
NC_045512.2	13425	G	A	23258	21390	39	17	17	34	0.000730397	23275	0.866039	FALSE	NA	NA	NA	NA	NA	NA
NC_045512.2	13426	C	T	23297	21452	38	1	1	34	4.29185e-05	23300	1	FALSE	NA	NA	NA	NA	NA	NA
NC_045512.2	13426	C	G	23297	21452	38	1	1	34	4.29185e-05	23300	1	FALSE	NA	NA	NA	NA	NA	NA
NC_045512.2	13426	C	A	23297	21452	38	1	1	34	4.29185e-05	23300	1	FALSE	NA	NA	NA	NA	NA	NA
NC_045512.2	13427	G	T	23190	21346	38	3	3	34	0.000129349	23193	0.999995	FALSE	NA	NA	NA	NA	NA	NA
NC_045512.2	13428	A	G	23168	21326	38	4	4	34	0.000172622	23172	0.999976	FALSE	NA	NA	NA	NA	NA	NA
NC_045512.2	13429	A	T	23129	21309	38	1	1	34	4.3232e-05	23131	1	FALSE	NA	NA	NA	NA	NA	NA
NC_045512.2	13429	A	G	23129	21309	38	1	1	34	4.3232e-05	23131	1	FALSE	NA	NA	NA	NA	NA	NA
NC_045512.2	13429	A	-C	23129	21309	38	1	0	20	4.3232e-05	23131	1	FALSE	NA	NA	NA	NA	NA	NA
NC_045512.2	13431	C	T	23135	21315	38	1	1	34	4.32227e-05	23136	1	FALSE	NA	NA	NA	NA	NA	NA
NC_045512.2	13432	C	T	22940	21213	38	1	1	68	4.35863e-05	22943	0.499989	FALSE	NA	NA	NA	NA	NA	NA
NC_045512.2	13432	C	G	22940	21213	38	1	1	34	4.35863e-05	22943	1	FALSE	NA	NA	NA	NA	NA	NA
NC_045512.2	13432	C	A	22940	21213	38	1	1	68	4.35863e-05	22943	0.499989	FALSE	NA	NA	NA	NA	NA	NA
NC_045512.2	13433	A	G	22925	21199	38	2	1	51	8.72296e-05	22928	0.249995	FALSE	NA	NA	NA	NA	NA	NA
NC_045512.2	13433	A	C	22925	21199	38	1	1	34	4.36148e-05	22928	1	FALSE	NA	NA	NA	NA	NA	NA
NC_045512.2	13434	T	C	22564	20841	38	1	1	34	4.43125e-05	22567	1	FALSE	NA	NA	NA	NA	NA	NA
NC_045512.2	13434	T	A	22564	20841	38	2	2	30	8.8625e-05	22567	0.999999	FALSE	NA	NA	NA	NA	NA	NA
NC_045512.2	13436	C	T	22830	21280	38	1	1	34	4.38001e-05	22831	1	FALSE	NA	NA	NA	NA	NA	NA
NC_045512.2	13437	T	C	22480	20931	38	2	2	34	8.89601e-05	22482	0.999999	FALSE	NA	NA	NA	NA	NA	NA
NC_045512.2	13438	T	C	22526	20977	38	1	1	34	4.43912e-05	22527	1	FALSE	NA	NA	NA	NA	NA	NA
NC_045512.2	13440	A	G	22257	20713	38	1	1	34	4.49216e-05	22261	1	FALSE	NA	NA	NA	NA	NA	NA
NC_045512.2	13440	A	C	22257	20713	38	3	3	34	0.000134765	22261	0.99999	FALSE	NA	NA	NA	NA	NA	NA
NC_045512.2	13442	T	C	22050	20551	37	1	1	34	4.53494e-05	22051	1	FALSE	NA	NA	NA	NA	NA	NA
NC_045512.2	13443	C	T	22185	20777	37	1	1	34	4.50714e-05	22187	1	FALSE	NA	NA	NA	NA	NA	NA
NC_045512.2	13443	C	G	22185	20777	37	1	1	34	4.50714e-05	22187	1	FALSE	NA	NA	NA	NA	NA	NA
NC_045512.2	13444	A	G	22045	20636	37	1	1	34	4.53597e-05	22046	1	FALSE	NA	NA	NA	NA	NA	NA
NC_045512.2	13445	G	A	22023	20617	37	1	1	34	4.5405e-05	22024	1	FALSE	NA	NA	NA	NA	NA	NA
NC_045512.2	13446	C	T	22015	20646	37	4	4	34	0.00018162	22024	0.999956	FALSE	NA	NA	NA	NA	NA	NA
NC_045512.2	13446	C	A	22015	20646	37	5	5	34	0.000227025	22024	0.999845	FALSE	NA	NA	NA	NA	NA	NA
NC_045512.2	13447	T	C	21830	20461	37	4	4	34	0.000183201	21834	0.999922	FALSE	NA	NA	NA	NA	NA	NA
NC_045512.2	13448	G	A	21886	20518	37	2	2	34	9.13743e-05	21888	0.999997	FALSE	NA	NA	NA	NA	NA	NA
NC_045512.2	13449	A	T	21894	20527	37	1	1	34	4.56642e-05	21899	1	FALSE	NA	NA	NA	NA	NA	NA
NC_045512.2	13449	A	G	21894	20527	37	4	3	49	0.000182657	21899	0.343739	FALSE	NA	NA	NA	NA	NA	NA
NC_045512.2	13450	T	C	21820	20465	37	1	1	34	4.58274e-05	21821	1	FALSE	NA	NA	NA	NA	NA	NA
NC_045512.2	13451	G	T	21740	20444	37	1	1	34	4.59897e-05	21744	1	FALSE	NA	NA	NA	NA	NA	NA
NC_045512.2	13451	G	A	21740	20444	37	3	0	68	0.000137969	21744	0.124991	FALSE	NA	NA	NA	NA	NA	NA
NC_045512.2	13452	C	T	21826	20530	37	1	1	34	4.58127e-05	21828	1	FALSE	NA	NA	NA	NA	NA	NA
NC_045512.2	13452	C	G	21826	20530	37	1	1	34	4.58127e-05	21828	1	FALSE	NA	NA	NA	NA	NA	NA
NC_045512.2	13453	A	G	21608	20309	37	3	3	34	0.000138818	21611	0.999982	FALSE	NA	NA	NA	NA	NA	NA
NC_045512.2	13454	C	T	21730	20436	37	1	0	68	4.60172e-05	21731	0.500012	FALSE	NA	NA	NA	NA	NA	NA
NC_045512.2	13455	A	G	21435	20150	37	26	26	34	0.0012115	21461	0.279978	FALSE	NA	NA	NA	NA	NA	NA
NC_045512.2	13456	A	T	21390	20109	37	1	1	68	4.67443e-05	21393	0.499988	FALSE	NA	NA	NA	NA	NA	NA
NC_045512.2	13456	A	G	21390	20109	37	2	1	29	9.34885e-05	21393	1	FALSE	NA	NA	NA	NA	NA	NA
NC_045512.2	13457	T	C	21155	19873	37	1	1	34	4.72679e-05	21156	1	FALSE	NA	NA	NA	NA	NA	NA
NC_045512.2	13458	C	T	21354	20137	37	3	3	34	0.000140449	21360	0.999982	FALSE	NA	NA	NA	NA	NA	NA
NC_045512.2	13458	C	A	21354	20137	37	3	3	34	0.000140449	21360	0.999982	FALSE	NA	NA	NA	NA	NA	NA
NC_045512.2	13459	G	A	21367	20148	37	1	1	34	4.6799e-05	21368	1	FALSE	NA	NA	NA	NA	NA	NA
NC_045512.2	13459	G	-T	21367	20148	37	2	0	20	9.35979e-05	21368	1	FALSE	NA	NA	NA	NA	NA	NA
NC_045512.2	13459	G	+T	21367	20148	37	2	0	20	9.35979e-05	21368	1	FALSE	NA	NA	NA	NA	NA	NA
NC_045512.2	13460	T	C	20597	19381	36	2	2	51	9.70921e-05	20599	0.249982	FALSE	NA	NA	NA	NA	NA	NA
NC_045512.2	13461	T	C	21297	20137	37	1	1	34	4.69528e-05	21298	1	FALSE	NA	NA	NA	NA	NA	NA
NC_045512.2	13462	T	G	21128	19971	37	1	1	34	4.73283e-05	21129	1	FALSE	NA	NA	NA	NA	NA	NA
NC_045512.2	13464	T	C	21085	19936	37	1	1	34	4.74248e-05	21086	1	FALSE	NA	NA	NA	NA	NA	NA
NC_045512.2	13466	A	G	21234	20105	37	1	1	34	4.70921e-05	21235	1	FALSE	NA	NA	NA	NA	NA	NA
NC_045512.2	13467	A	G	21231	20117	36	1	1	34	4.70987e-05	21232	1	FALSE	NA	NA	NA	NA	NA	NA
NC_045512.2	13468	C	T	21244	20218	36	7	5	51	0.000329381	21252	0.00780864	TRUE	NA	NA	NA	NA	NA	NA
NC_045512.2	13468	C	A	21244	20218	36	1	1	34	4.70544e-05	21252	1	FALSE	NA	NA	NA	NA	NA	NA
NC_045512.2	13469	G	C	21054	20035	36	2	2	34	9.49848e-05	21056	0.999997	FALSE	NA	NA	NA	NA	NA	NA
NC_045512.2	13471	G	T	21028	20322	36	1	1	34	4.75534e-05	21029	1	FALSE	NA	NA	NA	NA	NA	NA
NC_045512.2	13472	T	A	12760	12056	32	1	1	34	7.83638e-05	12761	0.999878	FALSE	NA	NA	NA	NA	NA	NA
NC_045512.2	13473	T	C	20961	20276	35	2	1	47	9.54062e-05	20963	0.687527	FALSE	NA	NA	NA	NA	NA	NA
NC_045512.2	13475	G	A	20944	20296	35	1	1	34	4.77441e-05	20945	1	FALSE	NA	NA	NA	NA	NA	NA
NC_045512.2	13476	C	T	20898	20252	35	22	22	34	0.00105152	20922	0.438715	FALSE	NA	NA	NA	NA	NA	NA
NC_045512.2	13476	C	A	20898	20252	35	2	2	34	9.55932e-05	20922	0.999994	FALSE	NA	NA	NA	NA	NA	NA
NC_045512.2	13477	G	A	20770	20123	35	1	1	34	4.8144e-05	20771	1	FALSE	NA	NA	NA	NA	NA	NA
NC_045512.2	13478	G	A	20849	20213	35	1	1	34	4.79616e-05	20850	1	FALSE	NA	NA	NA	NA	NA	NA
NC_045512.2	13480	G	A	19574	19018	35	3	3	34	0.000153241	19577	0.99994	FALSE	NA	NA	NA	NA	NA	NA
NC_045512.2	13481	T	C	19560	19008	35	3	3	34	0.000153351	19563	0.99994	FALSE	NA	NA	NA	NA	NA	NA
NC_045512.2	13481	T	-A	19560	19008	35	1	0	20	5.11169e-05	19563	1	FALSE	NA	NA	NA	NA	NA	NA
NC_045512.2	13483	A	G	19505	18959	35	2	2	34	0.000102527	19507	0.99999	FALSE	NA	NA	NA	NA	NA	NA
NC_045512.2	13485	T	C	19233	18702	35	4	4	34	0.000207933	19237	0.999757	FALSE	NA	NA	NA	NA	NA	NA
NC_045512.2	13486	G	C	18466	17952	35	2	1	64	0.000108278	18471	0.249966	FALSE	NA	NA	NA	NA	NA	NA
NC_045512.2	13486	G	A	18466	17952	35	3	3	34	0.000162417	18471	0.99989	FALSE	NA	NA	NA	NA	NA	NA
NC_045512.2	13486	G	+T	18466	17952	35	1	0	20	5.41389e-05	18471	1	FALSE	NA	NA	NA	NA	NA	NA
NC_045512.2	13487	C	T	17337	16859	35	2	2	30	0.000115347	17339	0.999962	FALSE	NA	NA	NA	NA	NA	NA
NC_045512.2	13489	G	T	16785	16345	35	1	1	34	5.95628e-05	16789	0.999992	FALSE	NA	NA	NA	NA	NA	NA
NC_045512.2	13489	G	C	16785	16345	35	2	2	34	0.000119126	16789	0.999928	FALSE	NA	NA	NA	NA	NA	NA
NC_045512.2	13489	G	A	16785	16345	35	1	1	34	5.95628e-05	16789	0.999992	FALSE	NA	NA	NA	NA	NA	NA
NC_045512.2	13491	C	T	16738	16349	35	2	2	34	0.000119474	16740	0.999928	FALSE	NA	NA	NA	NA	NA	NA
NC_045512.2	13493	G	A	16417	16034	35	2	2	34	0.00012181	16419	0.999928	FALSE	NA	NA	NA	NA	NA	NA
NC_045512.2	13494	T	A	14190	13807	33	1	1	34	7.04672e-05	14191	0.99997	FALSE	NA	NA	NA	NA	NA	NA
NC_045512.2	13497	T	C	16201	15823	35	1	1	26	6.17208e-05	16202	1	FALSE	NA	NA	NA	NA	NA	NA
NC_045512.2	13499	C	T	16250	16034	34	1	1	34	6.15347e-05	16251	0.999992	FALSE	NA	NA	NA	NA	NA	NA
NC_045512.2	13501	C	T	16014	15801	34	1	1	34	6.24415e-05	16015	0.999992	FALSE	NA	NA	NA	NA	NA	NA
NC_045512.2	13502	C	A	6542	6433	34	2	2	34	0.000305623	6544	0.964902	FALSE	NA	NA	NA	NA	NA	NA
NC_045512.2	13781	T	C	7776	126	33	2	0	34	0.000257136	7778	0.980505	FALSE	NA	NA	NA	NA	NA	NA
NC_045512.2	13784	C	G	7822	157	34	5	0	34	0.000638814	7827	0.806307	FALSE	NA	NA	NA	NA	NA	NA
NC_045512.2	13786	C	T	8166	161	34	1	0	34	0.000122444	8167	0.998052	FALSE	NA	NA	NA	NA	NA	NA
NC_045512.2	13787	G	T	8242	161	34	1	0	34	0.000121315	8243	0.998052	FALSE	NA	NA	NA	NA	NA	NA
NC_045512.2	13791	A	G	6990	221	31	1	0	26	0.000142939	6996	1	FALSE	NA	NA	NA	NA	NA	NA
NC_045512.2	13791	A	C	6990	221	31	5	0	32	0.000714694	6996	0.725667	FALSE	NA	NA	NA	NA	NA	NA
NC_045512.2	13794	T	C	8823	232	34	3	0	34	0.000339905	8826	0.96734	FALSE	NA	NA	NA	NA	NA	NA
NC_045512.2	13795	C	-T	9017	347	35	1	0	20	0.000110902	9017	1	FALSE	NA	NA	NA	NA	NA	NA
NC_045512.2	13797	T	C	9177	357	35	1	0	34	0.000108956	9178	0.999026	FALSE	NA	NA	NA	NA	NA	NA
NC_045512.2	13805	A	G	9761	414	35	1	0	34	0.000102438	9762	0.999026	FALSE	NA	NA	NA	NA	NA	NA
NC_045512.2	13808	C	T	10016	428	35	1	0	34	9.98303e-05	10017	0.999513	FALSE	NA	NA	NA	NA	NA	NA
NC_045512.2	13812	G	A	10438	467	35	1	0	34	9.57946e-05	10439	0.999513	FALSE	NA	NA	NA	NA	NA	NA
NC_045512.2	13813	G	A	10438	466	35	1	0	34	9.57946e-05	10439	0.999513	FALSE	NA	NA	NA	NA	NA	NA
NC_045512.2	13814	C	T	10442	468	35	2	0	34	0.000191498	10444	0.996835	FALSE	NA	NA	NA	NA	NA	NA
NC_045512.2	13816	G	C	10690	468	35	1	0	34	9.35279e-05	10692	0.999513	FALSE	NA	NA	NA	NA	NA	NA
NC_045512.2	13816	G	A	10690	468	35	1	1	24	9.35279e-05	10692	1	FALSE	NA	NA	NA	NA	NA	NA
NC_045512.2	13817	A	G	10709	477	35	1	0	34	9.33707e-05	10710	0.999513	FALSE	NA	NA	NA	NA	NA	NA
NC_045512.2	13820	T	C	10741	486	35	2	0	34	0.000186168	10743	0.996834	FALSE	NA	NA	NA	NA	NA	NA
NC_045512.2	13821	C	T	11255	491	35	1	0	34	8.88336e-05	11257	0.999757	FALSE	NA	NA	NA	NA	NA	NA
NC_045512.2	13821	C	G	11255	491	35	1	0	26	8.88336e-05	11257	1	FALSE	NA	NA	NA	NA	NA	NA
NC_045512.2	13822	G	T	11273	493	35	2	0	34	0.000177384	11275	0.998296	FALSE	NA	NA	NA	NA	NA	NA
NC_045512.2	13824	C	T	11327	521	35	1	0	34	8.82768e-05	11328	0.999757	FALSE	NA	NA	NA	NA	NA	NA
NC_045512.2	13825	T	C	11295	523	35	2	0	34	0.000177038	11297	0.998296	FALSE	NA	NA	NA	NA	NA	NA
NC_045512.2	13827	T	C	11341	525	35	2	1	29	0.00017632	11343	1	FALSE	NA	NA	NA	NA	NA	NA
NC_045512.2	13829	C	T	11523	562	35	2	0	34	0.000173536	11525	0.998296	FALSE	NA	NA	NA	NA	NA	NA
NC_045512.2	13831	T	C	11679	566	35	1	0	34	8.56164e-05	11680	0.999757	FALSE	NA	NA	NA	NA	NA	NA
NC_045512.2	13834	A	G	11520	626	35	1	0	34	8.6798e-05	11521	0.999757	FALSE	NA	NA	NA	NA	NA	NA
NC_045512.2	13836	G	A	11763	666	36	1	0	34	8.50051e-05	11764	0.999757	FALSE	NA	NA	NA	NA	NA	NA
NC_045512.2	13838	A	T	11723	665	36	1	0	34	8.52733e-05	11727	0.999756	FALSE	NA	NA	NA	NA	NA	NA
NC_045512.2	13838	A	G	11723	665	36	3	1	38	0.00025582	11727	0.993543	FALSE	NA	NA	NA	NA	NA	NA
NC_045512.2	13838	A	-T	11723	665	36	4	0	20	0.000341093	11727	1	FALSE	NA	NA	NA	NA	NA	NA
NC_045512.2	13839	T	G	11732	696	36	1	0	34	8.52297e-05	11733	0.999756	FALSE	NA	NA	NA	NA	NA	NA
NC_045512.2	13840	T	C	11828	694	36	1	1	24	8.4538e-05	11829	1	FALSE	NA	NA	NA	NA	NA	NA
NC_045512.2	13841	T	G	11836	692	36	1	0	34	8.44809e-05	11837	0.999757	FALSE	NA	NA	NA	NA	NA	NA
NC_045512.2	13842	T	C	11849	696	36	3	0	34	0.000253122	11852	0.993546	FALSE	NA	NA	NA	NA	NA	NA
NC_045512.2	13843	G	A	11872	700	36	2	0	34	0.000168435	11874	0.998296	FALSE	NA	NA	NA	NA	NA	NA
NC_045512.2	13844	A	C	11857	706	36	1	0	34	8.43313e-05	11858	0.999757	FALSE	NA	NA	NA	NA	NA	NA
NC_045512.2	13847	A	G	11827	722	36	3	0	31	0.000253593	11830	0.993546	FALSE	NA	NA	NA	NA	NA	NA
NC_045512.2	13848	A	G	12362	723	36	1	0	34	8.08865e-05	12363	0.999878	FALSE	NA	NA	NA	NA	NA	NA
NC_045512.2	13850	G	C	12366	730	36	1	0	34	8.08604e-05	12367	0.999878	FALSE	NA	NA	NA	NA	NA	NA
NC_045512.2	13851	T	C	12347	744	36	2	0	30	0.000161956	12349	0.999087	FALSE	NA	NA	NA	NA	NA	NA
NC_045512.2	13857	T	C	12844	918	37	2	0	34	0.00015569	12846	0.999087	FALSE	NA	NA	NA	NA	NA	NA
NC_045512.2	13859	A	G	12824	1084	38	1	0	34	7.79727e-05	12825	0.999878	FALSE	NA	NA	NA	NA	NA	NA
NC_045512.2	13860	C	T	12680	1161	38	3	0	56	0.000236537	12683	0.125	FALSE	NA	NA	NA	NA	NA	NA
NC_045512.2	13861	A	G	12389	1169	38	1	0	34	8.07103e-05	12390	0.999878	FALSE	NA	NA	NA	NA	NA	NA
NC_045512.2	13863	A	G	12640	1223	38	2	0	51	0.000158203	12642	0.25001	FALSE	NA	NA	NA	NA	NA	NA
NC_045512.2	13864	T	C	12070	1281	38	1	0	34	8.28432e-05	12071	0.999878	FALSE	NA	NA	NA	NA	NA	NA
NC_045512.2	13865	T	C	12009	1311	38	1	0	34	8.32639e-05	12010	0.999878	FALSE	NA	NA	NA	NA	NA	NA
NC_045512.2	13866	A	G	11962	1318	38	1	0	26	8.35911e-05	11963	1	FALSE	NA	NA	NA	NA	NA	NA
NC_045512.2	13871	A	G	10627	1506	37	2	0	34	0.000188164	10629	0.996835	FALSE	NA	NA	NA	NA	NA	NA
NC_045512.2	13873	A	G	9255	1749	38	1	1	34	0.000108038	9256	0.999026	FALSE	NA	NA	NA	NA	NA	NA
NC_045512.2	13874	T	C	9110	1719	38	1	0	24	0.000109757	9111	1	FALSE	NA	NA	NA	NA	NA	NA
NC_045512.2	13878	T	C	7457	2037	37	1	0	34	0.000134084	7458	0.996103	FALSE	NA	NA	NA	NA	NA	NA
NC_045512.2	13879	G	A	7630	2071	37	3	0	34	0.00039303	7633	0.945393	FALSE	NA	NA	NA	NA	NA	NA
NC_045512.2	13882	A	G	7572	2173	37	1	0	34	0.000132013	7575	0.996099	FALSE	NA	NA	NA	NA	NA	NA
NC_045512.2	13882	A	C	7572	2173	37	2	0	34	0.000264026	7575	0.980497	FALSE	NA	NA	NA	NA	NA	NA
NC_045512.2	13883	C	T	7796	2182	37	1	0	34	0.000128254	7797	0.996103	FALSE	NA	NA	NA	NA	NA	NA
NC_045512.2	13886	A	G	7736	2210	37	2	0	34	0.000258465	7738	0.980505	FALSE	NA	NA	NA	NA	NA	NA
NC_045512.2	13890	T	C	8096	2454	37	1	0	34	0.000123503	8097	0.998052	FALSE	NA	NA	NA	NA	NA	NA
NC_045512.2	13894	T	C	7718	2449	37	1	0	34	0.00012955	7719	0.996103	FALSE	NA	NA	NA	NA	NA	NA
NC_045512.2	13895	G	A	7746	2448	37	1	1	34	0.000129082	7747	0.996103	FALSE	NA	NA	NA	NA	NA	NA
NC_045512.2	13895	G	-TGA	7746	2448	37	1	0	20	0.000129082	7747	1	FALSE	NA	NA	NA	NA	NA	NA
NC_045512.2	13903	G	A	7330	2462	36	4	2	66	0.000545405	7334	0.0624915	FALSE	NA	NA	NA	NA	NA	NA
NC_045512.2	13904	A	G	7116	2460	36	2	1	51	0.000280978	7118	0.250018	FALSE	NA	NA	NA	NA	NA	NA
NC_045512.2	13905	T	A	7161	2461	36	1	0	34	0.000139626	7162	0.996104	FALSE	NA	NA	NA	NA	NA	NA
NC_045512.2	13910	T	C	7516	3174	37	1	0	34	0.000133032	7517	0.996103	FALSE	NA	NA	NA	NA	NA	NA
NC_045512.2	13914	T	C	7400	3348	37	1	1	60	0.000135117	7401	0.500034	FALSE	NA	NA	NA	NA	NA	NA
NC_045512.2	13914	T	-A	7400	3348	37	3	0	20	0.000405351	7401	1	FALSE	NA	NA	NA	NA	NA	NA
NC_045512.2	13914	T	+A	7400	3348	37	1	0	20	0.000135117	7401	1	FALSE	NA	NA	NA	NA	NA	NA
NC_045512.2	13917	A	G	7424	3584	36	2	1	34	0.000269324	7426	0.980507	FALSE	NA	NA	NA	NA	NA	NA
NC_045512.2	13918	A	G	7474	3592	37	1	0	68	0.000133779	7475	0.500033	FALSE	NA	NA	NA	NA	NA	NA
NC_045512.2	13919	A	G	7407	3601	36	3	1	34	0.000404858	7410	0.945396	FALSE	NA	NA	NA	NA	NA	NA
NC_045512.2	13926	G	A	7496	3909	36	1	1	34	0.000133387	7497	0.996103	FALSE	NA	NA	NA	NA	NA	NA
NC_045512.2	13934	T	C	7116	3874	37	1	1	34	0.000140509	7117	0.996104	FALSE	NA	NA	NA	NA	NA	NA
NC_045512.2	13937	T	C	7096	3871	37	2	2	34	0.00028177	7098	0.980508	FALSE	NA	NA	NA	NA	NA	NA
NC_045512.2	13942	A	G	7084	3916	37	1	1	34	0.000141143	7085	0.996104	FALSE	NA	NA	NA	NA	NA	NA
NC_045512.2	13953	A	T	8521	5429	37	1	0	26	0.000117343	8522	1	FALSE	NA	NA	NA	NA	NA	NA
NC_045512.2	13954	T	A	8540	5429	37	1	1	26	0.000117082	8541	1	FALSE	NA	NA	NA	NA	NA	NA
NC_045512.2	13956	A	G	8539	5556	37	5	4	34	0.000585206	8544	0.866715	FALSE	NA	NA	NA	NA	NA	NA
NC_045512.2	13957	C	T	8216	5423	37	1	0	34	0.000121699	8217	0.998052	FALSE	NA	NA	NA	NA	NA	NA
NC_045512.2	13959	C	G	8191	5405	37	1	1	34	0.00012207	8192	0.998052	FALSE	NA	NA	NA	NA	NA	NA
NC_045512.2	13960	G	A	8114	5295	37	10	3	37	0.00123092	8124	0.407316	FALSE	NA	NA	NA	NA	NA	NA
NC_045512.2	13961	T	A	6969	4166	36	1	1	26	0.000143472	6970	1	FALSE	NA	NA	NA	NA	NA	NA
NC_045512.2	13963	T	A	6472	3856	35	1	1	26	0.000154488	6473	1	FALSE	NA	NA	NA	NA	NA	NA
NC_045512.2	13964	A	G	8141	5572	37	1	0	34	0.00012282	8142	0.998052	FALSE	NA	NA	NA	NA	NA	NA
NC_045512.2	13965	C	T	8241	5624	37	3	3	34	0.000363901	8244	0.967344	FALSE	NA	NA	NA	NA	NA	NA
NC_045512.2	13967	C	T	8196	5593	37	1	1	34	0.000121981	8198	0.998051	FALSE	NA	NA	NA	NA	NA	NA
NC_045512.2	13967	C	A	8196	5593	37	1	1	34	0.000121981	8198	0.998051	FALSE	NA	NA	NA	NA	NA	NA
NC_045512.2	13968	C	T	8067	5582	37	2	0	30	0.000247862	8069	0.989282	FALSE	NA	NA	NA	NA	NA	NA
NC_045512.2	13969	A	T	8008	5503	36	1	1	34	0.000124844	8010	0.998051	FALSE	NA	NA	NA	NA	NA	NA
NC_045512.2	13969	A	G	8008	5503	36	1	0	34	0.000124844	8010	0.998051	FALSE	NA	NA	NA	NA	NA	NA
NC_045512.2	13970	A	G	7638	5568	35	1	0	34	0.000130907	7639	0.996103	FALSE	NA	NA	NA	NA	NA	NA
NC_045512.2	13972	T	G	8009	5454	36	1	0	26	0.000124844	8010	1	FALSE	NA	NA	NA	NA	NA	NA
NC_045512.2	13974	A	G	8088	5524	37	1	1	34	0.000123625	8089	0.998052	FALSE	NA	NA	NA	NA	NA	NA
NC_045512.2	13976	G	A	8273	5726	37	1	1	34	0.000120861	8274	0.998052	FALSE	NA	NA	NA	NA	NA	NA
NC_045512.2	13979	A	G	8098	5568	37	1	1	68	0.000123472	8099	0.500031	FALSE	NA	NA	NA	NA	NA	NA
NC_045512.2	13980	A	T	7935	5586	36	1	1	26	0.000126008	7936	1	FALSE	NA	NA	NA	NA	NA	NA
NC_045512.2	13982	G	A	8165	5612	36	1	0	34	0.000122459	8166	0.998052	FALSE	NA	NA	NA	NA	NA	NA
NC_045512.2	13985	T	C	8713	6595	37	2	2	34	0.000229489	8715	0.98928	FALSE	NA	NA	NA	NA	NA	NA
NC_045512.2	13986	A	T	8895	6793	36	1	1	26	0.00011241	8896	1	FALSE	NA	NA	NA	NA	NA	NA
NC_045512.2	13987	C	A	8895	7009	36	1	1	26	0.00011241	8896	1	FALSE	NA	NA	NA	NA	NA	NA
NC_045512.2	13988	G	A	8858	6969	36	3	3	45	0.000338562	8861	0.125	FALSE	NA	NA	NA	NA	NA	NA
NC_045512.2	13991	A	G	9036	7223	36	7	7	34	0.000774079	9043	0.77292	FALSE	NA	NA	NA	NA	NA	NA
NC_045512.2	13992	A	G	9036	7286	36	1	1	34	0.000110656	9037	0.999026	FALSE	NA	NA	NA	NA	NA	NA
NC_045512.2	13993	G	C	9025	7273	36	1	1	34	0.000110791	9026	0.999026	FALSE	NA	NA	NA	NA	NA	NA
NC_045512.2	13994	C	T	9157	7445	36	2	0	34	0.000218364	9159	0.994155	FALSE	NA	NA	NA	NA	NA	NA
NC_045512.2	13995	T	C	8798	7107	35	2	2	34	0.000227273	8800	0.98928	FALSE	NA	NA	NA	NA	NA	NA
NC_045512.2	13997	T	A	9009	7327	36	1	1	27	0.000110988	9010	1	FALSE	NA	NA	NA	NA	NA	NA
NC_045512.2	13999	T	C	9155	7449	36	1	0	34	0.000109218	9156	0.999026	FALSE	NA	NA	NA	NA	NA	NA
NC_045512.2	14000	T	C	9500	7811	36	1	1	34	0.000105252	9501	0.999026	FALSE	NA	NA	NA	NA	NA	NA
NC_045512.2	14000	T	-A	9500	7811	36	1	0	20	0.000105252	9501	1	FALSE	NA	NA	NA	NA	NA	NA
NC_045512.2	14002	A	T	9483	7825	36	1	1	26	0.00010543	9485	1	FALSE	NA	NA	NA	NA	NA	NA
NC_045512.2	14002	A	G	9483	7825	36	1	0	68	0.00010543	9485	0.5	FALSE	NA	NA	NA	NA	NA	NA
NC_045512.2	14003	A	G	9509	7847	36	1	0	34	0.000105152	9510	0.999026	FALSE	NA	NA	NA	NA	NA	NA
NC_045512.2	14005	A	G	9463	7831	36	1	1	34	0.000105664	9464	0.999026	FALSE	NA	NA	NA	NA	NA	NA
NC_045512.2	14007	A	G	8659	7008	37	2	2	34	0.00023092	8661	0.989281	FALSE	NA	NA	NA	NA	NA	NA
NC_045512.2	14013	A	T	8973	7242	37	1	1	34	0.000111421	8975	0.998051	FALSE	NA	NA	NA	NA	NA	NA
NC_045512.2	14013	A	G	8973	7242	37	1	0	34	0.000111421	8975	0.998051	FALSE	NA	NA	NA	NA	NA	NA
NC_045512.2	14014	T	A	9064	7374	37	1	1	34	0.000110314	9065	0.999026	FALSE	NA	NA	NA	NA	NA	NA
NC_045512.2	14015	T	C	9171	7504	37	2	2	34	0.000218031	9173	0.994155	FALSE	NA	NA	NA	NA	NA	NA
NC_045512.2	14016	C	T	9217	7551	37	1	1	26	0.000108483	9218	1	FALSE	NA	NA	NA	NA	NA	NA
NC_045512.2	14019	T	G	8908	7232	37	1	1	34	0.000112233	8910	0.998051	FALSE	NA	NA	NA	NA	NA	NA
NC_045512.2	14019	T	C	8908	7232	37	1	0	34	0.000112233	8910	0.998051	FALSE	NA	NA	NA	NA	NA	NA
NC_045512.2	14022	T	C	9123	7552	37	2	2	34	0.000219178	9125	0.994155	FALSE	NA	NA	NA	NA	NA	NA
NC_045512.2	14024	C	T	9411	7889	37	8	6	34	0.000849347	9419	0.685628	FALSE	NA	NA	NA	NA	NA	NA
NC_045512.2	14027	T	A	9133	7781	37	1	1	34	0.000109481	9134	0.999026	FALSE	NA	NA	NA	NA	NA	NA
NC_045512.2	14029	C	T	10302	9118	38	7	7	32	0.000679018	10309	0.833998	FALSE	NA	NA	NA	NA	NA	NA
NC_045512.2	14030	G	A	10312	9119	38	4	4	32	0.000387747	10316	0.971367	FALSE	NA	NA	NA	NA	NA	NA
NC_045512.2	14032	A	G	11327	10327	38	11	11	34	0.000970189	11338	0.584216	FALSE	NA	NA	NA	NA	NA	NA
NC_045512.2	14036	C	T	11654	10698	39	2	1	51	0.000171585	11656	0.250011	FALSE	NA	NA	NA	NA	NA	NA
NC_045512.2	14038	G	A	11636	10697	39	1	1	34	8.59328e-05	11637	0.999757	FALSE	NA	NA	NA	NA	NA	NA
NC_045512.2	14040	T	C	11484	10546	38	2	2	30	0.000174125	11486	0.998296	FALSE	NA	NA	NA	NA	NA	NA
NC_045512.2	14041	A	G	11457	10521	38	6	6	34	0.000523423	11463	0.928367	FALSE	NA	NA	NA	NA	NA	NA
NC_045512.2	14042	T	C	11664	10728	39	1	1	34	8.57265e-05	11665	0.999757	FALSE	NA	NA	NA	NA	NA	NA
NC_045512.2	14045	T	C	10642	9793	37	1	1	24	9.39585e-05	10643	1	FALSE	NA	NA	NA	NA	NA	NA
NC_045512.2	14048	G	+AAT	11335	10519	38	3	0	20	0.000264667	11335	1	FALSE	NA	NA	NA	NA	NA	NA
NC_045512.2	14049	T	C	10247	9572	38	1	1	34	9.758e-05	10248	0.999513	FALSE	NA	NA	NA	NA	NA	NA
NC_045512.2	14050	G	C	10138	9465	38	1	1	26	9.86096e-05	10141	1	FALSE	NA	NA	NA	NA	NA	NA
NC_045512.2	14050	G	A	10138	9465	38	2	2	34	0.000197219	10141	0.996833	FALSE	NA	NA	NA	NA	NA	NA
NC_045512.2	14053	C	G	10021	9420	37	1	1	24	9.97805e-05	10022	1	FALSE	NA	NA	NA	NA	NA	NA
NC_045512.2	14055	G	A	9745	9148	37	2	2	34	0.000205191	9747	0.994154	FALSE	NA	NA	NA	NA	NA	NA
NC_045512.2	14060	T	G	9292	8729	37	1	1	27	0.000107608	9293	1	FALSE	NA	NA	NA	NA	NA	NA
NC_045512.2	14061	A	G	9238	8706	37	1	1	34	0.000108237	9239	0.999026	FALSE	NA	NA	NA	NA	NA	NA
NC_045512.2	14065	A	G	8816	8297	37	1	1	34	0.000113417	8817	0.998052	FALSE	NA	NA	NA	NA	NA	NA
NC_045512.2	14066	A	G	8743	8250	37	1	0	68	0.000114364	8744	0.500029	FALSE	NA	NA	NA	NA	NA	NA
NC_045512.2	14069	A	G	8750	8272	37	2	2	34	0.000228519	8752	0.98928	FALSE	NA	NA	NA	NA	NA	NA
NC_045512.2	14071	G	T	8640	8229	37	1	0	27	0.000115727	8641	1	FALSE	NA	NA	NA	NA	NA	NA
NC_045512.2	14081	G	A	8336	7968	36	1	0	68	0.000119947	8337	0.50003	FALSE	NA	NA	NA	NA	NA	NA
NC_045512.2	14083	A	G	8126	7837	36	1	1	34	0.000123047	8127	0.998052	FALSE	NA	NA	NA	NA	NA	NA
NC_045512.2	14086	T	G	7092	6834	36	4	4	34	0.000563539	7098	0.886764	FALSE	NA	NA	NA	NA	NA	NA
NC_045512.2	14086	T	C	7092	6834	36	1	1	34	0.000140885	7098	0.996093	FALSE	NA	NA	NA	NA	NA	NA
NC_045512.2	14086	T	A	7092	6834	36	1	1	34	0.000140885	7098	0.996093	FALSE	NA	NA	NA	NA	NA	NA
NC_045512.2	14087	G	A	6814	6557	36	2	2	34	0.000293427	6816	0.9649	FALSE	NA	NA	NA	NA	NA	NA
NC_045512.2	14089	T	C	6034	5785	36	1	1	34	0.0001657	6035	0.992206	FALSE	NA	NA	NA	NA	NA	NA
NC_045512.2	14092	G	A	6100	5859	36	1	1	34	0.000163908	6101	0.992205	FALSE	NA	NA	NA	NA	NA	NA
NC_045512.2	14096	T	C	5725	5501	36	1	1	34	0.000174642	5726	0.984404	FALSE	NA	NA	NA	NA	NA	NA
NC_045512.2	14100	T	C	5608	5415	36	1	1	34	0.000178285	5609	0.984404	FALSE	NA	NA	NA	NA	NA	NA
NC_045512.2	14102	A	G	5349	5158	36	1	1	34	0.000186916	5350	0.984406	FALSE	NA	NA	NA	NA	NA	NA
NC_045512.2	14115	C	G	4776	4679	35	1	1	26	0.000209336	4777	1	FALSE	NA	NA	NA	NA	NA	NA
NC_045512.2	14116	A	G	4531	4440	35	1	1	34	0.000220653	4532	0.968802	FALSE	NA	NA	NA	NA	NA	NA
NC_045512.2	14779	A	G	6	0	34	2	0	34	0.25	8	0.266667	FALSE	NA	NA	NA	NA	NA	NA
NC_045512.2	14856	A	G	8	2	42	1	0	34	0.111111	9	0.529412	FALSE	NA	NA	NA	NA	NA	NA
NC_045512.2	15011	A	G	1159	56	35	1	0	68	0.000862069	1160	0.500216	FALSE	NA	NA	NA	NA	NA	NA
NC_045512.2	15016	G	A	1190	63	36	2	0	34	0.00167785	1192	0.500315	FALSE	NA	NA	NA	NA	NA	NA
NC_045512.2	15017	C	T	1188	66	36	5	0	34	0.00419111	1193	0.109276	FALSE	NA	NA	NA	NA	NA	NA
NC_045512.2	15033	A	G	1278	98	37	1	0	34	0.000781861	1279	0.750293	FALSE	NA	NA	NA	NA	NA	NA
NC_045512.2	15037	C	T	1453	138	39	7	0	34	0.00479452	1460	0.0350437	FALSE	NA	NA	NA	NA	NA	NA
NC_045512.2	15039	T	C	1449	139	39	5	0	34	0.00343879	1454	0.109294	FALSE	NA	NA	NA	NA	NA	NA
NC_045512.2	15040	A	G	1467	140	39	1	0	68	0.000681199	1468	0.50017	FALSE	NA	NA	NA	NA	NA	NA
NC_045512.2	15042	T	C	1490	147	39	1	1	60	0.000670691	1491	0.500168	FALSE	NA	NA	NA	NA	NA	NA
NC_045512.2	15044	T	A	1497	150	39	2	0	34	0.00133422	1499	0.50025	FALSE	NA	NA	NA	NA	NA	NA
NC_045512.2	15046	A	T	1477	152	39	1	0	34	0.00067659	1478	0.750254	FALSE	NA	NA	NA	NA	NA	NA
NC_045512.2	15053	C	T	1871	183	39	1	0	68	0.000534188	1872	0.500134	FALSE	NA	NA	NA	NA	NA	NA
NC_045512.2	15058	A	C	1878	184	39	1	0	26	0.000532198	1879	0.999998	FALSE	NA	NA	NA	NA	NA	NA
NC_045512.2	15065	T	C	2117	186	39	3	0	34	0.00141509	2120	0.500221	FALSE	NA	NA	NA	NA	NA	NA
NC_045512.2	15071	T	A	2049	216	38	1	1	34	0.000487805	2050	0.875183	FALSE	NA	NA	NA	NA	NA	NA
NC_045512.2	15079	G	A	1832	260	38	2	0	34	0.00109051	1834	0.500205	FALSE	NA	NA	NA	NA	NA	NA
NC_045512.2	15084	T	C	1779	271	37	1	0	34	0.000561798	1780	0.750211	FALSE	NA	NA	NA	NA	NA	NA
NC_045512.2	15087	T	C	1793	278	37	1	0	34	0.000557414	1794	0.750209	FALSE	NA	NA	NA	NA	NA	NA
NC_045512.2	15090	A	G	1788	301	37	1	0	68	0.000558971	1789	0.50014	FALSE	NA	NA	NA	NA	NA	NA
NC_045512.2	15092	A	G	1719	326	36	1	0	34	0.000581395	1720	0.750218	FALSE	NA	NA	NA	NA	NA	NA
NC_045512.2	15094	A	G	1906	338	36	1	0	34	0.000524384	1907	0.750197	FALSE	NA	NA	NA	NA	NA	NA
NC_045512.2	15098	G	T	1871	347	37	2	0	34	0.00106781	1873	0.5002	FALSE	NA	NA	NA	NA	NA	NA
NC_045512.2	15109	G	A	1861	423	37	3	0	34	0.00160944	1864	0.312601	FALSE	NA	NA	NA	NA	NA	NA
NC_045512.2	15111	A	G	1821	420	37	1	0	34	0.000548847	1822	0.750206	FALSE	NA	NA	NA	NA	NA	NA
NC_045512.2	15137	T	G	1943	435	37	1	0	34	0.000514403	1944	0.750193	FALSE	NA	NA	NA	NA	NA	NA
NC_045512.2	15141	C	T	1973	445	37	1	1	34	0.000506586	1974	0.75019	FALSE	NA	NA	NA	NA	NA	NA
NC_045512.2	15150	G	A	1735	422	37	3	3	34	0.00172612	1738	0.312608	FALSE	NA	NA	NA	NA	NA	NA
NC_045512.2	15159	A	G	1630	498	36	1	0	60	0.000613121	1631	0.500153	FALSE	NA	NA	NA	NA	NA	NA
NC_045512.2	15165	A	G	1584	647	37	1	0	34	0.000630915	1585	0.750237	FALSE	NA	NA	NA	NA	NA	NA
NC_045512.2	15167	T	G	1592	652	37	1	0	34	0.000627353	1594	0.750078	FALSE	NA	NA	NA	NA	NA	NA
NC_045512.2	15167	T	C	1592	652	37	1	1	34	0.000627353	1594	0.750078	FALSE	NA	NA	NA	NA	NA	NA
NC_045512.2	15176	T	C	1649	884	37	3	3	34	0.00181598	1652	0.312614	FALSE	NA	NA	NA	NA	NA	NA
NC_045512.2	15189	A	G	1752	1054	37	1	1	34	0.000570451	1753	0.750214	FALSE	NA	NA	NA	NA	NA	NA
NC_045512.2	15192	A	G	1769	1012	38	1	0	34	0.000564972	1770	0.750212	FALSE	NA	NA	NA	NA	NA	NA
NC_045512.2	15200	T	C	1837	1197	38	1	1	60	0.00054407	1838	0.500136	FALSE	NA	NA	NA	NA	NA	NA
NC_045512.2	15207	T	C	1875	1276	39	2	1	29	0.00106553	1877	0.999981	FALSE	NA	NA	NA	NA	NA	NA
NC_045512.2	15214	A	T	1858	1334	38	1	1	24	0.000537924	1859	0.999998	FALSE	NA	NA	NA	NA	NA	NA
NC_045512.2	15215	G	A	1867	1334	38	4	4	34	0.00213789	1871	0.1875	FALSE	NA	NA	NA	NA	NA	NA
NC_045512.2	15216	C	T	1992	1468	38	1	1	34	0.000501756	1993	0.750188	FALSE	NA	NA	NA	NA	NA	NA
NC_045512.2	15228	T	C	2135	1773	37	2	2	34	0.000935891	2137	0.687763	FALSE	NA	NA	NA	NA	NA	NA
NC_045512.2	15246	A	G	2339	2163	36	12	12	39	0.00510421	2351	0.00642015	TRUE	NA	NA	NA	NA	NA	NA
NC_045512.2	15248	A	G	2432	2262	36	1	1	34	0.000411015	2433	0.875154	FALSE	NA	NA	NA	NA	NA	NA
NC_045512.2	15257	A	T	2508	2344	36	1	1	34	0.000398565	2509	0.875149	FALSE	NA	NA	NA	NA	NA	NA
NC_045512.2	15265	G	A	2374	2213	36	1	0	46	0.000421053	2375	0.500105	FALSE	NA	NA	NA	NA	NA	NA
NC_045512.2	15266	T	C	2372	2213	36	1	1	34	0.000421408	2373	0.875158	FALSE	NA	NA	NA	NA	NA	NA
NC_045512.2	15277	C	T	2103	1949	36	1	1	26	0.000475285	2104	1	FALSE	NA	NA	NA	NA	NA	NA
NC_045512.2	15281	T	C	2073	1927	36	2	2	34	0.000963855	2075	0.687771	FALSE	NA	NA	NA	NA	NA	NA
NC_045512.2	15292	G	A	1883	1779	35	1	1	34	0.000530786	1884	0.750199	FALSE	NA	NA	NA	NA	NA	NA
NC_045512.2	15314	C	T	1338	1282	34	1	1	34	0.000746826	1339	0.75028	FALSE	NA	NA	NA	NA	NA	NA
NC_045512.2	15316	A	G	1203	1149	34	1	1	34	0.000830565	1204	0.750312	FALSE	NA	NA	NA	NA	NA	NA
NC_045512.2	15319	C	T	1198	1144	34	1	1	34	0.000834028	1199	0.750313	FALSE	NA	NA	NA	NA	NA	NA
NC_045512.2	15324	C	T	1041	1003	34	15	2	38	0.0142045	1056	0.000249963	TRUE	NA	NA	NA	NA	NA	NA
NC_045512.2	15540	C	T	0	0	0	14	14	34	1	14	4.98547e-08	TRUE	NA	NA	NA	NA	NA	NA
NC_045512.2	15562	T	G	15335	622	33	1	0	26	6.52018e-05	15337	1	FALSE	NA	NA	NA	NA	NA	NA
NC_045512.2	15562	T	C	15335	622	33	1	0	34	6.52018e-05	15337	0.999985	FALSE	NA	NA	NA	NA	NA	NA
NC_045512.2	15563	T	C	15608	623	33	4	0	34	0.000256213	15612	0.997794	FALSE	NA	NA	NA	NA	NA	NA
NC_045512.2	15564	A	G	16013	635	33	1	0	34	6.24415e-05	16015	0.999992	FALSE	NA	NA	NA	NA	NA	NA
NC_045512.2	15564	A	C	16013	635	33	1	0	26	6.24415e-05	16015	1	FALSE	NA	NA	NA	NA	NA	NA
NC_045512.2	15565	T	C	16045	631	33	1	0	26	6.23208e-05	16046	1	FALSE	NA	NA	NA	NA	NA	NA
NC_045512.2	15568	A	G	17031	747	34	2	0	34	0.000117419	17033	0.999962	FALSE	NA	NA	NA	NA	NA	NA
NC_045512.2	15571	G	T	17173	761	34	3	0	34	0.000174652	17177	0.999799	FALSE	NA	NA	NA	NA	NA	NA
NC_045512.2	15571	G	A	17173	761	34	1	0	34	5.82174e-05	17177	0.999996	FALSE	NA	NA	NA	NA	NA	NA
NC_045512.2	15573	T	C	17316	772	34	2	0	34	0.000115487	17318	0.999962	FALSE	NA	NA	NA	NA	NA	NA
NC_045512.2	15574	G	T	17319	773	34	1	0	34	5.77334e-05	17321	0.999996	FALSE	NA	NA	NA	NA	NA	NA
NC_045512.2	15574	G	A	17319	773	34	1	0	34	5.77334e-05	17321	0.999996	FALSE	NA	NA	NA	NA	NA	NA
NC_045512.2	15577	A	G	17653	782	34	2	0	34	0.000113282	17655	0.999962	FALSE	NA	NA	NA	NA	NA	NA
NC_045512.2	15578	A	G	17685	784	34	3	0	34	0.000169607	17688	0.9998	FALSE	NA	NA	NA	NA	NA	NA
NC_045512.2	15580	A	G	16343	856	31	1	0	34	6.11808e-05	16345	0.999992	FALSE	NA	NA	NA	NA	NA	NA
NC_045512.2	15580	A	C	16343	856	31	1	0	34	6.11808e-05	16345	0.999992	FALSE	NA	NA	NA	NA	NA	NA
NC_045512.2	15581	A	G	17896	858	34	6	0	34	0.000335158	17902	0.994703	FALSE	NA	NA	NA	NA	NA	NA
NC_045512.2	15582	A	G	17872	859	34	2	0	30	0.000111894	17874	0.999962	FALSE	NA	NA	NA	NA	NA	NA
NC_045512.2	15584	T	C	17933	866	34	1	0	34	5.576e-05	17934	0.999996	FALSE	NA	NA	NA	NA	NA	NA
NC_045512.2	15586	G	T	18556	910	35	1	0	34	5.38851e-05	18558	0.999998	FALSE	NA	NA	NA	NA	NA	NA
NC_045512.2	15586	G	A	18556	910	35	1	0	34	5.38851e-05	18558	0.999998	FALSE	NA	NA	NA	NA	NA	NA
NC_045512.2	15587	C	T	18561	926	35	12	0	34	0.000646099	18573	0.899873	FALSE	NA	NA	NA	NA	NA	NA
NC_045512.2	15588	C	T	18755	934	35	2	0	34	0.000106615	18759	0.99998	FALSE	NA	NA	NA	NA	NA	NA
NC_045512.2	15588	C	G	18755	934	35	1	0	34	5.33077e-05	18759	0.999998	FALSE	NA	NA	NA	NA	NA	NA
NC_045512.2	15588	C	A	18755	934	35	1	0	34	5.33077e-05	18759	0.999998	FALSE	NA	NA	NA	NA	NA	NA
NC_045512.2	15591	T	G	19323	964	35	1	0	34	5.17491e-05	19324	0.999999	FALSE	NA	NA	NA	NA	NA	NA
NC_045512.2	15592	A	T	18213	979	34	1	0	26	5.48998e-05	18215	1	FALSE	NA	NA	NA	NA	NA	NA
NC_045512.2	15592	A	G	18213	979	34	1	0	34	5.48998e-05	18215	0.999998	FALSE	NA	NA	NA	NA	NA	NA
NC_045512.2	15594	G	C	20458	979	35	1	0	34	4.88759e-05	20460	1	FALSE	NA	NA	NA	NA	NA	NA
NC_045512.2	15594	G	A	20458	979	35	1	0	34	4.88759e-05	20460	1	FALSE	NA	NA	NA	NA	NA	NA
NC_045512.2	15595	T	C	20420	1022	35	16	0	34	0.000782932	20436	0.79763	FALSE	NA	NA	NA	NA	NA	NA
NC_045512.2	15596	A	G	20436	1057	35	4	2	34	0.000195695	20440	0.999862	FALSE	NA	NA	NA	NA	NA	NA
NC_045512.2	15597	T	G	20435	1052	35	1	0	34	4.89333e-05	20436	1	FALSE	NA	NA	NA	NA	NA	NA
NC_045512.2	15598	G	A	20625	1062	35	1	0	34	4.84825e-05	20626	1	FALSE	NA	NA	NA	NA	NA	NA
NC_045512.2	15599	T	C	20612	1068	35	6	0	34	0.000291008	20618	0.998757	FALSE	NA	NA	NA	NA	NA	NA
NC_045512.2	15600	C	T	20684	1070	35	4	0	34	0.000193349	20688	0.999862	FALSE	NA	NA	NA	NA	NA	NA
NC_045512.2	15602	G	A	20715	1092	35	11	1	37	0.000530734	20726	0.964685	FALSE	NA	NA	NA	NA	NA	NA
NC_045512.2	15604	A	C	20750	1120	35	1	0	34	4.81904e-05	20751	1	FALSE	NA	NA	NA	NA	NA	NA
NC_045512.2	15605	A	G	21831	1128	35	2	0	34	9.16045e-05	21833	0.999997	FALSE	NA	NA	NA	NA	NA	NA
NC_045512.2	15607	T	G	23141	1179	35	1	0	34	4.3204e-05	23146	1	FALSE	NA	NA	NA	NA	NA	NA
NC_045512.2	15607	T	C	23141	1179	35	4	0	32	0.000172816	23146	0.999975	FALSE	NA	NA	NA	NA	NA	NA
NC_045512.2	15608	T	C	23176	1176	35	3	0	31	0.000129422	23180	0.999995	FALSE	NA	NA	NA	NA	NA	NA
NC_045512.2	15608	T	A	23176	1176	35	1	0	26	4.31406e-05	23180	1	FALSE	NA	NA	NA	NA	NA	NA
NC_045512.2	15609	A	G	23276	1170	35	1	0	34	4.29609e-05	23277	1	FALSE	NA	NA	NA	NA	NA	NA
NC_045512.2	15610	C	T	23368	1182	35	5	2	52	0.000213913	23374	0.0312433	FALSE	NA	NA	NA	NA	NA	NA
NC_045512.2	15610	C	A	23368	1182	35	1	0	34	4.27826e-05	23374	1	FALSE	NA	NA	NA	NA	NA	NA
NC_045512.2	15611	A	G	23393	1188	35	2	0	34	8.54884e-05	23395	0.999999	FALSE	NA	NA	NA	NA	NA	NA
NC_045512.2	15613	C	A	24142	1312	35	1	0	34	4.14199e-05	24143	1	FALSE	NA	NA	NA	NA	NA	NA
NC_045512.2	15614	A	G	23956	1311	35	3	0	34	0.000125214	23959	0.999995	FALSE	NA	NA	NA	NA	NA	NA
NC_045512.2	15615	C	T	24134	1308	35	3	0	34	0.00012427	24141	0.999997	FALSE	NA	NA	NA	NA	NA	NA
NC_045512.2	15615	C	G	24134	1308	35	2	0	34	8.28466e-05	24141	1	FALSE	NA	NA	NA	NA	NA	NA
NC_045512.2	15615	C	A	24134	1308	35	2	0	34	8.28466e-05	24141	1	FALSE	NA	NA	NA	NA	NA	NA
NC_045512.2	15616	A	T	24127	1312	35	2	0	34	8.28741e-05	24133	1	FALSE	NA	NA	NA	NA	NA	NA
NC_045512.2	15616	A	G	24127	1312	35	4	0	34	0.000165748	24133	0.999986	FALSE	NA	NA	NA	NA	NA	NA
NC_045512.2	15617	G	C	27684	1339	35	5	0	34	0.000180571	27690	0.99999	FALSE	NA	NA	NA	NA	NA	NA
NC_045512.2	15617	G	A	27684	1339	35	1	0	34	3.61141e-05	27690	1	FALSE	NA	NA	NA	NA	NA	NA
NC_045512.2	15618	A	T	27471	1384	35	6	0	32	0.000218341	27480	0.999967	FALSE	NA	NA	NA	NA	NA	NA
NC_045512.2	15618	A	C	27471	1384	35	3	0	34	0.00010917	27480	1	FALSE	NA	NA	NA	NA	NA	NA
NC_045512.2	15619	C	T	31306	1435	35	1	1	68	3.19407e-05	31308	0.5	FALSE	NA	NA	NA	NA	NA	NA
NC_045512.2	15619	C	A	31306	1435	35	1	0	34	3.19407e-05	31308	1	FALSE	NA	NA	NA	NA	NA	NA
NC_045512.2	15620	T	C	31216	1448	35	1	0	34	3.20318e-05	31219	1	FALSE	NA	NA	NA	NA	NA	NA
NC_045512.2	15620	T	A	31216	1448	35	2	0	34	6.40636e-05	31219	1	FALSE	NA	NA	NA	NA	NA	NA
NC_045512.2	15621	T	G	31552	1594	35	1	0	26	3.16867e-05	31559	1	FALSE	NA	NA	NA	NA	NA	NA
NC_045512.2	15621	T	C	31552	1594	35	4	0	42	0.000126747	31559	0.499965	FALSE	NA	NA	NA	NA	NA	NA
NC_045512.2	15621	T	A	31552	1594	35	2	0	34	6.33734e-05	31559	1	FALSE	NA	NA	NA	NA	NA	NA
NC_045512.2	15622	T	G	31647	1594	35	1	0	26	3.15946e-05	31651	1	FALSE	NA	NA	NA	NA	NA	NA
NC_045512.2	15622	T	C	31647	1594	35	2	0	34	6.31892e-05	31651	1	FALSE	NA	NA	NA	NA	NA	NA
NC_045512.2	15622	T	A	31647	1594	35	1	0	34	3.15946e-05	31651	1	FALSE	NA	NA	NA	NA	NA	NA
NC_045512.2	15623	A	G	31508	1596	35	2	1	51	6.34719e-05	31510	0.250004	FALSE	NA	NA	NA	NA	NA	NA
NC_045512.2	15624	T	G	31739	1594	35	1	0	26	3.1504e-05	31742	1	FALSE	NA	NA	NA	NA	NA	NA
NC_045512.2	15624	T	C	31739	1594	35	2	0	51	6.3008e-05	31742	0.249996	FALSE	NA	NA	NA	NA	NA	NA
NC_045512.2	15625	G	C	31783	1600	35	4	0	32	0.000125834	31788	1	FALSE	NA	NA	NA	NA	NA	NA
NC_045512.2	15625	G	A	31783	1600	35	1	0	34	3.14584e-05	31788	1	FALSE	NA	NA	NA	NA	NA	NA
NC_045512.2	15626	A	T	31646	1606	35	1	0	34	3.15986e-05	31647	1	FALSE	NA	NA	NA	NA	NA	NA
NC_045512.2	15627	G	A	32016	1603	35	1	0	34	3.12334e-05	32017	1	FALSE	NA	NA	NA	NA	NA	NA
NC_045512.2	15628	T	C	32054	1625	35	1	0	34	3.11964e-05	32055	1	FALSE	NA	NA	NA	NA	NA	NA
NC_045512.2	15629	G	A	32180	1648	36	2	0	34	6.21465e-05	32182	1	FALSE	NA	NA	NA	NA	NA	NA
NC_045512.2	15630	T	C	32219	1896	35	2	0	34	6.20713e-05	32221	1	FALSE	NA	NA	NA	NA	NA	NA
NC_045512.2	15631	C	T	33416	1918	36	1	0	68	2.99249e-05	33417	0.500007	FALSE	NA	NA	NA	NA	NA	NA
NC_045512.2	15632	T	C	33415	2016	36	1	1	38	2.9924e-05	33418	1	FALSE	NA	NA	NA	NA	NA	NA
NC_045512.2	15632	T	A	33415	2016	36	2	1	51	5.9848e-05	33418	0.249996	FALSE	NA	NA	NA	NA	NA	NA
NC_045512.2	15633	C	G	34059	2079	36	1	0	34	2.936e-05	34060	1	FALSE	NA	NA	NA	NA	NA	NA
NC_045512.2	15634	T	G	34094	2065	36	1	0	34	2.9329e-05	34096	1	FALSE	NA	NA	NA	NA	NA	NA
NC_045512.2	15634	T	C	34094	2065	36	1	0	34	2.9329e-05	34096	1	FALSE	NA	NA	NA	NA	NA	NA
NC_045512.2	15635	A	T	34016	2304	37	2	0	34	5.87855e-05	34022	1	FALSE	NA	NA	NA	NA	NA	NA
NC_045512.2	15635	A	G	34016	2304	37	4	2	35	0.000117571	34022	1	FALSE	NA	NA	NA	NA	NA	NA
NC_045512.2	15636	T	G	34406	2313	37	1	0	26	2.9063e-05	34408	1	FALSE	NA	NA	NA	NA	NA	NA
NC_045512.2	15636	T	C	34406	2313	37	1	0	34	2.9063e-05	34408	1	FALSE	NA	NA	NA	NA	NA	NA
NC_045512.2	15637	A	T	32412	2316	36	4	0	33	0.000123396	32416	1	FALSE	NA	NA	NA	NA	NA	NA
NC_045512.2	15639	A	T	35003	2379	37	1	0	34	2.85682e-05	35004	1	FALSE	NA	NA	NA	NA	NA	NA
NC_045512.2	15640	A	T	35263	2384	37	1	0	26	2.83535e-05	35269	1	FALSE	NA	NA	NA	NA	NA	NA
NC_045512.2	15640	A	G	35263	2384	37	4	3	59	0.000113414	35269	0.0624911	FALSE	NA	NA	NA	NA	NA	NA
NC_045512.2	15640	A	C	35263	2384	37	1	0	26	2.83535e-05	35269	1	FALSE	NA	NA	NA	NA	NA	NA
NC_045512.2	15642	T	A	35215	2395	37	2	0	34	5.67908e-05	35217	1	FALSE	NA	NA	NA	NA	NA	NA
NC_045512.2	15643	A	T	33929	2421	36	4	1	27	0.000117869	33936	1	FALSE	NA	NA	NA	NA	NA	NA
NC_045512.2	15643	A	G	33929	2421	36	3	0	34	8.84017e-05	33936	1	FALSE	NA	NA	NA	NA	NA	NA
NC_045512.2	15644	G	C	33879	2517	37	2	0	34	5.90301e-05	33881	1	FALSE	NA	NA	NA	NA	NA	NA
NC_045512.2	15645	A	T	30579	2775	36	1	0	34	3.26936e-05	30587	1	FALSE	NA	NA	NA	NA	NA	NA
NC_045512.2	15645	A	G	30579	2775	36	5	0	34	0.000163468	30587	0.999998	FALSE	NA	NA	NA	NA	NA	NA
NC_045512.2	15645	A	C	30579	2775	36	2	0	34	6.53873e-05	30587	1	FALSE	NA	NA	NA	NA	NA	NA
NC_045512.2	15646	G	C	33631	2791	37	4	0	32	0.00011892	33636	1	FALSE	NA	NA	NA	NA	NA	NA
NC_045512.2	15646	G	A	33631	2791	37	1	0	34	2.97301e-05	33636	1	FALSE	NA	NA	NA	NA	NA	NA
NC_045512.2	15647	A	T	31468	2942	35	6	0	34	0.000190615	31477	0.999996	FALSE	NA	NA	NA	NA	NA	NA
NC_045512.2	15647	A	G	31468	2942	35	3	0	34	9.53077e-05	31477	1	FALSE	NA	NA	NA	NA	NA	NA
NC_045512.2	15648	T	G	35293	2859	36	1	0	34	2.83326e-05	35295	1	FALSE	NA	NA	NA	NA	NA	NA
NC_045512.2	15648	T	C	35293	2859	36	1	0	34	2.83326e-05	35295	1	FALSE	NA	NA	NA	NA	NA	NA
NC_045512.2	15649	G	T	33171	3205	37	1	0	34	3.01459e-05	33172	1	FALSE	NA	NA	NA	NA	NA	NA
NC_045512.2	15650	T	G	32106	3214	36	1	0	34	3.11449e-05	32108	1	FALSE	NA	NA	NA	NA	NA	NA
NC_045512.2	15650	T	C	32106	3214	36	1	0	34	3.11449e-05	32108	1	FALSE	NA	NA	NA	NA	NA	NA
NC_045512.2	15651	T	G	31340	3384	36	1	0	34	3.1904e-05	31344	1	FALSE	NA	NA	NA	NA	NA	NA
NC_045512.2	15651	T	C	31340	3384	36	2	2	34	6.38081e-05	31344	1	FALSE	NA	NA	NA	NA	NA	NA
NC_045512.2	15651	T	A	31340	3384	36	1	0	34	3.1904e-05	31344	1	FALSE	NA	NA	NA	NA	NA	NA
NC_045512.2	15652	G	A	32565	3463	36	1	0	34	3.07069e-05	32566	1	FALSE	NA	NA	NA	NA	NA	NA
NC_045512.2	15653	A	G	32678	3754	37	2	0	34	6.11976e-05	32681	1	FALSE	NA	NA	NA	NA	NA	NA
NC_045512.2	15653	A	C	32678	3754	37	1	0	34	3.05988e-05	32681	1	FALSE	NA	NA	NA	NA	NA	NA
NC_045512.2	15655	A	T	32327	3923	37	1	0	34	3.09301e-05	32331	1	FALSE	NA	NA	NA	NA	NA	NA
NC_045512.2	15655	A	G	32327	3923	37	3	0	34	9.27902e-05	32331	1	FALSE	NA	NA	NA	NA	NA	NA
NC_045512.2	15656	C	A	32788	3924	37	1	0	26	3.0498e-05	32789	1	FALSE	NA	NA	NA	NA	NA	NA
NC_045512.2	15658	G	A	33267	3841	37	2	0	34	6.0116e-05	33269	1	FALSE	NA	NA	NA	NA	NA	NA
NC_045512.2	15659	A	T	33268	3873	37	1	0	34	3.00571e-05	33270	1	FALSE	NA	NA	NA	NA	NA	NA
NC_045512.2	15659	A	G	33268	3873	37	1	0	34	3.00571e-05	33270	1	FALSE	NA	NA	NA	NA	NA	NA
NC_045512.2	15662	T	C	30316	4724	37	1	0	34	3.29848e-05	30317	1	FALSE	NA	NA	NA	NA	NA	NA
NC_045512.2	15663	T	C	30344	4749	37	1	0	34	3.29544e-05	30345	1	FALSE	NA	NA	NA	NA	NA	NA
NC_045512.2	15664	G	A	30186	4832	37	2	0	34	6.62515e-05	30188	1	FALSE	NA	NA	NA	NA	NA	NA
NC_045512.2	15665	T	G	29865	4762	37	1	0	34	3.34762e-05	29872	1	FALSE	NA	NA	NA	NA	NA	NA
NC_045512.2	15665	T	C	29865	4762	37	6	0	32	0.000200857	29872	0.999989	FALSE	NA	NA	NA	NA	NA	NA
NC_045512.2	15667	A	G	29693	4749	37	1	0	34	3.36768e-05	29694	1	FALSE	NA	NA	NA	NA	NA	NA
NC_045512.2	15668	A	T	29417	4884	36	1	0	34	3.39905e-05	29420	1	FALSE	NA	NA	NA	NA	NA	NA
NC_045512.2	15668	A	G	29417	4884	36	2	0	47	6.7981e-05	29420	0.687506	FALSE	NA	NA	NA	NA	NA	NA
NC_045512.2	15669	T	C	29925	5795	37	1	1	68	3.34135e-05	29928	0.499992	FALSE	NA	NA	NA	NA	NA	NA
NC_045512.2	15669	T	A	29925	5795	37	2	0	34	6.68271e-05	29928	1	FALSE	NA	NA	NA	NA	NA	NA
NC_045512.2	15670	G	A	30000	5838	37	1	0	26	3.33322e-05	30001	1	FALSE	NA	NA	NA	NA	NA	NA
NC_045512.2	15671	A	T	28824	5836	36	2	0	34	6.93698e-05	28831	1	FALSE	NA	NA	NA	NA	NA	NA
NC_045512.2	15671	A	G	28824	5836	36	5	1	38	0.000173424	28831	0.999995	FALSE	NA	NA	NA	NA	NA	NA
NC_045512.2	15672	G	-T	30565	5872	37	1	0	20	3.27172e-05	30565	1	FALSE	NA	NA	NA	NA	NA	NA
NC_045512.2	15673	T	G	30566	6100	37	2	2	34	6.54279e-05	30568	1	FALSE	NA	NA	NA	NA	NA	NA
NC_045512.2	15674	T	G	30296	5845	37	1	0	34	3.30044e-05	30299	1	FALSE	NA	NA	NA	NA	NA	NA
NC_045512.2	15674	T	C	30296	5845	37	2	0	34	6.60088e-05	30299	1	FALSE	NA	NA	NA	NA	NA	NA
NC_045512.2	15675	T	C	30614	6156	37	6	1	39	0.00019595	30620	0.999994	FALSE	NA	NA	NA	NA	NA	NA
NC_045512.2	15676	T	C	30231	6269	37	1	1	34	3.30775e-05	30232	1	FALSE	NA	NA	NA	NA	NA	NA
NC_045512.2	15677	A	G	30879	6532	38	2	1	34	6.47647e-05	30881	1	FALSE	NA	NA	NA	NA	NA	NA
NC_045512.2	15678	C	T	31005	6560	38	5	1	34	0.000161233	31011	0.999999	FALSE	NA	NA	NA	NA	NA	NA
NC_045512.2	15678	C	A	31005	6560	38	1	1	68	3.22466e-05	31011	0.499968	FALSE	NA	NA	NA	NA	NA	NA
NC_045512.2	15679	G	A	31104	6542	38	6	3	34	0.000192864	31110	0.999996	FALSE	NA	NA	NA	NA	NA	NA
NC_045512.2	15680	C	T	31392	6665	38	3	0	34	9.55505e-05	31397	1	FALSE	NA	NA	NA	NA	NA	NA
NC_045512.2	15680	C	G	31392	6665	38	2	0	34	6.37004e-05	31397	1	FALSE	NA	NA	NA	NA	NA	NA
NC_045512.2	15681	A	G	31060	6886	37	1	0	34	3.21947e-05	31061	1	FALSE	NA	NA	NA	NA	NA	NA
NC_045512.2	15682	T	C	31214	6514	37	1	0	34	3.20359e-05	31215	1	FALSE	NA	NA	NA	NA	NA	NA
NC_045512.2	15683	A	T	31428	6953	38	1	0	20	3.18157e-05	31431	1	FALSE	NA	NA	NA	NA	NA	NA
NC_045512.2	15683	A	G	31428	6953	38	2	0	51	6.36314e-05	31431	0.249996	FALSE	NA	NA	NA	NA	NA	NA
NC_045512.2	15684	T	C	30984	6267	37	2	0	34	6.45432e-05	30987	1	FALSE	NA	NA	NA	NA	NA	NA
NC_045512.2	15684	T	A	30984	6267	37	1	0	34	3.22716e-05	30987	1	FALSE	NA	NA	NA	NA	NA	NA
NC_045512.2	15685	T	G	31650	7000	38	1	0	34	3.15896e-05	31656	1	FALSE	NA	NA	NA	NA	NA	NA
NC_045512.2	15685	T	C	31650	7000	38	5	1	30	0.000157948	31656	0.999999	FALSE	NA	NA	NA	NA	NA	NA
NC_045512.2	15686	T	C	31651	6922	38	3	1	45	9.47748e-05	31654	0.656272	FALSE	NA	NA	NA	NA	NA	NA
NC_045512.2	15688	C	T	31215	7004	38	9	6	58	0.00028824	31224	0.00195228	TRUE	NA	NA	NA	NA	NA	NA
NC_045512.2	15689	G	A	31294	7006	38	6	0	34	0.000191693	31300	0.999996	FALSE	NA	NA	NA	NA	NA	NA
NC_045512.2	15690	T	G	31128	7120	38	1	0	34	3.21244e-05	31129	1	FALSE	NA	NA	NA	NA	NA	NA
NC_045512.2	15691	A	T	31119	7318	38	2	1	32	6.4255e-05	31126	1	FALSE	NA	NA	NA	NA	NA	NA
NC_045512.2	15691	A	G	31119	7318	38	5	3	34	0.000160637	31126	0.999999	FALSE	NA	NA	NA	NA	NA	NA
NC_045512.2	15692	A	G	31448	7427	38	2	1	34	6.3593e-05	31450	1	FALSE	NA	NA	NA	NA	NA	NA
NC_045512.2	15693	A	G	27841	7546	36	3	2	38	0.000107739	27845	1	FALSE	NA	NA	NA	NA	NA	NA
NC_045512.2	15693	A	C	27841	7546	36	1	0	34	3.59131e-05	27845	1	FALSE	NA	NA	NA	NA	NA	NA
NC_045512.2	15694	C	T	31498	7691	38	10	1	37	0.00031737	31509	0.999785	FALSE	NA	NA	NA	NA	NA	NA
NC_045512.2	15694	C	A	31498	7691	38	1	0	68	3.1737e-05	31509	0.499929	FALSE	NA	NA	NA	NA	NA	NA
NC_045512.2	15695	A	G	30975	7647	37	2	1	34	6.4564e-05	30977	1	FALSE	NA	NA	NA	NA	NA	NA
NC_045512.2	15696	T	G	31588	7757	38	1	0	34	3.16556e-05	31590	1	FALSE	NA	NA	NA	NA	NA	NA
NC_045512.2	15696	T	C	31588	7757	38	1	1	34	3.16556e-05	31590	1	FALSE	NA	NA	NA	NA	NA	NA
NC_045512.2	15698	T	C	31313	7320	37	8	8	32	0.00025542	31321	0.999965	FALSE	NA	NA	NA	NA	NA	NA
NC_045512.2	15699	C	T	31696	7753	38	1	1	68	3.15487e-05	31697	0.500008	FALSE	NA	NA	NA	NA	NA	NA
NC_045512.2	15700	T	C	31698	7739	38	2	0	34	6.30915e-05	31700	1	FALSE	NA	NA	NA	NA	NA	NA
NC_045512.2	15701	C	A	32094	8305	38	1	0	34	3.11575e-05	32095	1	FALSE	NA	NA	NA	NA	NA	NA
NC_045512.2	15702	A	G	31594	8253	38	2	1	34	6.32992e-05	31596	1	FALSE	NA	NA	NA	NA	NA	NA
NC_045512.2	15703	A	G	32145	8273	38	1	0	34	3.11071e-05	32147	1	FALSE	NA	NA	NA	NA	NA	NA
NC_045512.2	15703	A	C	32145	8273	38	1	0	34	3.11071e-05	32147	1	FALSE	NA	NA	NA	NA	NA	NA
NC_045512.2	15704	T	C	32688	8360	38	1	1	34	3.05913e-05	32689	1	FALSE	NA	NA	NA	NA	NA	NA
NC_045512.2	15705	G	T	32690	8281	38	2	1	29	6.11639e-05	32699	1	FALSE	NA	NA	NA	NA	NA	NA
NC_045512.2	15705	G	A	32690	8281	38	7	3	62	0.000214074	32699	0.00780916	TRUE	NA	NA	NA	NA	NA	NA
NC_045512.2	15709	A	T	30686	8549	37	3	2	31	9.77517e-05	30690	1	FALSE	NA	NA	NA	NA	NA	NA
NC_045512.2	15709	A	G	30686	8549	37	1	0	34	3.25839e-05	30690	1	FALSE	NA	NA	NA	NA	NA	NA
NC_045512.2	15710	T	A	30953	8616	38	1	1	34	3.2306e-05	30954	1	FALSE	NA	NA	NA	NA	NA	NA
NC_045512.2	15711	A	G	29716	8639	37	2	0	29	6.72993e-05	29718	1	FALSE	NA	NA	NA	NA	NA	NA
NC_045512.2	15713	T	C	30475	8495	37	2	1	25	6.56233e-05	30477	1	FALSE	NA	NA	NA	NA	NA	NA
NC_045512.2	15714	C	T	5	2	30	30441	8495	37	0.999836	30446	0	TRUE	NA	NA	NA	NA	NA	NA
NC_045512.2	15715	T	C	30342	8455	37	1	0	34	3.29565e-05	30343	1	FALSE	NA	NA	NA	NA	NA	NA
NC_045512.2	15717	T	C	27393	8739	37	3	0	34	0.000109505	27396	1	FALSE	NA	NA	NA	NA	NA	NA
NC_045512.2	15719	A	G	27625	8862	37	1	0	34	3.61978e-05	27626	1	FALSE	NA	NA	NA	NA	NA	NA
NC_045512.2	15720	C	+A	25042	9359	37	1	0	20	3.99329e-05	25042	1	FALSE	NA	NA	NA	NA	NA	NA
NC_045512.2	15721	G	T	24864	9169	37	3	0	34	0.000120637	24868	0.999997	FALSE	NA	NA	NA	NA	NA	NA
NC_045512.2	15721	G	C	24864	9169	37	1	1	34	4.02123e-05	24868	1	FALSE	NA	NA	NA	NA	NA	NA
NC_045512.2	15722	A	T	25862	9553	37	1	0	34	3.86623e-05	25865	1	FALSE	NA	NA	NA	NA	NA	NA
NC_045512.2	15722	A	G	25862	9553	37	2	1	34	7.73246e-05	25865	1	FALSE	NA	NA	NA	NA	NA	NA
NC_045512.2	15724	G	T	26188	9597	37	1	1	34	3.81825e-05	26190	1	FALSE	NA	NA	NA	NA	NA	NA
NC_045512.2	15724	G	C	26188	9597	37	1	1	26	3.81825e-05	26190	1	FALSE	NA	NA	NA	NA	NA	NA
NC_045512.2	15725	C	T	25664	9717	36	7	1	34	0.000272671	25672	0.999733	FALSE	NA	NA	NA	NA	NA	NA
NC_045512.2	15725	C	G	25664	9717	36	1	0	26	3.89529e-05	25672	1	FALSE	NA	NA	NA	NA	NA	NA
NC_045512.2	15726	T	C	26111	9677	36	7	1	34	0.000268004	26119	0.999839	FALSE	NA	NA	NA	NA	NA	NA
NC_045512.2	15726	T	A	26111	9677	36	1	1	34	3.82863e-05	26119	1	FALSE	NA	NA	NA	NA	NA	NA
NC_045512.2	15727	G	C	26627	9665	36	1	1	34	3.75488e-05	26632	1	FALSE	NA	NA	NA	NA	NA	NA
NC_045512.2	15727	G	A	26627	9665	36	4	1	34	0.000150195	26632	0.999996	FALSE	NA	NA	NA	NA	NA	NA
NC_045512.2	15728	T	G	26652	9705	37	1	0	26	3.75178e-05	26654	1	FALSE	NA	NA	NA	NA	NA	NA
NC_045512.2	15728	T	C	26652	9705	37	1	0	34	3.75178e-05	26654	1	FALSE	NA	NA	NA	NA	NA	NA
NC_045512.2	15729	T	C	26612	9669	36	3	0	34	0.000112714	26616	0.999999	FALSE	NA	NA	NA	NA	NA	NA
NC_045512.2	15729	T	A	26612	9669	36	1	0	34	3.75714e-05	26616	1	FALSE	NA	NA	NA	NA	NA	NA
NC_045512.2	15730	G	T	26763	9659	37	1	0	34	3.73636e-05	26764	1	FALSE	NA	NA	NA	NA	NA	NA
NC_045512.2	15730	G	+C	26763	9659	37	2	0	20	7.47272e-05	26764	1	FALSE	NA	NA	NA	NA	NA	NA
NC_045512.2	15731	T	G	25562	9373	36	1	0	34	3.91068e-05	25571	1	FALSE	NA	NA	NA	NA	NA	NA
NC_045512.2	15731	T	C	25562	9373	36	8	2	38	0.000312854	25571	0.999343	FALSE	NA	NA	NA	NA	NA	NA
NC_045512.2	15732	G	T	25672	9409	36	1	0	34	3.89514e-05	25673	1	FALSE	NA	NA	NA	NA	NA	NA
NC_045512.2	15733	T	C	25334	9094	36	1	0	34	3.94711e-05	25335	1	FALSE	NA	NA	NA	NA	NA	NA
NC_045512.2	15735	T	C	24972	9128	36	1	0	34	4.00432e-05	24973	1	FALSE	NA	NA	NA	NA	NA	NA
NC_045512.2	15736	T	C	24352	8780	36	4	0	34	0.000164231	24356	0.999986	FALSE	NA	NA	NA	NA	NA	NA
NC_045512.2	15737	T	C	24428	8901	36	6	2	34	0.000245559	24434	0.999838	FALSE	NA	NA	NA	NA	NA	NA
NC_045512.2	15738	C	T	24310	8975	36	1	0	26	4.11336e-05	24311	1	FALSE	NA	NA	NA	NA	NA	NA
NC_045512.2	15739	A	G	24222	8843	36	3	0	31	0.000123839	24225	0.999997	FALSE	NA	NA	NA	NA	NA	NA
NC_045512.2	15740	A	T	23980	8900	36	1	0	34	4.16997e-05	23981	1	FALSE	NA	NA	NA	NA	NA	NA
NC_045512.2	15741	T	G	23908	8878	36	1	0	34	4.18218e-05	23911	1	FALSE	NA	NA	NA	NA	NA	NA
NC_045512.2	15741	T	C	23908	8878	36	1	0	34	4.18218e-05	23911	1	FALSE	NA	NA	NA	NA	NA	NA
NC_045512.2	15741	T	A	23908	8878	36	1	1	26	4.18218e-05	23911	1	FALSE	NA	NA	NA	NA	NA	NA
NC_045512.2	15742	A	G	22476	8713	35	1	1	34	4.44899e-05	22477	1	FALSE	NA	NA	NA	NA	NA	NA
NC_045512.2	15743	G	C	23975	8710	36	1	1	26	4.17084e-05	23976	1	FALSE	NA	NA	NA	NA	NA	NA
NC_045512.2	15744	C	G	25150	9789	36	2	0	34	7.95165e-05	25152	1	FALSE	NA	NA	NA	NA	NA	NA
NC_045512.2	15745	A	G	25194	9721	36	3	1	34	0.000119062	25197	0.999998	FALSE	NA	NA	NA	NA	NA	NA
NC_045512.2	15746	C	T	23428	10039	36	5	5	34	0.000213374	23433	0.99991	FALSE	NA	NA	NA	NA	NA	NA
NC_045512.2	15746	C	-T	23428	10039	36	1	0	20	4.26749e-05	23433	1	FALSE	NA	NA	NA	NA	NA	NA
NC_045512.2	15747	T	A	23144	9703	36	1	1	34	4.32059e-05	23145	1	FALSE	NA	NA	NA	NA	NA	NA
NC_045512.2	15748	T	G	23824	10547	36	7	5	34	0.000293673	23836	0.999286	FALSE	NA	NA	NA	NA	NA	NA
NC_045512.2	15748	T	C	23824	10547	36	5	1	40	0.000209767	23836	0.226442	FALSE	NA	NA	NA	NA	NA	NA
NC_045512.2	15751	G	A	22419	10677	36	3	2	45	0.000133797	22422	0.500021	FALSE	NA	NA	NA	NA	NA	NA
NC_045512.2	15752	C	T	21574	10839	35	8	6	34	0.000370662	21583	0.995945	FALSE	NA	NA	NA	NA	NA	NA
NC_045512.2	15752	C	A	21574	10839	35	1	0	68	4.63328e-05	21583	0.499919	FALSE	NA	NA	NA	NA	NA	NA
NC_045512.2	15753	A	G	22457	11744	36	5	5	39	0.000222598	22462	0.999845	FALSE	NA	NA	NA	NA	NA	NA
NC_045512.2	15754	T	A	22129	10721	35	1	1	26	4.51875e-05	22130	1	FALSE	NA	NA	NA	NA	NA	NA
NC_045512.2	15756	T	G	22886	11524	36	1	1	34	4.36853e-05	22891	1	FALSE	NA	NA	NA	NA	NA	NA
NC_045512.2	15756	T	C	22886	11524	36	4	3	51	0.000174741	22891	0.0624918	FALSE	NA	NA	NA	NA	NA	NA
NC_045512.2	15758	A	G	23989	12812	36	2	1	34	8.33646e-05	23991	0.999999	FALSE	NA	NA	NA	NA	NA	NA
NC_045512.2	15759	A	T	23520	12940	36	1	1	34	4.24953e-05	23532	1	FALSE	NA	NA	NA	NA	NA	NA
NC_045512.2	15759	A	G	23520	12940	36	6	0	32	0.000254972	23532	0.999727	FALSE	NA	NA	NA	NA	NA	NA
NC_045512.2	15759	A	C	23520	12940	36	5	1	34	0.000212477	23532	0.99991	FALSE	NA	NA	NA	NA	NA	NA
NC_045512.2	15760	G	T	23607	12863	36	2	0	34	8.47135e-05	23609	0.999999	FALSE	NA	NA	NA	NA	NA	NA
NC_045512.2	15761	G	A	24850	13444	36	1	0	34	4.02398e-05	24851	1	FALSE	NA	NA	NA	NA	NA	NA
NC_045512.2	15762	T	C	24283	12879	35	1	1	34	4.11777e-05	24285	1	FALSE	NA	NA	NA	NA	NA	NA
NC_045512.2	15762	T	A	24283	12879	35	1	1	26	4.11777e-05	24285	1	FALSE	NA	NA	NA	NA	NA	NA
NC_045512.2	15765	A	T	25515	14363	36	1	1	26	3.9188e-05	25518	1	FALSE	NA	NA	NA	NA	NA	NA
NC_045512.2	15765	A	G	25515	14363	36	2	2	34	7.8376e-05	25518	1	FALSE	NA	NA	NA	NA	NA	NA
NC_045512.2	15766	G	A	25572	14391	37	3	1	34	0.000117302	25575	0.999998	FALSE	NA	NA	NA	NA	NA	NA
NC_045512.2	15767	T	C	26045	14975	37	1	1	34	3.83936e-05	26046	1	FALSE	NA	NA	NA	NA	NA	NA
NC_045512.2	15771	T	C	24807	13614	37	4	1	34	0.000161212	24812	0.999986	FALSE	NA	NA	NA	NA	NA	NA
NC_045512.2	15771	T	A	24807	13614	37	1	1	34	4.03031e-05	24812	1	FALSE	NA	NA	NA	NA	NA	NA
NC_045512.2	15772	A	G	24551	13308	37	3	3	30	0.00012218	24554	0.999997	FALSE	NA	NA	NA	NA	NA	NA
NC_045512.2	15774	C	T	26165	15309	37	1	1	38	3.82175e-05	26166	1	FALSE	NA	NA	NA	NA	NA	NA
NC_045512.2	15775	A	G	26340	15440	37	1	1	34	3.79636e-05	26341	1	FALSE	NA	NA	NA	NA	NA	NA
NC_045512.2	15776	T	C	26454	15708	37	3	2	45	0.000113392	26457	0.500018	FALSE	NA	NA	NA	NA	NA	NA
NC_045512.2	15777	A	G	25957	15345	37	2	1	34	7.70446e-05	25959	1	FALSE	NA	NA	NA	NA	NA	NA
NC_045512.2	15778	A	G	26062	15404	37	4	3	34	0.000153451	26067	0.999996	FALSE	NA	NA	NA	NA	NA	NA
NC_045512.2	15778	A	C	26062	15404	37	1	1	34	3.83627e-05	26067	1	FALSE	NA	NA	NA	NA	NA	NA
NC_045512.2	15779	A	G	25778	15430	37	2	2	34	7.75795e-05	25780	1	FALSE	NA	NA	NA	NA	NA	NA
NC_045512.2	15781	A	G	24926	15512	36	2	2	34	8.02311e-05	24928	1	FALSE	NA	NA	NA	NA	NA	NA
NC_045512.2	15785	T	C	25303	15073	37	3	0	45	0.000118549	25306	0.500019	FALSE	NA	NA	NA	NA	NA	NA
NC_045512.2	15789	G	A	25391	15295	37	3	0	31	0.000118138	25394	0.999998	FALSE	NA	NA	NA	NA	NA	NA
NC_045512.2	15790	T	G	25593	15602	37	1	1	26	3.90717e-05	25594	1	FALSE	NA	NA	NA	NA	NA	NA
NC_045512.2	15791	C	T	25812	15893	37	2	1	34	7.74773e-05	25814	1	FALSE	NA	NA	NA	NA	NA	NA
NC_045512.2	15792	A	G	25094	15374	37	2	0	34	7.9694e-05	25096	1	FALSE	NA	NA	NA	NA	NA	NA
NC_045512.2	15794	T	C	25820	16692	37	1	1	34	3.87267e-05	25822	1	FALSE	NA	NA	NA	NA	NA	NA
NC_045512.2	15794	T	A	25820	16692	37	1	1	34	3.87267e-05	25822	1	FALSE	NA	NA	NA	NA	NA	NA
NC_045512.2	15795	T	C	26501	17616	37	4	3	42	0.000150915	26505	0.343759	FALSE	NA	NA	NA	NA	NA	NA
NC_045512.2	15796	C	T	26762	17932	38	1	1	68	3.7365e-05	26763	0.500009	FALSE	NA	NA	NA	NA	NA	NA
NC_045512.2	15797	T	C	26090	17267	37	2	1	34	7.66518e-05	26092	1	FALSE	NA	NA	NA	NA	NA	NA
NC_045512.2	15798	T	C	26669	17872	38	1	1	34	3.74939e-05	26671	1	FALSE	NA	NA	NA	NA	NA	NA
NC_045512.2	15798	T	A	26669	17872	38	1	1	34	3.74939e-05	26671	1	FALSE	NA	NA	NA	NA	NA	NA
NC_045512.2	15799	T	C	25334	16672	36	3	3	34	0.000118404	25337	0.999998	FALSE	NA	NA	NA	NA	NA	NA
NC_045512.2	15800	A	G	26839	18287	37	1	1	34	3.72578e-05	26840	1	FALSE	NA	NA	NA	NA	NA	NA
NC_045512.2	15800	A	-T	26839	18287	37	1	0	20	3.72578e-05	26840	1	FALSE	NA	NA	NA	NA	NA	NA
NC_045512.2	15801	T	C	27107	18550	38	3	3	45	0.00011066	27110	0.5	FALSE	NA	NA	NA	NA	NA	NA
NC_045512.2	15802	T	C	24660	16161	36	1	0	68	4.05499e-05	24661	0.50001	FALSE	NA	NA	NA	NA	NA	NA
NC_045512.2	15803	A	G	26226	17851	38	4	4	34	0.000152497	26230	0.999996	FALSE	NA	NA	NA	NA	NA	NA
NC_045512.2	15805	C	T	28641	21143	38	2	2	34	6.98251e-05	28643	1	FALSE	NA	NA	NA	NA	NA	NA
NC_045512.2	15806	A	G	29187	21763	38	1	1	68	3.42607e-05	29188	0.500009	FALSE	NA	NA	NA	NA	NA	NA
NC_045512.2	15807	A	G	29140	21796	38	1	1	34	3.43159e-05	29141	1	FALSE	NA	NA	NA	NA	NA	NA
NC_045512.2	15809	A	C	29605	22303	38	1	1	24	3.37769e-05	29606	1	FALSE	NA	NA	NA	NA	NA	NA
NC_045512.2	15810	C	T	29614	22315	38	1	0	68	3.37655e-05	29616	0.5	FALSE	NA	NA	NA	NA	NA	NA
NC_045512.2	15810	C	A	29614	22315	38	1	1	34	3.37655e-05	29616	1	FALSE	NA	NA	NA	NA	NA	NA
NC_045512.2	15812	A	C	29402	22125	38	1	1	34	3.40101e-05	29403	1	FALSE	NA	NA	NA	NA	NA	NA
NC_045512.2	15813	T	C	29144	22069	38	1	0	68	3.43112e-05	29145	0.500009	FALSE	NA	NA	NA	NA	NA	NA
NC_045512.2	15814	G	-T	29577	22438	38	2	0	20	6.76201e-05	29577	1	FALSE	NA	NA	NA	NA	NA	NA
NC_045512.2	15815	T	C	30648	23813	38	2	2	34	6.52529e-05	30650	1	FALSE	NA	NA	NA	NA	NA	NA
NC_045512.2	15816	T	C	31668	24838	38	2	2	53	6.31493e-05	31671	0.249996	FALSE	NA	NA	NA	NA	NA	NA
NC_045512.2	15816	T	A	31668	24838	38	1	1	34	3.15746e-05	31671	1	FALSE	NA	NA	NA	NA	NA	NA
NC_045512.2	15817	T	C	31391	24567	38	1	0	34	3.18552e-05	31392	1	FALSE	NA	NA	NA	NA	NA	NA
NC_045512.2	15818	T	G	31847	25041	39	1	1	34	3.13972e-05	31850	1	FALSE	NA	NA	NA	NA	NA	NA
NC_045512.2	15818	T	C	31847	25041	39	2	1	51	6.27943e-05	31850	0.249996	FALSE	NA	NA	NA	NA	NA	NA
NC_045512.2	15819	T	C	31800	25234	37	3	2	34	9.43307e-05	31803	1	FALSE	NA	NA	NA	NA	NA	NA
NC_045512.2	15821	T	C	32893	26451	38	1	1	34	3.04007e-05	32894	1	FALSE	NA	NA	NA	NA	NA	NA
NC_045512.2	15822	G	A	33307	26816	39	1	1	26	3.00228e-05	33308	1	FALSE	NA	NA	NA	NA	NA	NA
NC_045512.2	15823	T	C	32283	26444	38	9	8	34	0.000278707	32292	0.999944	FALSE	NA	NA	NA	NA	NA	NA
NC_045512.2	15824	C	T	33566	28253	38	1	0	34	2.97903e-05	33568	1	FALSE	NA	NA	NA	NA	NA	NA
NC_045512.2	15824	C	A	33566	28253	38	1	1	34	2.97903e-05	33568	1	FALSE	NA	NA	NA	NA	NA	NA
NC_045512.2	15825	T	C	34695	29556	38	2	2	34	5.76419e-05	34697	1	FALSE	NA	NA	NA	NA	NA	NA
NC_045512.2	15826	G	C	34897	29760	38	1	1	34	2.86549e-05	34898	1	FALSE	NA	NA	NA	NA	NA	NA
NC_045512.2	15827	A	T	35907	30884	38	1	1	27	2.78474e-05	35910	1	FALSE	NA	NA	NA	NA	NA	NA
NC_045512.2	15827	A	G	35907	30884	38	2	2	34	5.56948e-05	35910	1	FALSE	NA	NA	NA	NA	NA	NA
NC_045512.2	15828	A	T	35852	31127	38	1	1	27	2.78886e-05	35857	1	FALSE	NA	NA	NA	NA	NA	NA
NC_045512.2	15828	A	G	35852	31127	38	4	3	34	0.000111554	35857	1	FALSE	NA	NA	NA	NA	NA	NA
NC_045512.2	15829	G	A	35856	31100	38	1	1	34	2.78886e-05	35857	1	FALSE	NA	NA	NA	NA	NA	NA
NC_045512.2	15830	C	-A	38189	33877	38	5	0	20	0.000130928	38189	1	FALSE	NA	NA	NA	NA	NA	NA
NC_045512.2	15831	A	T	37895	33605	38	1	1	27	2.63845e-05	37901	1	FALSE	NA	NA	NA	NA	NA	NA
NC_045512.2	15831	A	G	37895	33605	38	5	5	32	0.000131923	37901	1	FALSE	NA	NA	NA	NA	NA	NA
NC_045512.2	15832	A	T	38023	33728	38	1	1	27	2.62943e-05	38031	1	FALSE	NA	NA	NA	NA	NA	NA
NC_045512.2	15832	A	G	38023	33728	38	7	6	38	0.00018406	38031	1	FALSE	NA	NA	NA	NA	NA	NA
NC_045512.2	15833	A	T	38112	33987	38	1	1	27	2.62364e-05	38115	1	FALSE	NA	NA	NA	NA	NA	NA
NC_045512.2	15833	A	G	38112	33987	38	2	2	34	5.24728e-05	38115	1	FALSE	NA	NA	NA	NA	NA	NA
NC_045512.2	15834	A	T	38966	34874	38	5	5	32	0.000128301	38971	1	FALSE	NA	NA	NA	NA	NA	NA
NC_045512.2	15835	T	C	37614	33551	38	5	4	40	0.000132912	37619	0.363289	FALSE	NA	NA	NA	NA	NA	NA
NC_045512.2	15836	G	A	39119	35132	38	2	2	34	5.11234e-05	39121	1	FALSE	NA	NA	NA	NA	NA	NA
NC_045512.2	15837	T	G	38771	34787	38	1	1	34	2.57905e-05	38774	1	FALSE	NA	NA	NA	NA	NA	NA
NC_045512.2	15837	T	C	38771	34787	38	1	1	34	2.57905e-05	38774	1	FALSE	NA	NA	NA	NA	NA	NA
NC_045512.2	15837	T	A	38771	34787	38	1	1	26	2.57905e-05	38774	1	FALSE	NA	NA	NA	NA	NA	NA
NC_045512.2	15838	T	G	38642	34659	38	1	1	34	2.58752e-05	38647	1	FALSE	NA	NA	NA	NA	NA	NA
NC_045512.2	15838	T	C	38642	34659	38	4	3	51	0.000103501	38647	0.0624951	FALSE	NA	NA	NA	NA	NA	NA
NC_045512.2	15838	T	-G	38642	34659	38	1	0	20	2.58752e-05	38647	1	FALSE	NA	NA	NA	NA	NA	NA
NC_045512.2	15839	G	C	38470	34683	38	4	4	34	0.000103961	38476	1	FALSE	NA	NA	NA	NA	NA	NA
NC_045512.2	15839	G	A	38470	34683	38	2	2	34	5.19805e-05	38476	1	FALSE	NA	NA	NA	NA	NA	NA
NC_045512.2	15840	G	A	38842	35067	38	1	1	34	2.57447e-05	38843	1	FALSE	NA	NA	NA	NA	NA	NA
NC_045512.2	15841	A	G	38679	34897	38	4	3	40	0.000103405	38683	0.500014	FALSE	NA	NA	NA	NA	NA	NA
NC_045512.2	15842	C	T	38690	35393	37	2	2	34	5.16903e-05	38692	1	FALSE	NA	NA	NA	NA	NA	NA
NC_045512.2	15843	T	G	37395	34129	37	1	1	34	2.6738e-05	37400	1	FALSE	NA	NA	NA	NA	NA	NA
NC_045512.2	15843	T	C	37395	34129	37	3	2	42	8.02139e-05	37400	0.656244	FALSE	NA	NA	NA	NA	NA	NA
NC_045512.2	15843	T	A	37395	34129	37	1	0	26	2.6738e-05	37400	1	FALSE	NA	NA	NA	NA	NA	NA
NC_045512.2	15844	G	C	37388	34117	37	2	2	68	5.34902e-05	37390	0.250003	FALSE	NA	NA	NA	NA	NA	NA
NC_045512.2	15845	A	G	37279	34012	37	6	5	45	0.000160918	37286	0.253893	FALSE	NA	NA	NA	NA	NA	NA
NC_045512.2	15845	A	C	37279	34012	37	1	1	34	2.68197e-05	37286	1	FALSE	NA	NA	NA	NA	NA	NA
NC_045512.2	15847	A	T	36910	34020	36	2	0	22	5.41785e-05	36915	1	FALSE	NA	NA	NA	NA	NA	NA
NC_045512.2	15847	A	G	36910	34020	36	3	3	31	8.12678e-05	36915	1	FALSE	NA	NA	NA	NA	NA	NA
NC_045512.2	15848	C	T	37155	34146	37	2	2	34	5.38257e-05	37157	1	FALSE	NA	NA	NA	NA	NA	NA
NC_045512.2	15849	T	C	35990	32996	37	6	6	34	0.000166685	35996	1	FALSE	NA	NA	NA	NA	NA	NA
NC_045512.2	15850	G	A	36146	33150	37	5	5	34	0.000138309	36151	1	FALSE	NA	NA	NA	NA	NA	NA
NC_045512.2	15851	A	G	36043	33046	37	5	5	34	0.000138704	36048	1	FALSE	NA	NA	NA	NA	NA	NA
NC_045512.2	15852	C	T	36027	33046	37	1	1	34	2.77562e-05	36028	1	FALSE	NA	NA	NA	NA	NA	NA
NC_045512.2	15854	T	C	34119	31635	37	5	4	40	0.000146524	34124	0.363289	FALSE	NA	NA	NA	NA	NA	NA
NC_045512.2	15855	T	C	34167	31688	37	2	1	51	5.85326e-05	34169	0.250004	FALSE	NA	NA	NA	NA	NA	NA
NC_045512.2	15855	T	-A	34167	31688	37	1	0	20	2.92663e-05	34169	1	FALSE	NA	NA	NA	NA	NA	NA
NC_045512.2	15856	A	G	33724	31287	36	2	1	51	5.93014e-05	33726	0.249996	FALSE	NA	NA	NA	NA	NA	NA
NC_045512.2	15857	C	G	34133	31705	36	1	1	34	2.9292e-05	34139	1	FALSE	NA	NA	NA	NA	NA	NA
NC_045512.2	15857	C	A	34133	31705	36	5	5	34	0.00014646	34139	1	FALSE	NA	NA	NA	NA	NA	NA
NC_045512.2	15858	T	C	33510	31102	37	1	1	34	2.98409e-05	33511	1	FALSE	NA	NA	NA	NA	NA	NA
NC_045512.2	15859	A	G	32394	30024	37	2	2	34	6.17322e-05	32398	1	FALSE	NA	NA	NA	NA	NA	NA
NC_045512.2	15859	A	C	32394	30024	37	2	2	34	6.17322e-05	32398	1	FALSE	NA	NA	NA	NA	NA	NA
NC_045512.2	15861	A	G	31807	29579	36	5	4	34	0.000157173	31812	0.999999	FALSE	NA	NA	NA	NA	NA	NA
NC_045512.2	15863	G	T	31627	29992	36	1	1	34	3.16176e-05	31628	1	FALSE	NA	NA	NA	NA	NA	NA
NC_045512.2	15864	A	T	29686	28180	35	1	1	26	3.36825e-05	29689	1	FALSE	NA	NA	NA	NA	NA	NA
NC_045512.2	15864	A	G	29686	28180	35	2	2	34	6.7365e-05	29689	1	FALSE	NA	NA	NA	NA	NA	NA
NC_045512.2	15866	C	T	29093	27621	35	1	1	26	3.43713e-05	29094	1	FALSE	NA	NA	NA	NA	NA	NA
NC_045512.2	15867	T	C	28937	27452	36	7	7	34	0.000241846	28944	0.999942	FALSE	NA	NA	NA	NA	NA	NA
NC_045512.2	15868	C	T	28874	27529	35	1	1	34	3.4632e-05	28875	1	FALSE	NA	NA	NA	NA	NA	NA
NC_045512.2	15869	A	G	28900	27558	35	3	3	34	0.000103795	28903	1	FALSE	NA	NA	NA	NA	NA	NA
NC_045512.2	15872	A	G	28664	27335	35	2	1	32	6.97691e-05	28666	1	FALSE	NA	NA	NA	NA	NA	NA
NC_045512.2	15873	A	G	28751	27462	35	1	1	34	3.47802e-05	28752	1	FALSE	NA	NA	NA	NA	NA	NA
NC_045512.2	15874	T	C	28450	27366	35	3	2	42	0.000105426	28456	0.499967	FALSE	NA	NA	NA	NA	NA	NA
NC_045512.2	15874	T	A	28450	27366	35	3	3	34	0.000105426	28456	1	FALSE	NA	NA	NA	NA	NA	NA
NC_045512.2	15875	T	A	24464	23398	34	7	7	34	0.000286053	24471	0.999563	FALSE	NA	NA	NA	NA	NA	NA
NC_045512.2	15876	T	G	26103	25057	35	12	12	34	0.000459488	26116	0.99309	FALSE	NA	NA	NA	NA	NA	NA
NC_045512.2	15876	T	C	26103	25057	35	1	1	34	3.82907e-05	26116	1	FALSE	NA	NA	NA	NA	NA	NA
NC_045512.2	15877	T	G	25792	24749	35	3	2	31	0.000116279	25800	0.999998	FALSE	NA	NA	NA	NA	NA	NA
NC_045512.2	15877	T	C	25792	24749	35	5	5	34	0.000193798	25800	0.99997	FALSE	NA	NA	NA	NA	NA	NA
NC_045512.2	15879	C	T	25906	24922	35	10	10	34	0.000385862	25916	0.997015	FALSE	NA	NA	NA	NA	NA	NA
NC_045512.2	15880	T	C	23684	22703	33	1	1	26	4.22172e-05	23687	1	FALSE	NA	NA	NA	NA	NA	NA
NC_045512.2	15880	T	A	23684	22703	33	2	2	30	8.44345e-05	23687	0.999999	FALSE	NA	NA	NA	NA	NA	NA
NC_045512.2	15881	C	T	25835	24890	35	1	1	34	3.87057e-05	25836	1	FALSE	NA	NA	NA	NA	NA	NA
NC_045512.2	15882	T	A	25646	24703	35	1	1	34	3.89909e-05	25647	1	FALSE	NA	NA	NA	NA	NA	NA
NC_045512.2	15885	A	T	25429	24624	35	1	1	34	3.93236e-05	25430	1	FALSE	NA	NA	NA	NA	NA	NA
NC_045512.2	15886	C	T	29982	24748	34	2	0	34	6.67022e-05	29984	1	FALSE	NA	NA	NA	NA	NA	NA
NC_045512.2	15887	A	G	30522	24496	34	2	2	34	6.55201e-05	30525	1	FALSE	NA	NA	NA	NA	NA	NA
NC_045512.2	15887	A	C	30522	24496	34	1	0	34	3.276e-05	30525	1	FALSE	NA	NA	NA	NA	NA	NA
NC_045512.2	15888	T	C	30736	24570	34	3	0	34	9.75959e-05	30739	1	FALSE	NA	NA	NA	NA	NA	NA
NC_045512.2	15889	A	G	30010	23896	34	1	1	34	3.33211e-05	30011	1	FALSE	NA	NA	NA	NA	NA	NA
NC_045512.2	15892	A	C	29791	23035	34	3	3	34	0.000100691	29794	1	FALSE	NA	NA	NA	NA	NA	NA
NC_045512.2	15893	T	C	29573	22815	34	2	1	34	6.76247e-05	29575	1	FALSE	NA	NA	NA	NA	NA	NA
NC_045512.2	15894	G	A	28784	22212	34	2	2	34	6.94782e-05	28786	1	FALSE	NA	NA	NA	NA	NA	NA
NC_045512.2	15895	C	T	28740	22165	34	1	1	34	3.47923e-05	28742	1	FALSE	NA	NA	NA	NA	NA	NA
NC_045512.2	15895	C	A	28740	22165	34	1	1	34	3.47923e-05	28742	1	FALSE	NA	NA	NA	NA	NA	NA
NC_045512.2	15896	T	C	27907	20663	34	1	1	34	3.58307e-05	27909	1	FALSE	NA	NA	NA	NA	NA	NA
NC_045512.2	15896	T	A	27907	20663	34	1	1	34	3.58307e-05	27909	1	FALSE	NA	NA	NA	NA	NA	NA
NC_045512.2	15897	A	T	29041	20952	34	2	1	34	6.8861e-05	29044	1	FALSE	NA	NA	NA	NA	NA	NA
NC_045512.2	15897	A	G	29041	20952	34	1	1	34	3.44305e-05	29044	1	FALSE	NA	NA	NA	NA	NA	NA
NC_045512.2	15898	G	A	29161	20908	34	3	0	34	0.000102867	29164	1	FALSE	NA	NA	NA	NA	NA	NA
NC_045512.2	15899	T	C	28780	20549	34	2	0	34	6.94879e-05	28782	1	FALSE	NA	NA	NA	NA	NA	NA
NC_045512.2	15900	T	C	29083	20870	34	1	1	34	3.43832e-05	29084	1	FALSE	NA	NA	NA	NA	NA	NA
NC_045512.2	15901	A	G	28378	20016	34	3	3	34	0.000105705	28381	1	FALSE	NA	NA	NA	NA	NA	NA
NC_045512.2	15902	A	G	28192	19996	34	3	3	31	0.000106398	28196	1	FALSE	NA	NA	NA	NA	NA	NA
NC_045512.2	15902	A	C	28192	19996	34	1	0	24	3.5466e-05	28196	1	FALSE	NA	NA	NA	NA	NA	NA
NC_045512.2	15903	A	G	28297	19958	34	1	1	34	3.53382e-05	28298	1	FALSE	NA	NA	NA	NA	NA	NA
NC_045512.2	15904	C	T	28389	20033	34	1	1	34	3.52237e-05	28390	1	FALSE	NA	NA	NA	NA	NA	NA
NC_045512.2	15905	A	G	25101	16793	34	16	5	35	0.000637019	25117	0.941452	FALSE	NA	NA	NA	NA	NA	NA
NC_045512.2	15906	G	T	25603	16332	34	1	1	34	3.90549e-05	25605	1	FALSE	NA	NA	NA	NA	NA	NA
NC_045512.2	15906	G	C	25603	16332	34	1	0	34	3.90549e-05	25605	1	FALSE	NA	NA	NA	NA	NA	NA
NC_045512.2	15907	G	T	24987	15615	34	3	0	34	0.000120043	24991	0.999997	FALSE	NA	NA	NA	NA	NA	NA
NC_045512.2	15907	G	A	24987	15615	34	1	1	34	4.00144e-05	24991	1	FALSE	NA	NA	NA	NA	NA	NA
NC_045512.2	15908	G	A	25070	15708	35	4	2	32	0.000159528	25074	0.999992	FALSE	NA	NA	NA	NA	NA	NA
NC_045512.2	15910	G	C	24676	15157	35	1	1	34	4.05236e-05	24677	1	FALSE	NA	NA	NA	NA	NA	NA
NC_045512.2	15913	G	A	25138	15125	35	1	1	34	3.97788e-05	25139	1	FALSE	NA	NA	NA	NA	NA	NA
NC_045512.2	15914	A	G	10245	459	35	1	0	34	9.75991e-05	10246	0.999513	FALSE	NA	NA	NA	NA	NA	NA
NC_045512.2	15915	T	C	10373	461	35	1	0	34	9.63948e-05	10374	0.999513	FALSE	NA	NA	NA	NA	NA	NA
NC_045512.2	15922	T	C	11820	596	35	1	0	34	8.45952e-05	11821	0.999757	FALSE	NA	NA	NA	NA	NA	NA
NC_045512.2	15925	C	G	11885	601	36	1	0	34	8.41255e-05	11887	0.999757	FALSE	NA	NA	NA	NA	NA	NA
NC_045512.2	15925	C	A	11885	601	36	1	0	34	8.41255e-05	11887	0.999757	FALSE	NA	NA	NA	NA	NA	NA
NC_045512.2	15926	T	C	12013	600	36	1	0	68	8.32362e-05	12014	0.500021	FALSE	NA	NA	NA	NA	NA	NA
NC_045512.2	15928	C	T	14491	650	36	2	0	34	0.000137988	14494	0.999741	FALSE	NA	NA	NA	NA	NA	NA
NC_045512.2	15928	C	A	14491	650	36	1	0	34	6.89941e-05	14494	0.99997	FALSE	NA	NA	NA	NA	NA	NA
NC_045512.2	15929	C	T	14491	658	36	1	0	34	6.90036e-05	14492	0.99997	FALSE	NA	NA	NA	NA	NA	NA
NC_045512.2	15930	T	C	14496	656	36	1	0	34	6.89798e-05	14497	0.99997	FALSE	NA	NA	NA	NA	NA	NA
NC_045512.2	15931	T	C	14492	662	36	1	0	34	6.89988e-05	14493	0.99997	FALSE	NA	NA	NA	NA	NA	NA
NC_045512.2	15932	A	-C	15098	670	36	1	0	20	6.62339e-05	15098	1	FALSE	NA	NA	NA	NA	NA	NA
NC_045512.2	15933	C	T	15135	679	36	1	0	34	6.60677e-05	15136	0.999985	FALSE	NA	NA	NA	NA	NA	NA
NC_045512.2	15935	C	A	15113	716	36	1	0	34	6.61638e-05	15114	0.999985	FALSE	NA	NA	NA	NA	NA	NA
NC_045512.2	15935	C	-AGATCCATCAA	15113	716	36	1	0	20	6.61638e-05	15114	1	FALSE	NA	NA	NA	NA	NA	NA
NC_045512.2	15936	A	G	15161	715	36	4	0	34	0.00026373	15167	0.997791	FALSE	NA	NA	NA	NA	NA	NA
NC_045512.2	15936	A	C	15161	715	36	2	0	34	0.000131865	15167	0.999863	FALSE	NA	NA	NA	NA	NA	NA
NC_045512.2	15938	A	G	15449	834	35	1	0	34	6.47249e-05	15450	0.999985	FALSE	NA	NA	NA	NA	NA	NA
NC_045512.2	15941	C	T	16014	835	36	1	0	68	6.24259e-05	16019	0.499938	FALSE	NA	NA	NA	NA	NA	NA
NC_045512.2	15941	C	A	16014	835	36	4	0	34	0.000249703	16019	0.998715	FALSE	NA	NA	NA	NA	NA	NA
NC_045512.2	15942	A	G	16077	880	36	5	0	34	0.000310907	16082	0.99641	FALSE	NA	NA	NA	NA	NA	NA
NC_045512.2	15943	T	C	16109	927	36	5	0	34	0.000310289	16114	0.99641	FALSE	NA	NA	NA	NA	NA	NA
NC_045512.2	15944	C	T	16182	930	36	1	0	34	6.17932e-05	16183	0.999992	FALSE	NA	NA	NA	NA	NA	NA
NC_045512.2	15945	A	G	16197	966	36	1	0	34	6.1736e-05	16198	0.999992	FALSE	NA	NA	NA	NA	NA	NA
NC_045512.2	15948	A	T	15764	971	36	1	0	34	6.34276e-05	15766	0.999985	FALSE	NA	NA	NA	NA	NA	NA
NC_045512.2	15948	A	G	15764	971	36	1	1	68	6.34276e-05	15766	0.5	FALSE	NA	NA	NA	NA	NA	NA
NC_045512.2	15950	T	C	16585	982	36	1	0	34	6.02918e-05	16586	0.999992	FALSE	NA	NA	NA	NA	NA	NA
NC_045512.2	15953	T	C	16735	1015	36	3	0	34	0.000179233	16738	0.999637	FALSE	NA	NA	NA	NA	NA	NA
NC_045512.2	15954	A	T	16589	1016	36	2	0	34	0.000120525	16594	0.999928	FALSE	NA	NA	NA	NA	NA	NA
NC_045512.2	15954	A	G	16589	1016	36	3	0	45	0.000180788	16594	0.312466	FALSE	NA	NA	NA	NA	NA	NA
NC_045512.2	15956	G	T	16779	1109	37	1	0	26	5.95948e-05	16780	1	FALSE	NA	NA	NA	NA	NA	NA
NC_045512.2	15958	G	T	16839	1119	37	1	0	34	5.93824e-05	16840	0.999992	FALSE	NA	NA	NA	NA	NA	NA
NC_045512.2	15959	C	T	16806	1134	37	1	0	26	5.9499e-05	16807	1	FALSE	NA	NA	NA	NA	NA	NA
NC_045512.2	15960	C	T	16846	1133	37	1	0	34	5.93577e-05	16847	0.999992	FALSE	NA	NA	NA	NA	NA	NA
NC_045512.2	15961	G	A	16859	1133	37	1	0	34	5.9312e-05	16860	0.999992	FALSE	NA	NA	NA	NA	NA	NA
NC_045512.2	15962	G	A	16860	1133	37	3	0	34	0.000177904	16863	0.999637	FALSE	NA	NA	NA	NA	NA	NA
NC_045512.2	15966	T	C	17116	1184	37	2	0	34	0.000116836	17118	0.999962	FALSE	NA	NA	NA	NA	NA	NA
NC_045512.2	15968	T	A	17228	1411	37	1	0	26	5.80417e-05	17229	1	FALSE	NA	NA	NA	NA	NA	NA
NC_045512.2	15969	T	A	16619	1490	37	1	0	34	6.01685e-05	16620	0.999992	FALSE	NA	NA	NA	NA	NA	NA
NC_045512.2	15970	G	T	16826	1492	37	1	0	34	5.94283e-05	16827	0.999992	FALSE	NA	NA	NA	NA	NA	NA
NC_045512.2	15974	A	G	16267	1661	37	2	1	34	0.000122933	16269	0.999928	FALSE	NA	NA	NA	NA	NA	NA
NC_045512.2	15977	A	G	16478	1682	38	3	0	58	0.000182028	16481	0.125	FALSE	NA	NA	NA	NA	NA	NA
NC_045512.2	15978	T	C	16419	1617	37	5	0	34	0.000304433	16424	0.996412	FALSE	NA	NA	NA	NA	NA	NA
NC_045512.2	15981	C	T	15832	2091	38	2	0	34	0.00012631	15834	0.999863	FALSE	NA	NA	NA	NA	NA	NA
NC_045512.2	15982	G	T	15819	2085	38	1	0	34	6.31912e-05	15825	0.999985	FALSE	NA	NA	NA	NA	NA	NA
NC_045512.2	15982	G	A	15819	2085	38	5	0	32	0.000315956	15825	0.994104	FALSE	NA	NA	NA	NA	NA	NA
NC_045512.2	15983	T	C	15759	2113	38	1	0	34	6.34437e-05	15762	0.999985	FALSE	NA	NA	NA	NA	NA	NA
NC_045512.2	15983	T	A	15759	2113	38	2	0	26	0.000126887	15762	1	FALSE	NA	NA	NA	NA	NA	NA
NC_045512.2	15988	A	G	13493	2452	37	1	0	34	7.4107e-05	13494	0.999939	FALSE	NA	NA	NA	NA	NA	NA
NC_045512.2	15992	A	G	14141	2503	37	2	0	34	0.000141403	14144	0.999741	FALSE	NA	NA	NA	NA	NA	NA
NC_045512.2	15992	A	C	14141	2503	37	1	0	26	7.07014e-05	14144	1	FALSE	NA	NA	NA	NA	NA	NA
NC_045512.2	15996	T	C	14206	2587	37	2	0	34	0.000140766	14208	0.999742	FALSE	NA	NA	NA	NA	NA	NA
NC_045512.2	15997	A	G	13709	2635	37	1	0	34	7.29395e-05	13710	0.999939	FALSE	NA	NA	NA	NA	NA	NA
NC_045512.2	15998	C	A	12918	2747	37	1	0	34	7.74054e-05	12919	0.999878	FALSE	NA	NA	NA	NA	NA	NA
NC_045512.2	15999	A	G	13355	2770	37	1	0	34	7.48727e-05	13356	0.999939	FALSE	NA	NA	NA	NA	NA	NA
NC_045512.2	16002	T	G	13313	2720	37	1	0	34	7.51089e-05	13314	0.999939	FALSE	NA	NA	NA	NA	NA	NA
NC_045512.2	16005	G	T	13393	2637	37	3	0	34	0.000223947	13396	0.997916	FALSE	NA	NA	NA	NA	NA	NA
NC_045512.2	16006	A	G	13501	2740	37	1	1	34	7.40631e-05	13502	0.999939	FALSE	NA	NA	NA	NA	NA	NA
NC_045512.2	16007	T	C	12739	2834	37	2	0	46	0.000156974	12741	0.500029	FALSE	NA	NA	NA	NA	NA	NA
NC_045512.2	16009	G	A	12504	2824	37	1	0	34	7.9968e-05	12505	0.999878	FALSE	NA	NA	NA	NA	NA	NA
NC_045512.2	16011	A	G	12461	2933	37	1	0	26	8.02439e-05	12462	1	FALSE	NA	NA	NA	NA	NA	NA
NC_045512.2	16012	C	T	12261	2965	37	2	0	34	0.000163092	12263	0.999087	FALSE	NA	NA	NA	NA	NA	NA
NC_045512.2	16013	G	A	12218	2905	37	1	0	34	8.18398e-05	12219	0.999878	FALSE	NA	NA	NA	NA	NA	NA
NC_045512.2	16014	G	A	12431	2939	37	2	0	34	0.000160862	12433	0.999087	FALSE	NA	NA	NA	NA	NA	NA
NC_045512.2	16015	T	C	11936	2543	36	2	0	34	0.000167532	11938	0.998296	FALSE	NA	NA	NA	NA	NA	NA
NC_045512.2	16018	G	A	11718	3060	36	3	1	34	0.000255951	11721	0.993546	FALSE	NA	NA	NA	NA	NA	NA
NC_045512.2	16020	G	A	11658	3229	36	1	0	26	8.57706e-05	11659	1	FALSE	NA	NA	NA	NA	NA	NA
NC_045512.2	16021	T	C	11568	3154	36	4	0	34	0.000345662	11572	0.982458	FALSE	NA	NA	NA	NA	NA	NA
NC_045512.2	16025	T	G	11280	3175	36	1	0	26	8.86446e-05	11281	1	FALSE	NA	NA	NA	NA	NA	NA
NC_045512.2	16027	G	A	11472	3164	36	1	0	34	8.71612e-05	11473	0.999757	FALSE	NA	NA	NA	NA	NA	NA
NC_045512.2	16028	C	T	9631	3516	36	2	0	34	0.00020762	9633	0.994155	FALSE	NA	NA	NA	NA	NA	NA
NC_045512.2	16029	T	G	9867	3742	36	1	0	34	0.000101338	9868	0.999026	FALSE	NA	NA	NA	NA	NA	NA
NC_045512.2	16030	A	T	10072	3888	36	1	0	34	9.92654e-05	10074	0.999513	FALSE	NA	NA	NA	NA	NA	NA
NC_045512.2	16030	A	G	10072	3888	36	1	0	34	9.92654e-05	10074	0.999513	FALSE	NA	NA	NA	NA	NA	NA
NC_045512.2	16033	G	A	9690	3944	36	1	0	34	0.000103189	9691	0.999026	FALSE	NA	NA	NA	NA	NA	NA
NC_045512.2	16034	A	G	9528	4036	35	1	0	34	0.000104943	9529	0.999026	FALSE	NA	NA	NA	NA	NA	NA
NC_045512.2	16037	C	T	9564	4086	36	1	0	34	0.000104548	9565	0.999026	FALSE	NA	NA	NA	NA	NA	NA
NC_045512.2	16038	T	C	9590	4058	36	7	0	34	0.000729395	9597	0.77291	FALSE	NA	NA	NA	NA	NA	NA
NC_045512.2	16046	T	G	9997	4514	36	1	0	27	0.00010001	9999	1	FALSE	NA	NA	NA	NA	NA	NA
NC_045512.2	16046	T	C	9997	4514	36	1	1	34	0.00010001	9999	0.999026	FALSE	NA	NA	NA	NA	NA	NA
NC_045512.2	16047	T	C	10047	4550	36	2	0	34	0.000199025	10049	0.996835	FALSE	NA	NA	NA	NA	NA	NA
NC_045512.2	16052	A	G	9946	4905	35	2	0	40	0.000201045	9948	0.250013	FALSE	NA	NA	NA	NA	NA	NA
NC_045512.2	16054	C	A	10407	5379	36	1	1	34	9.60799e-05	10408	0.999513	FALSE	NA	NA	NA	NA	NA	NA
NC_045512.2	16055	A	G	10280	5159	36	1	1	34	9.72668e-05	10281	0.999513	FALSE	NA	NA	NA	NA	NA	NA
NC_045512.2	16056	T	C	10359	5202	36	1	0	34	9.65065e-05	10362	0.999513	FALSE	NA	NA	NA	NA	NA	NA
NC_045512.2	16056	T	A	10359	5202	36	2	2	29	0.000193013	10362	1	FALSE	NA	NA	NA	NA	NA	NA
NC_045512.2	16059	T	C	10806	5649	36	4	3	59	0.000370028	10810	0.0624942	FALSE	NA	NA	NA	NA	NA	NA
NC_045512.2	16061	A	C	11493	5867	36	1	1	34	8.70019e-05	11494	0.999757	FALSE	NA	NA	NA	NA	NA	NA
NC_045512.2	16062	T	G	11524	5886	37	1	0	34	8.67679e-05	11525	0.999757	FALSE	NA	NA	NA	NA	NA	NA
NC_045512.2	16064	A	G	11403	5820	36	1	0	34	8.76885e-05	11404	0.999757	FALSE	NA	NA	NA	NA	NA	NA
NC_045512.2	16067	A	G	11793	5970	36	2	1	34	0.000169563	11795	0.998296	FALSE	NA	NA	NA	NA	NA	NA
NC_045512.2	16071	T	C	11702	5815	36	1	1	34	8.54482e-05	11703	0.999757	FALSE	NA	NA	NA	NA	NA	NA
NC_045512.2	16072	G	T	11682	5773	36	1	1	26	8.55945e-05	11683	1	FALSE	NA	NA	NA	NA	NA	NA
NC_045512.2	16074	T	C	11454	5656	36	2	1	34	0.000174581	11456	0.998296	FALSE	NA	NA	NA	NA	NA	NA
NC_045512.2	16077	T	C	11525	5734	36	1	0	34	8.67604e-05	11526	0.999757	FALSE	NA	NA	NA	NA	NA	NA
NC_045512.2	16080	C	T	11333	5660	37	3	0	34	0.000264644	11336	0.993546	FALSE	NA	NA	NA	NA	NA	NA
NC_045512.2	16081	T	C	11194	5522	37	1	0	34	8.93256e-05	11195	0.999757	FALSE	NA	NA	NA	NA	NA	NA
NC_045512.2	16082	T	C	11189	5536	37	1	0	34	8.93655e-05	11190	0.999757	FALSE	NA	NA	NA	NA	NA	NA
NC_045512.2	16083	T	C	11340	5753	37	1	1	34	8.81756e-05	11341	0.999757	FALSE	NA	NA	NA	NA	NA	NA
NC_045512.2	16085	A	G	11420	5751	37	2	1	29	0.000175101	11422	1	FALSE	NA	NA	NA	NA	NA	NA
NC_045512.2	16088	T	C	11379	5732	37	1	0	34	8.78735e-05	11380	0.999757	FALSE	NA	NA	NA	NA	NA	NA
NC_045512.2	16089	G	A	11381	5701	37	2	0	34	0.000175701	11383	0.998296	FALSE	NA	NA	NA	NA	NA	NA
NC_045512.2	16091	A	G	11698	6099	37	1	1	24	8.54774e-05	11699	1	FALSE	NA	NA	NA	NA	NA	NA
NC_045512.2	16092	C	A	11303	6245	37	1	1	34	8.84643e-05	11304	0.999757	FALSE	NA	NA	NA	NA	NA	NA
NC_045512.2	16093	T	C	11262	6173	37	2	0	46	0.000177557	11264	0.500033	FALSE	NA	NA	NA	NA	NA	NA
NC_045512.2	16095	A	G	11294	6204	37	1	1	34	8.85347e-05	11295	0.999757	FALSE	NA	NA	NA	NA	NA	NA
NC_045512.2	16097	A	G	11041	6282	37	3	1	53	0.000271641	11044	0.125	FALSE	NA	NA	NA	NA	NA	NA
NC_045512.2	16100	A	G	10869	6310	36	5	5	32	0.000459812	10874	0.94085	FALSE	NA	NA	NA	NA	NA	NA
NC_045512.2	16103	T	C	10795	6284	36	1	1	24	9.26269e-05	10796	1	FALSE	NA	NA	NA	NA	NA	NA
NC_045512.2	16104	A	G	10866	6366	36	2	2	34	0.000184026	10868	0.996834	FALSE	NA	NA	NA	NA	NA	NA
NC_045512.2	16107	A	G	10496	6257	36	1	1	38	9.52653e-05	10497	0.999513	FALSE	NA	NA	NA	NA	NA	NA
NC_045512.2	16108	A	G	10651	6386	36	1	1	34	9.38791e-05	10652	0.999513	FALSE	NA	NA	NA	NA	NA	NA
NC_045512.2	16109	A	G	10433	6174	36	2	0	30	0.000191644	10436	0.996833	FALSE	NA	NA	NA	NA	NA	NA
NC_045512.2	16109	A	C	10433	6174	36	1	0	26	9.58222e-05	10436	1	FALSE	NA	NA	NA	NA	NA	NA
NC_045512.2	16112	T	C	10323	6117	37	1	0	34	9.68617e-05	10324	0.999513	FALSE	NA	NA	NA	NA	NA	NA
NC_045512.2	16115	A	C	11054	7367	37	3	3	34	0.000271321	11057	0.993547	FALSE	NA	NA	NA	NA	NA	NA
NC_045512.2	16117	G	T	10982	7306	37	1	1	34	9.10415e-05	10984	0.999513	FALSE	NA	NA	NA	NA	NA	NA
NC_045512.2	16117	G	A	10982	7306	37	1	1	68	9.10415e-05	10984	0.5	FALSE	NA	NA	NA	NA	NA	NA
NC_045512.2	16118	A	G	11808	8224	37	1	1	34	8.4674e-05	11810	0.999757	FALSE	NA	NA	NA	NA	NA	NA
NC_045512.2	16118	A	C	11808	8224	37	1	0	26	8.4674e-05	11810	1	FALSE	NA	NA	NA	NA	NA	NA
NC_045512.2	16119	T	C	12758	9316	37	10	6	36	0.000783208	12768	0.738417	FALSE	NA	NA	NA	NA	NA	NA
NC_045512.2	16121	A	T	13018	9698	37	1	1	34	7.6799e-05	13021	0.999939	FALSE	NA	NA	NA	NA	NA	NA
NC_045512.2	16121	A	G	13018	9698	37	1	1	34	7.6799e-05	13021	0.999939	FALSE	NA	NA	NA	NA	NA	NA
NC_045512.2	16121	A	C	13018	9698	37	1	1	34	7.6799e-05	13021	0.999939	FALSE	NA	NA	NA	NA	NA	NA
NC_045512.2	16124	T	C	12623	9393	37	1	1	34	7.92079e-05	12625	0.999878	FALSE	NA	NA	NA	NA	NA	NA
NC_045512.2	16124	T	A	12623	9393	37	1	1	26	7.92079e-05	12625	1	FALSE	NA	NA	NA	NA	NA	NA
NC_045512.2	16125	A	T	12961	9687	37	1	0	68	7.71486e-05	12962	0.500019	FALSE	NA	NA	NA	NA	NA	NA
NC_045512.2	16126	A	C	12867	9724	37	1	1	34	7.77122e-05	12868	0.999878	FALSE	NA	NA	NA	NA	NA	NA
NC_045512.2	16127	C	T	12813	9766	37	1	1	34	7.80336e-05	12815	0.999878	FALSE	NA	NA	NA	NA	NA	NA
NC_045512.2	16127	C	A	12813	9766	37	1	1	34	7.80336e-05	12815	0.999878	FALSE	NA	NA	NA	NA	NA	NA
NC_045512.2	16128	A	G	12660	9617	37	3	3	34	0.000236911	12663	0.996317	FALSE	NA	NA	NA	NA	NA	NA
NC_045512.2	16129	G	A	12554	9593	37	5	5	34	0.000398121	12559	0.975526	FALSE	NA	NA	NA	NA	NA	NA
NC_045512.2	16130	G	T	15118	12468	38	1	1	34	6.61376e-05	15120	0.999985	FALSE	NA	NA	NA	NA	NA	NA
NC_045512.2	16130	G	C	15118	12468	38	1	1	34	6.61376e-05	15120	0.999985	FALSE	NA	NA	NA	NA	NA	NA
NC_045512.2	16131	A	T	15040	12495	37	1	0	68	6.64717e-05	15044	0.499967	FALSE	NA	NA	NA	NA	NA	NA
NC_045512.2	16131	A	G	15040	12495	37	2	0	34	0.000132943	15044	0.999863	FALSE	NA	NA	NA	NA	NA	NA
NC_045512.2	16131	A	C	15040	12495	37	1	1	34	6.64717e-05	15044	0.999985	FALSE	NA	NA	NA	NA	NA	NA
NC_045512.2	16132	C	T	15059	12514	37	1	1	34	6.64011e-05	15060	0.999985	FALSE	NA	NA	NA	NA	NA	NA
NC_045512.2	16135	A	G	15141	12688	37	1	1	34	6.60415e-05	15142	0.999985	FALSE	NA	NA	NA	NA	NA	NA
NC_045512.2	16138	T	G	16294	14245	37	2	1	30	0.00012273	16296	0.999928	FALSE	NA	NA	NA	NA	NA	NA
NC_045512.2	16142	A	G	17575	15341	37	2	1	51	0.000113785	17577	0.250007	FALSE	NA	NA	NA	NA	NA	NA
NC_045512.2	16143	C	T	17538	15226	38	1	1	34	5.70158e-05	17539	0.999996	FALSE	NA	NA	NA	NA	NA	NA
NC_045512.2	16144	A	G	17480	15226	38	1	1	34	5.72017e-05	17482	0.999996	FALSE	NA	NA	NA	NA	NA	NA
NC_045512.2	16144	A	C	17480	15226	38	1	1	26	5.72017e-05	17482	1	FALSE	NA	NA	NA	NA	NA	NA
NC_045512.2	16146	G	A	17270	15092	37	1	1	34	5.79005e-05	17271	0.999996	FALSE	NA	NA	NA	NA	NA	NA
NC_045512.2	16147	T	C	17848	15808	37	2	1	34	0.000112045	17850	0.999962	FALSE	NA	NA	NA	NA	NA	NA
NC_045512.2	16148	A	G	19012	17138	38	1	1	24	5.25956e-05	19013	1	FALSE	NA	NA	NA	NA	NA	NA
NC_045512.2	16149	T	C	19222	17354	38	1	1	26	5.2021e-05	19223	1	FALSE	NA	NA	NA	NA	NA	NA
NC_045512.2	16150	T	C	19211	17384	38	1	1	26	5.20508e-05	19212	1	FALSE	NA	NA	NA	NA	NA	NA
NC_045512.2	16153	G	A	18908	17078	38	1	1	34	5.28849e-05	18909	0.999998	FALSE	NA	NA	NA	NA	NA	NA
NC_045512.2	16154	T	C	19073	17284	38	1	0	68	5.24274e-05	19074	0.500013	FALSE	NA	NA	NA	NA	NA	NA
NC_045512.2	16155	T	C	18714	16940	38	3	3	34	0.000160282	18717	0.99989	FALSE	NA	NA	NA	NA	NA	NA
NC_045512.2	16155	T	-A	18714	16940	38	1	0	20	5.34274e-05	18717	1	FALSE	NA	NA	NA	NA	NA	NA
NC_045512.2	16158	G	A	18461	16780	38	5	2	40	0.000270768	18466	0.109369	FALSE	NA	NA	NA	NA	NA	NA
NC_045512.2	16159	C	G	18547	17138	37	1	1	34	5.39142e-05	18548	0.999998	FALSE	NA	NA	NA	NA	NA	NA
NC_045512.2	16160	T	C	18120	16710	37	1	1	26	5.51846e-05	18121	1	FALSE	NA	NA	NA	NA	NA	NA
NC_045512.2	16161	T	C	18131	16721	37	2	2	34	0.000110296	18133	0.99998	FALSE	NA	NA	NA	NA	NA	NA
NC_045512.2	16162	A	G	17795	16391	37	1	0	68	5.61924e-05	17796	0.500014	FALSE	NA	NA	NA	NA	NA	NA
NC_045512.2	16163	C	A	17927	16525	37	3	1	34	0.000167317	17930	0.9998	FALSE	NA	NA	NA	NA	NA	NA
NC_045512.2	16164	T	C	17760	16361	37	2	2	34	0.0001126	17762	0.999962	FALSE	NA	NA	NA	NA	NA	NA
NC_045512.2	16165	A	G	17811	16415	37	3	2	56	0.000168407	17814	0.125	FALSE	NA	NA	NA	NA	NA	NA
NC_045512.2	16166	A	G	17818	16675	36	1	1	34	5.61199e-05	17819	0.999996	FALSE	NA	NA	NA	NA	NA	NA
NC_045512.2	16167	T	C	17391	16250	36	4	4	32	0.000229951	17395	0.999258	FALSE	NA	NA	NA	NA	NA	NA
NC_045512.2	16169	A	G	17740	16651	36	1	0	68	5.63666e-05	17741	0.500014	FALSE	NA	NA	NA	NA	NA	NA
NC_045512.2	16171	A	G	17526	16559	35	2	2	29	0.000114103	17528	1	FALSE	NA	NA	NA	NA	NA	NA
NC_045512.2	16172	A	G	17512	16544	35	1	1	34	5.70972e-05	17514	0.999996	FALSE	NA	NA	NA	NA	NA	NA
NC_045512.2	16172	A	C	17512	16544	35	1	1	34	5.70972e-05	17514	0.999996	FALSE	NA	NA	NA	NA	NA	NA
NC_045512.2	16174	A	G	17242	16295	35	2	1	51	0.000115982	17244	0.250007	FALSE	NA	NA	NA	NA	NA	NA
NC_045512.2	16176	T	C	15925	14984	34	4	3	34	0.000251114	15929	0.997794	FALSE	NA	NA	NA	NA	NA	NA
NC_045512.2	16178	C	A	17066	16150	35	1	1	34	5.85926e-05	17067	0.999996	FALSE	NA	NA	NA	NA	NA	NA
NC_045512.2	16179	A	G	16933	16016	35	2	2	34	0.000118099	16935	0.999928	FALSE	NA	NA	NA	NA	NA	NA
NC_045512.2	16180	A	G	16924	16022	35	1	1	34	5.90842e-05	16925	0.999992	FALSE	NA	NA	NA	NA	NA	NA
NC_045512.2	16182	G	T	16893	15999	35	6	3	68	0.000355009	16901	0.0156153	FALSE	NA	NA	NA	NA	NA	NA
NC_045512.2	16182	G	A	16893	15999	35	2	2	34	0.000118336	16901	0.999928	FALSE	NA	NA	NA	NA	NA	NA
NC_045512.2	16186	T	A	16466	15633	35	1	1	34	6.07275e-05	16467	0.999992	FALSE	NA	NA	NA	NA	NA	NA
NC_045512.2	16188	G	T	16458	15635	35	1	1	34	6.07533e-05	16460	0.999992	FALSE	NA	NA	NA	NA	NA	NA
NC_045512.2	16188	G	A	16458	15635	35	1	1	34	6.07533e-05	16460	0.999992	FALSE	NA	NA	NA	NA	NA	NA
NC_045512.2	16189	G	A	16473	15656	35	3	2	34	0.000182083	16476	0.999637	FALSE	NA	NA	NA	NA	NA	NA
NC_045512.2	16190	A	G	16349	15534	35	2	2	34	0.000122317	16351	0.999928	FALSE	NA	NA	NA	NA	NA	NA
NC_045512.2	16193	C	A	15910	15207	35	2	2	34	0.000125691	15912	0.999863	FALSE	NA	NA	NA	NA	NA	NA
NC_045512.2	16194	T	C	15659	14954	35	3	3	34	0.000191546	15662	0.999346	FALSE	NA	NA	NA	NA	NA	NA
NC_045512.2	16196	A	G	15766	15059	35	3	3	34	0.000190247	15769	0.999346	FALSE	NA	NA	NA	NA	NA	NA
NC_045512.2	16200	T	C	15740	15137	35	2	2	29	0.000127049	15742	1	FALSE	NA	NA	NA	NA	NA	NA
NC_045512.2	16202	A	G	15631	15121	35	4	4	34	0.000255836	15635	0.997794	FALSE	NA	NA	NA	NA	NA	NA
NC_045512.2	16203	T	C	15664	15156	35	1	1	34	6.38366e-05	15665	0.999985	FALSE	NA	NA	NA	NA	NA	NA
NC_045512.2	16205	A	T	15479	15009	34	10	10	34	0.000644995	15504	0.884892	FALSE	NA	NA	NA	NA	NA	NA
NC_045512.2	16205	A	G	15479	15009	34	10	8	36	0.000644995	15504	0.884892	FALSE	NA	NA	NA	NA	NA	NA
NC_045512.2	16205	A	C	15479	15009	34	5	5	34	0.000322497	15504	0.994059	FALSE	NA	NA	NA	NA	NA	NA
NC_045512.2	16206	G	T	15452	14980	34	1	1	34	6.47124e-05	15453	0.999985	FALSE	NA	NA	NA	NA	NA	NA
NC_045512.2	16207	G	A	15441	14976	34	4	4	34	0.000258983	15445	0.997794	FALSE	NA	NA	NA	NA	NA	NA
NC_045512.2	16209	T	C	14899	14447	34	1	1	68	6.71141e-05	14900	0.500017	FALSE	NA	NA	NA	NA	NA	NA
NC_045512.2	16210	A	G	15297	14846	34	1	1	34	6.5368e-05	15298	0.999985	FALSE	NA	NA	NA	NA	NA	NA
NC_045512.2	16212	G	A	15259	14808	34	1	1	34	6.55308e-05	15260	0.999985	FALSE	NA	NA	NA	NA	NA	NA
NC_045512.2	16213	T	G	15197	14747	34	1	1	26	6.57851e-05	15201	1	FALSE	NA	NA	NA	NA	NA	NA
NC_045512.2	16213	T	C	15197	14747	34	2	2	34	0.00013157	15201	0.999863	FALSE	NA	NA	NA	NA	NA	NA
NC_045512.2	16213	T	A	15197	14747	34	1	1	34	6.57851e-05	15201	0.999985	FALSE	NA	NA	NA	NA	NA	NA
NC_045512.2	16214	A	G	15228	14776	34	2	2	30	0.000131311	15231	0.999863	FALSE	NA	NA	NA	NA	NA	NA
NC_045512.2	16214	A	C	15228	14776	34	1	1	24	6.56556e-05	15231	1	FALSE	NA	NA	NA	NA	NA	NA
NC_045512.2	16215	C	T	15227	14777	34	1	1	34	6.56685e-05	15228	0.999985	FALSE	NA	NA	NA	NA	NA	NA
NC_045512.2	16216	A	C	13889	13437	34	1	1	34	7.19942e-05	13890	0.999939	FALSE	NA	NA	NA	NA	NA	NA
NC_045512.2	16219	C	T	12892	12440	35	2	2	34	0.000155099	12895	0.999087	FALSE	NA	NA	NA	NA	NA	NA
NC_045512.2	16219	C	A	12892	12440	35	1	1	34	7.75494e-05	12895	0.999878	FALSE	NA	NA	NA	NA	NA	NA
NC_045512.2	16221	G	A	11022	10570	35	10	10	34	0.000906454	11032	0.668341	FALSE	NA	NA	NA	NA	NA	NA
NC_045512.2	16222	C	T	10987	10590	35	2	2	30	0.000182	10989	0.996834	FALSE	NA	NA	NA	NA	NA	NA
NC_045512.2	16223	A	G	10970	10572	35	1	1	34	9.11494e-05	10971	0.999513	FALSE	NA	NA	NA	NA	NA	NA
NC_045512.2	16225	A	G	10873	10488	35	1	1	34	9.19625e-05	10874	0.999513	FALSE	NA	NA	NA	NA	NA	NA
NC_045512.2	16226	C	T	10891	10516	35	1	1	34	9.18105e-05	10892	0.999513	FALSE	NA	NA	NA	NA	NA	NA
NC_045512.2	16227	A	G	8139	7831	35	3	3	34	0.000368189	8148	0.967255	FALSE	NA	NA	NA	NA	NA	NA
NC_045512.2	16227	A	C	8139	7831	35	6	6	34	0.000736377	8148	0.787991	FALSE	NA	NA	NA	NA	NA	NA
NC_045512.2	16228	G	A	8048	7749	35	3	3	34	0.000372625	8051	0.967345	FALSE	NA	NA	NA	NA	NA	NA
NC_045512.2	16229	T	C	7067	6784	34	1	1	34	0.000141483	7068	0.996104	FALSE	NA	NA	NA	NA	NA	NA
NC_045512.2	16231	T	C	6708	6493	35	1	1	34	0.000149054	6709	0.992204	FALSE	NA	NA	NA	NA	NA	NA
NC_045512.2	16235	A	C	6261	6115	35	2	2	34	0.000319336	6263	0.964905	FALSE	NA	NA	NA	NA	NA	NA
NC_045512.2	16432	G	C	350	10	34	1	0	34	0.002849	351	0.500713	FALSE	NA	NA	NA	NA	NA	NA
NC_045512.2	16503	T	C	631	57	38	1	1	34	0.00158228	632	0.500396	FALSE	NA	NA	NA	NA	NA	NA
NC_045512.2	16508	G	-T	552	68	37	1	0	20	0.00181159	552	0.984754	FALSE	NA	NA	NA	NA	NA	NA
NC_045512.2	16524	A	G	499	111	36	1	1	34	0.002	500	0.500501	FALSE	NA	NA	NA	NA	NA	NA
NC_045512.2	16532	G	A	514	114	35	2	0	34	0.00387597	516	0.250242	FALSE	NA	NA	NA	NA	NA	NA
NC_045512.2	16602	A	G	429	236	36	1	1	34	0.00232558	430	0.500582	FALSE	NA	NA	NA	NA	NA	NA
NC_045512.2	16613	G	A	487	297	36	1	0	46	0.00204918	488	0.500513	FALSE	NA	NA	NA	NA	NA	NA
NC_045512.2	16616	C	A	0	0	0	503	309	36	1	503	1.15963e-301	TRUE	NA	NA	NA	NA	NA	NA
NC_045512.2	16630	C	A	473	330	37	3	3	34	0.00630252	476	0.125	FALSE	NA	NA	NA	NA	NA	NA
NC_045512.2	16636	G	T	473	333	37	1	1	34	0.0021097	474	0.500528	FALSE	NA	NA	NA	NA	NA	NA
NC_045512.2	16701	T	C	490	416	36	1	1	34	0.00203666	491	0.50051	FALSE	NA	NA	NA	NA	NA	NA
NC_045512.2	17021	T	C	521	4	33	1	0	34	0.00191571	522	0.500479	FALSE	NA	NA	NA	NA	NA	NA
NC_045512.2	17051	T	G	660	59	34	2	1	68	0.00302115	662	0.250189	FALSE	NA	NA	NA	NA	NA	NA
NC_045512.2	17068	T	C	893	148	38	1	0	34	0.00111857	894	0.50028	FALSE	NA	NA	NA	NA	NA	NA
NC_045512.2	17075	T	C	1008	167	39	1	0	34	0.00099108	1009	0.750372	FALSE	NA	NA	NA	NA	NA	NA
NC_045512.2	17078	A	G	1021	166	39	1	1	34	0.000978474	1022	0.750367	FALSE	NA	NA	NA	NA	NA	NA
NC_045512.2	17119	C	A	1037	333	37	5	0	34	0.00479846	1042	0.109262	FALSE	NA	NA	NA	NA	NA	NA
NC_045512.2	17122	G	T	1072	335	37	2	0	34	0.0018622	1074	0.500349	FALSE	NA	NA	NA	NA	NA	NA
NC_045512.2	17139	T	C	1134	361	37	1	0	34	0.000881057	1135	0.750331	FALSE	NA	NA	NA	NA	NA	NA
NC_045512.2	17141	C	T	1194	462	38	2	0	34	0.00167224	1196	0.500314	FALSE	NA	NA	NA	NA	NA	NA
NC_045512.2	17148	A	T	1239	459	38	1	0	34	0.000806452	1240	0.750303	FALSE	NA	NA	NA	NA	NA	NA
NC_045512.2	17149	G	C	1357	464	38	1	0	34	0.000736377	1358	0.750276	FALSE	NA	NA	NA	NA	NA	NA
NC_045512.2	17150	T	C	1363	474	38	2	1	34	0.0014652	1365	0.500275	FALSE	NA	NA	NA	NA	NA	NA
NC_045512.2	17157	A	G	1264	399	37	1	0	34	0.000790514	1265	0.750297	FALSE	NA	NA	NA	NA	NA	NA
NC_045512.2	17161	T	C	1258	425	38	8	5	34	0.00631912	1266	0.0194201	FALSE	NA	NA	NA	NA	NA	NA
NC_045512.2	17168	A	T	1238	449	37	1	1	27	0.000807103	1239	0.999882	FALSE	NA	NA	NA	NA	NA	NA
NC_045512.2	17171	C	T	1232	463	37	2	0	34	0.00162075	1234	0.500304	FALSE	NA	NA	NA	NA	NA	NA
NC_045512.2	17174	C	T	1171	469	37	1	1	34	0.000853242	1172	0.75032	FALSE	NA	NA	NA	NA	NA	NA
NC_045512.2	17178	T	G	1555	470	36	1	0	27	0.000642674	1556	0.999985	FALSE	NA	NA	NA	NA	NA	NA
NC_045512.2	17183	C	T	1537	487	36	2	0	34	0.00129955	1539	0.500244	FALSE	NA	NA	NA	NA	NA	NA
NC_045512.2	17215	A	T	1519	695	38	1	1	26	0.000657895	1520	0.999985	FALSE	NA	NA	NA	NA	NA	NA
NC_045512.2	17235	T	C	1642	951	39	1	0	34	0.000608643	1643	0.750228	FALSE	NA	NA	NA	NA	NA	NA
NC_045512.2	17238	A	G	1654	970	39	2	1	68	0.00120773	1656	0.250076	FALSE	NA	NA	NA	NA	NA	NA
NC_045512.2	17239	C	G	1674	983	40	1	1	34	0.000597015	1675	0.750224	FALSE	NA	NA	NA	NA	NA	NA
NC_045512.2	17243	C	T	1542	853	40	1	0	34	0.000648088	1543	0.750243	FALSE	NA	NA	NA	NA	NA	NA
NC_045512.2	17250	T	A	1496	975	40	4	2	68	0.00266667	1500	0.0624583	FALSE	NA	NA	NA	NA	NA	NA
NC_045512.2	17272	T	G	1444	985	39	1	1	26	0.000692042	1445	0.999971	FALSE	NA	NA	NA	NA	NA	NA
NC_045512.2	17281	A	T	1248	1088	36	1	1	34	0.0008	1250	0.7501	FALSE	NA	NA	NA	NA	NA	NA
NC_045512.2	17281	A	G	1248	1088	36	1	1	34	0.0008	1250	0.7501	FALSE	NA	NA	NA	NA	NA	NA
NC_045512.2	17282	A	T	1248	1090	36	1	1	26	0.000800641	1249	0.999882	FALSE	NA	NA	NA	NA	NA	NA
NC_045512.2	17290	T	C	1329	1223	35	1	1	34	0.00075188	1330	0.750282	FALSE	NA	NA	NA	NA	NA	NA
NC_045512.2	17307	T	C	1152	1064	36	2	1	34	0.0017331	1154	0.500325	FALSE	NA	NA	NA	NA	NA	NA
NC_045512.2	17320	G	A	1045	968	36	1	1	34	0.000956023	1046	0.750359	FALSE	NA	NA	NA	NA	NA	NA
NC_045512.2	17330	A	T	766	711	36	1	1	34	0.00130378	767	0.500326	FALSE	NA	NA	NA	NA	NA	NA
NC_045512.2	17342	A	G	607	576	35	1	1	34	0.00164474	608	0.500412	FALSE	NA	NA	NA	NA	NA	NA
NC_045512.2	17677	A	G	1207	76	35	4	0	34	0.00330306	1211	0.1875	FALSE	NA	NA	NA	NA	NA	NA
NC_045512.2	17708	C	A	1528	133	36	1	0	34	0.000654022	1529	0.750245	FALSE	NA	NA	NA	NA	NA	NA
NC_045512.2	17713	A	T	1655	137	36	1	0	34	0.000603865	1656	0.750227	FALSE	NA	NA	NA	NA	NA	NA
NC_045512.2	17734	C	T	1640	215	37	1	0	34	0.000609385	1641	0.750229	FALSE	NA	NA	NA	NA	NA	NA
NC_045512.2	17737	A	G	1583	228	36	1	0	68	0.000631313	1584	0.500158	FALSE	NA	NA	NA	NA	NA	NA
NC_045512.2	17746	C	G	1816	279	37	1	1	26	0.000550358	1817	0.999998	FALSE	NA	NA	NA	NA	NA	NA
NC_045512.2	17748	T	C	1756	265	36	2	0	34	0.00113766	1758	0.500213	FALSE	NA	NA	NA	NA	NA	NA
NC_045512.2	17752	T	C	1794	271	37	1	1	34	0.000557103	1795	0.750209	FALSE	NA	NA	NA	NA	NA	NA
NC_045512.2	17759	A	G	1763	334	38	1	0	34	0.000566893	1764	0.750213	FALSE	NA	NA	NA	NA	NA	NA
NC_045512.2	17763	T	A	1692	485	38	3	0	34	0.00176991	1695	0.312611	FALSE	NA	NA	NA	NA	NA	NA
NC_045512.2	17765	T	A	1719	473	38	1	0	34	0.000581395	1720	0.750218	FALSE	NA	NA	NA	NA	NA	NA
NC_045512.2	17796	T	C	1824	733	39	1	0	34	0.000547945	1825	0.750206	FALSE	NA	NA	NA	NA	NA	NA
NC_045512.2	17803	T	C	1780	700	39	5	0	34	0.00280112	1785	0.109309	FALSE	NA	NA	NA	NA	NA	NA
NC_045512.2	17806	A	T	1799	812	39	1	0	34	0.000555556	1800	0.750208	FALSE	NA	NA	NA	NA	NA	NA
NC_045512.2	17808	G	A	1798	820	39	1	0	34	0.000555864	1799	0.750209	FALSE	NA	NA	NA	NA	NA	NA
NC_045512.2	17813	T	G	1751	923	38	3	3	34	0.00171038	1754	0.312607	FALSE	NA	NA	NA	NA	NA	NA
NC_045512.2	17823	A	G	1748	1032	38	1	1	34	0.000571755	1749	0.750214	FALSE	NA	NA	NA	NA	NA	NA
NC_045512.2	17828	A	G	1734	1050	37	1	0	34	0.000576369	1735	0.750216	FALSE	NA	NA	NA	NA	NA	NA
NC_045512.2	17838	T	C	1794	1159	38	1	1	34	0.000557103	1795	0.750209	FALSE	NA	NA	NA	NA	NA	NA
NC_045512.2	17847	G	A	1613	1171	36	1	1	34	0.000619579	1614	0.750232	FALSE	NA	NA	NA	NA	NA	NA
NC_045512.2	17901	T	C	1894	1595	38	1	1	34	0.000527704	1895	0.750198	FALSE	NA	NA	NA	NA	NA	NA
NC_045512.2	17904	T	C	1970	1692	39	1	1	34	0.000507357	1971	0.75019	FALSE	NA	NA	NA	NA	NA	NA
NC_045512.2	17905	A	T	1967	1685	39	2	2	34	0.00101574	1969	0.500191	FALSE	NA	NA	NA	NA	NA	NA
NC_045512.2	17911	A	T	1933	1681	40	1	0	68	0.000517063	1934	0.500129	FALSE	NA	NA	NA	NA	NA	NA
NC_045512.2	17935	A	G	1578	1376	39	1	0	34	0.000633312	1579	0.750238	FALSE	NA	NA	NA	NA	NA	NA
NC_045512.2	17941	A	G	1560	1363	39	2	2	51	0.00128041	1562	0.25008	FALSE	NA	NA	NA	NA	NA	NA
NC_045512.2	17943	A	G	1559	1370	39	1	1	26	0.000641026	1560	0.999985	FALSE	NA	NA	NA	NA	NA	NA
NC_045512.2	17952	A	G	1439	1290	38	1	1	34	0.000694444	1440	0.750261	FALSE	NA	NA	NA	NA	NA	NA
NC_045512.2	17954	T	C	1180	1069	35	1	1	34	0.00084674	1181	0.750318	FALSE	NA	NA	NA	NA	NA	NA
NC_045512.2	17970	T	C	1124	1061	35	1	0	26	0.000888889	1125	0.999764	FALSE	NA	NA	NA	NA	NA	NA
NC_045512.2	18280	A	T	0	0	0	3	0	34	1	3	0.1	FALSE	NA	NA	NA	NA	NA	NA
NC_045512.2	18290	G	T	0	0	0	3	0	34	1	3	0.1	FALSE	NA	NA	NA	NA	NA	NA
NC_045512.2	18303	C	G	0	0	0	3	0	34	1	3	0.1	FALSE	NA	NA	NA	NA	NA	NA
NC_045512.2	18543	A	T	0	0	0	3	3	34	1	3	0.1	FALSE	NA	NA	NA	NA	NA	NA
NC_045512.2	18594	A	T	0	0	0	3	3	34	1	3	0.1	FALSE	NA	NA	NA	NA	NA	NA
NC_045512.2	22578	G	A	0	0	0	18	11	35	1	18	2.20382e-10	TRUE	NA	NA	NA	NA	NA	NA
NC_045512.2	22579	T	C	15	11	36	3	0	34	0.166667	18	0.124675	FALSE	NA	NA	NA	NA	NA	NA
NC_045512.2	22674	C	T	0	0	0	11	11	33	1	11	2.83514e-06	TRUE	NA	NA	NA	NA	NA	NA
NC_045512.2	22679	T	C	0	0	0	12	12	34	1	12	7.39602e-07	TRUE	NA	NA	NA	NA	NA	NA
NC_045512.2	22686	C	T	0	0	0	12	12	34	1	12	7.39602e-07	TRUE	NA	NA	NA	NA	NA	NA
NC_045512.2	22688	A	G	0	0	0	12	12	33	1	12	7.39602e-07	TRUE	NA	NA	NA	NA	NA	NA
NC_045512.2	22775	G	A	0	0	0	4	4	34	1	4	0.0285714	FALSE	NA	NA	NA	NA	NA	NA
NC_045512.2	22786	A	C	0	0	0	110	14	34	1	110	2.209e-65	TRUE	NA	NA	NA	NA	NA	NA
NC_045512.2	22799	G	T	149	25	34	1	0	34	0.00666667	150	0.501672	FALSE	NA	NA	NA	NA	NA	NA
NC_045512.2	22813	G	T	0	0	0	186	31	34	1	186	5.02915e-111	TRUE	NA	NA	NA	NA	NA	NA
NC_045512.2	22882	T	G	0	0	0	210	92	40	1	210	1.89834e-125	TRUE	NA	NA	NA	NA	NA	NA
NC_045512.2	22903	T	C	211	127	41	1	0	34	0.00471698	212	0.501182	FALSE	NA	NA	NA	NA	NA	NA
NC_045512.2	22917	T	G	0	0	0	231	172	41	1	231	4.52676e-138	TRUE	NA	NA	NA	NA	NA	NA
NC_045512.2	22966	T	C	194	167	40	2	2	34	0.0102041	196	0.250639	FALSE	NA	NA	NA	NA	NA	NA
NC_045512.2	22992	G	A	0	0	0	152	141	36	1	152	1.34204e-90	TRUE	NA	NA	NA	NA	NA	NA
NC_045512.2	22995	C	A	0	0	0	148	137	36	1	148	3.39019e-88	TRUE	NA	NA	NA	NA	NA	NA
NC_045512.2	23013	A	C	0	0	0	98	90	37	1	98	3.49859e-58	TRUE	NA	NA	NA	NA	NA	NA
NC_045512.2	23018	T	G	0	0	0	60	56	35	1	60	2.07007e-35	TRUE	NA	NA	NA	NA	NA	NA
NC_045512.2	23251	A	G	1819	0	33	1	0	34	0.000549451	1820	0.750206	FALSE	NA	NA	NA	NA	NA	NA
NC_045512.2	23252	C	T	2132	0	33	2	0	34	0.000937207	2134	0.687764	FALSE	NA	NA	NA	NA	NA	NA
NC_045512.2	23258	G	A	2838	32	33	2	0	34	0.000704225	2840	0.687698	FALSE	NA	NA	NA	NA	NA	NA
NC_045512.2	23261	A	T	2960	84	34	1	0	34	0.00033761	2962	0.875063	FALSE	NA	NA	NA	NA	NA	NA
NC_045512.2	23261	A	G	2960	84	34	1	0	34	0.00033761	2962	0.875063	FALSE	NA	NA	NA	NA	NA	NA
NC_045512.2	23263	A	T	3681	148	33	1	0	68	0.000271592	3682	0.500068	FALSE	NA	NA	NA	NA	NA	NA
NC_045512.2	23265	A	T	4407	154	32	7	0	34	0.00158586	4414	0.274414	FALSE	NA	NA	NA	NA	NA	NA
NC_045512.2	23269	T	C	5581	181	34	3	0	34	0.000537249	5584	0.855616	FALSE	NA	NA	NA	NA	NA	NA
NC_045512.2	23272	T	C	6044	188	34	1	0	34	0.000165426	6045	0.992206	FALSE	NA	NA	NA	NA	NA	NA
NC_045512.2	23274	A	G	6340	222	34	5	0	32	0.000788022	6345	0.725764	FALSE	NA	NA	NA	NA	NA	NA
NC_045512.2	23276	A	T	6889	280	34	1	0	34	0.000145117	6891	0.992199	FALSE	NA	NA	NA	NA	NA	NA
NC_045512.2	23276	A	G	6889	280	34	1	0	34	0.000145117	6891	0.992199	FALSE	NA	NA	NA	NA	NA	NA
NC_045512.2	23278	T	C	9310	292	34	7	0	34	0.000751315	9317	0.772915	FALSE	NA	NA	NA	NA	NA	NA
NC_045512.2	23278	T	-A	9310	292	34	1	0	20	0.000107331	9317	1	FALSE	NA	NA	NA	NA	NA	NA
NC_045512.2	23281	T	C	9970	375	34	1	0	34	0.000100291	9971	0.999026	FALSE	NA	NA	NA	NA	NA	NA
NC_045512.2	23283	A	G	10182	383	34	1	0	34	9.82029e-05	10183	0.999513	FALSE	NA	NA	NA	NA	NA	NA
NC_045512.2	23284	T	C	10200	383	34	1	0	34	9.80296e-05	10201	0.999513	FALSE	NA	NA	NA	NA	NA	NA
NC_045512.2	23285	G	A	10209	385	34	1	0	34	9.79432e-05	10210	0.999513	FALSE	NA	NA	NA	NA	NA	NA
NC_045512.2	23289	T	C	10720	397	34	1	0	34	9.32749e-05	10721	0.999513	FALSE	NA	NA	NA	NA	NA	NA
NC_045512.2	23291	C	T	10828	409	34	3	0	34	0.000276983	10831	0.988794	FALSE	NA	NA	NA	NA	NA	NA
NC_045512.2	23292	G	A	10970	411	34	1	0	34	9.11494e-05	10971	0.999513	FALSE	NA	NA	NA	NA	NA	NA
NC_045512.2	23295	A	G	11238	442	34	2	0	34	0.000177936	11240	0.998296	FALSE	NA	NA	NA	NA	NA	NA
NC_045512.2	23297	C	A	11683	443	35	1	1	34	8.55871e-05	11684	0.999757	FALSE	NA	NA	NA	NA	NA	NA
NC_045512.2	23298	C	A	11684	458	35	3	0	31	0.000256695	11687	0.993546	FALSE	NA	NA	NA	NA	NA	NA
NC_045512.2	23299	A	G	11720	456	35	3	0	42	0.000255907	11723	0.312516	FALSE	NA	NA	NA	NA	NA	NA
NC_045512.2	23301	A	G	11690	459	35	3	0	34	0.000256564	11693	0.993546	FALSE	NA	NA	NA	NA	NA	NA
NC_045512.2	23302	G	-A	11794	458	35	1	0	20	8.47889e-05	11794	1	FALSE	NA	NA	NA	NA	NA	NA
NC_045512.2	23303	A	G	11857	547	35	3	0	34	0.000252951	11860	0.993543	FALSE	NA	NA	NA	NA	NA	NA
NC_045512.2	23305	A	G	12879	563	35	2	0	34	0.000155267	12881	0.999087	FALSE	NA	NA	NA	NA	NA	NA
NC_045512.2	23307	T	C	13210	573	35	4	0	34	0.000302709	13214	0.993654	FALSE	NA	NA	NA	NA	NA	NA
NC_045512.2	23308	T	C	13150	572	35	5	0	34	0.000380084	13155	0.984592	FALSE	NA	NA	NA	NA	NA	NA
NC_045512.2	23309	G	A	13234	574	35	1	0	34	7.55572e-05	13235	0.999939	FALSE	NA	NA	NA	NA	NA	NA
NC_045512.2	23310	A	T	13231	573	35	1	0	34	7.55629e-05	13234	0.999939	FALSE	NA	NA	NA	NA	NA	NA
NC_045512.2	23310	A	G	13231	573	35	2	0	34	0.000151126	13234	0.999513	FALSE	NA	NA	NA	NA	NA	NA
NC_045512.2	23312	A	G	13060	903	36	3	0	34	0.000229656	13063	0.997916	FALSE	NA	NA	NA	NA	NA	NA
NC_045512.2	23313	T	C	13558	921	36	2	0	34	0.000147493	13560	0.999513	FALSE	NA	NA	NA	NA	NA	NA
NC_045512.2	23314	T	C	13554	890	36	1	0	34	7.37735e-05	13555	0.999939	FALSE	NA	NA	NA	NA	NA	NA
NC_045512.2	23315	C	T	13666	957	36	1	0	34	7.31689e-05	13667	0.999939	FALSE	NA	NA	NA	NA	NA	NA
NC_045512.2	23317	T	C	13625	962	36	2	1	36	0.000146767	13627	0.999513	FALSE	NA	NA	NA	NA	NA	NA
NC_045512.2	23318	G	T	13690	963	36	1	0	34	7.30353e-05	13692	0.999939	FALSE	NA	NA	NA	NA	NA	NA
NC_045512.2	23318	G	A	13690	963	36	1	0	34	7.30353e-05	13692	0.999939	FALSE	NA	NA	NA	NA	NA	NA
NC_045512.2	23321	A	T	15264	1132	37	1	0	26	6.55093e-05	15265	1	FALSE	NA	NA	NA	NA	NA	NA
NC_045512.2	23325	C	G	15538	1197	37	1	0	34	6.43542e-05	15539	0.999985	FALSE	NA	NA	NA	NA	NA	NA
NC_045512.2	23326	A	T	15628	1230	37	1	1	68	6.39795e-05	15630	0.5	FALSE	NA	NA	NA	NA	NA	NA
NC_045512.2	23326	A	G	15628	1230	37	1	0	26	6.39795e-05	15630	1	FALSE	NA	NA	NA	NA	NA	NA
NC_045512.2	23327	C	T	15658	1249	37	1	0	34	6.3861e-05	15659	0.999985	FALSE	NA	NA	NA	NA	NA	NA
NC_045512.2	23329	A	G	15874	1285	37	1	0	34	6.29921e-05	15875	0.999985	FALSE	NA	NA	NA	NA	NA	NA
NC_045512.2	23330	T	C	15890	1324	37	3	1	68	0.000188762	15893	0.125	FALSE	NA	NA	NA	NA	NA	NA
NC_045512.2	23332	T	C	15951	1381	37	1	0	34	6.26881e-05	15952	0.999985	FALSE	NA	NA	NA	NA	NA	NA
NC_045512.2	23333	T	C	16066	1357	37	2	0	34	0.000124471	16068	0.999928	FALSE	NA	NA	NA	NA	NA	NA
NC_045512.2	23335	T	C	16310	1442	37	2	0	51	0.000122609	16312	0.250008	FALSE	NA	NA	NA	NA	NA	NA
NC_045512.2	23336	T	C	16208	1442	37	1	0	34	6.16941e-05	16209	0.999992	FALSE	NA	NA	NA	NA	NA	NA
NC_045512.2	23338	T	C	15764	1507	37	3	0	34	0.000190271	15767	0.999346	FALSE	NA	NA	NA	NA	NA	NA
NC_045512.2	23340	G	T	15888	1580	37	1	0	34	6.29366e-05	15889	0.999985	FALSE	NA	NA	NA	NA	NA	NA
NC_045512.2	23341	T	C	15876	1595	38	6	0	34	0.000377786	15882	0.986727	FALSE	NA	NA	NA	NA	NA	NA
NC_045512.2	23343	G	A	15974	1618	37	1	0	34	6.25978e-05	15975	0.999985	FALSE	NA	NA	NA	NA	NA	NA
NC_045512.2	23344	T	C	16055	1643	37	2	0	34	0.000124556	16057	0.999928	FALSE	NA	NA	NA	NA	NA	NA
NC_045512.2	23345	G	A	15965	1657	37	3	0	34	0.000187876	15968	0.999346	FALSE	NA	NA	NA	NA	NA	NA
NC_045512.2	23346	T	C	15932	1661	37	1	0	68	6.27628e-05	15933	0.500016	FALSE	NA	NA	NA	NA	NA	NA
NC_045512.2	23347	C	T	15894	1672	37	1	0	34	6.28931e-05	15900	0.999985	FALSE	NA	NA	NA	NA	NA	NA
NC_045512.2	23347	C	G	15894	1672	37	5	0	34	0.000314465	15900	0.994104	FALSE	NA	NA	NA	NA	NA	NA
NC_045512.2	23348	A	G	15502	1656	37	15	0	33	0.000966682	15517	0.572337	FALSE	NA	NA	NA	NA	NA	NA
NC_045512.2	23349	G	A	18077	1691	37	1	0	34	5.53159e-05	18078	0.999998	FALSE	NA	NA	NA	NA	NA	NA
NC_045512.2	23350	T	G	18071	1842	37	2	0	34	0.000110656	18074	0.99998	FALSE	NA	NA	NA	NA	NA	NA
NC_045512.2	23350	T	C	18071	1842	37	1	0	34	5.53281e-05	18074	0.999998	FALSE	NA	NA	NA	NA	NA	NA
NC_045512.2	23351	G	C	18505	1844	37	1	0	34	5.40365e-05	18506	0.999998	FALSE	NA	NA	NA	NA	NA	NA
NC_045512.2	23352	T	C	18675	1857	37	2	0	34	0.000107084	18677	0.99998	FALSE	NA	NA	NA	NA	NA	NA
NC_045512.2	23353	T	C	18466	1896	37	8	0	34	0.000433041	18474	0.985553	FALSE	NA	NA	NA	NA	NA	NA
NC_045512.2	23354	A	G	18297	2113	37	1	0	34	5.46508e-05	18298	0.999998	FALSE	NA	NA	NA	NA	NA	NA
NC_045512.2	23355	T	G	18187	2115	37	1	0	34	5.49783e-05	18189	0.999998	FALSE	NA	NA	NA	NA	NA	NA
NC_045512.2	23355	T	C	18187	2115	37	1	0	34	5.49783e-05	18189	0.999998	FALSE	NA	NA	NA	NA	NA	NA
NC_045512.2	23358	C	T	18123	2212	38	1	0	34	5.51755e-05	18124	0.999998	FALSE	NA	NA	NA	NA	NA	NA
NC_045512.2	23360	C	G	18200	2351	38	2	1	51	0.000109878	18202	0.250007	FALSE	NA	NA	NA	NA	NA	NA
NC_045512.2	23361	C	G	18059	2264	38	1	0	34	5.5371e-05	18060	0.999998	FALSE	NA	NA	NA	NA	NA	NA
NC_045512.2	23362	A	G	18097	2261	38	4	1	59	0.000220982	18101	0.0624965	FALSE	NA	NA	NA	NA	NA	NA
NC_045512.2	23363	G	C	17961	2278	38	1	1	34	5.56731e-05	17962	0.999996	FALSE	NA	NA	NA	NA	NA	NA
NC_045512.2	23365	A	G	17249	2685	38	1	0	34	5.7971e-05	17250	0.999996	FALSE	NA	NA	NA	NA	NA	NA
NC_045512.2	23366	A	G	16488	2723	37	1	0	26	6.06465e-05	16489	1	FALSE	NA	NA	NA	NA	NA	NA
NC_045512.2	23368	A	G	16945	2751	38	2	0	34	0.000118015	16947	0.999928	FALSE	NA	NA	NA	NA	NA	NA
NC_045512.2	23370	A	C	16643	2806	38	1	0	26	6.00817e-05	16644	1	FALSE	NA	NA	NA	NA	NA	NA
NC_045512.2	23371	T	C	16429	2781	38	1	0	34	6.08643e-05	16430	0.999992	FALSE	NA	NA	NA	NA	NA	NA
NC_045512.2	23372	A	G	15926	2994	38	2	0	30	0.000125565	15928	0.999863	FALSE	NA	NA	NA	NA	NA	NA
NC_045512.2	23374	T	C	16625	3015	38	1	0	34	6.01468e-05	16626	0.999992	FALSE	NA	NA	NA	NA	NA	NA
NC_045512.2	23375	T	C	16410	2847	37	3	0	34	0.00018276	16415	0.999637	FALSE	NA	NA	NA	NA	NA	NA
NC_045512.2	23375	T	A	16410	2847	37	2	2	26	0.00012184	16415	1	FALSE	NA	NA	NA	NA	NA	NA
NC_045512.2	23376	C	G	14677	3426	37	1	0	26	6.81292e-05	14678	1	FALSE	NA	NA	NA	NA	NA	NA
NC_045512.2	23377	T	G	14535	3388	37	1	0	26	6.87947e-05	14536	1	FALSE	NA	NA	NA	NA	NA	NA
NC_045512.2	23377	T	-A	14535	3388	37	1	0	20	6.87947e-05	14536	1	FALSE	NA	NA	NA	NA	NA	NA
NC_045512.2	23379	A	G	13271	3528	36	3	0	34	0.000226006	13274	0.997916	FALSE	NA	NA	NA	NA	NA	NA
NC_045512.2	23381	C	T	14090	3632	37	1	1	26	7.09673e-05	14091	1	FALSE	NA	NA	NA	NA	NA	NA
NC_045512.2	23382	A	C	13972	3513	37	1	1	34	7.15666e-05	13973	0.999939	FALSE	NA	NA	NA	NA	NA	NA
NC_045512.2	23383	G	A	14046	3527	37	2	2	34	0.000142369	14048	0.999742	FALSE	NA	NA	NA	NA	NA	NA
NC_045512.2	23388	C	T	13719	4004	37	2	0	40	0.000145762	13721	0.500027	FALSE	NA	NA	NA	NA	NA	NA
NC_045512.2	23389	T	C	13836	3972	37	8	2	42	0.000577868	13844	0.0195211	FALSE	NA	NA	NA	NA	NA	NA
NC_045512.2	23390	G	A	14246	4009	37	1	0	34	7.01902e-05	14247	0.99997	FALSE	NA	NA	NA	NA	NA	NA
NC_045512.2	23392	T	G	14211	3972	37	1	0	34	7.03581e-05	14213	0.99997	FALSE	NA	NA	NA	NA	NA	NA
NC_045512.2	23392	T	A	14211	3972	37	1	0	34	7.03581e-05	14213	0.99997	FALSE	NA	NA	NA	NA	NA	NA
NC_045512.2	23394	T	G	14067	3964	37	4	0	34	0.000284232	14073	0.996239	FALSE	NA	NA	NA	NA	NA	NA
NC_045512.2	23394	T	C	14067	3964	37	2	1	47	0.000142116	14073	0.49992	FALSE	NA	NA	NA	NA	NA	NA
NC_045512.2	23395	T	C	14261	4004	37	2	1	29	0.000140223	14263	1	FALSE	NA	NA	NA	NA	NA	NA
NC_045512.2	23397	A	G	14036	4116	37	1	1	34	7.12403e-05	14037	0.99997	FALSE	NA	NA	NA	NA	NA	NA
NC_045512.2	23398	T	C	13930	4144	37	2	1	34	0.000143554	13932	0.999513	FALSE	NA	NA	NA	NA	NA	NA
NC_045512.2	23400	A	G	13687	4031	37	8	3	51	0.000584155	13695	0.0039034	TRUE	NA	NA	NA	NA	NA	NA
NC_045512.2	23401	G	T	14308	4043	37	3	2	56	0.000209629	14311	0.125	FALSE	NA	NA	NA	NA	NA	NA
NC_045512.2	23403	A	G	0	0	0	14637	4070	37	1	14637	0	TRUE	NA	NA	NA	NA	NA	NA
NC_045512.2	23406	T	C	13503	3939	36	2	0	34	0.000148093	13505	0.999513	FALSE	NA	NA	NA	NA	NA	NA
NC_045512.2	23407	T	G	13899	4442	37	1	0	27	7.19424e-05	13900	1	FALSE	NA	NA	NA	NA	NA	NA
NC_045512.2	23408	A	G	13759	4506	36	3	1	54	0.000217992	13762	0.125	FALSE	NA	NA	NA	NA	NA	NA
NC_045512.2	23409	A	G	13517	4546	36	2	0	34	0.00014794	13519	0.999513	FALSE	NA	NA	NA	NA	NA	NA
NC_045512.2	23411	T	G	13495	3999	37	1	0	27	7.40686e-05	13501	1	FALSE	NA	NA	NA	NA	NA	NA
NC_045512.2	23411	T	C	13495	3999	37	5	0	34	0.000370343	13501	0.984585	FALSE	NA	NA	NA	NA	NA	NA
NC_045512.2	23413	C	G	13747	3988	37	1	0	26	7.27379e-05	13748	1	FALSE	NA	NA	NA	NA	NA	NA
NC_045512.2	23414	A	G	13722	3939	37	2	1	34	0.000145719	13725	0.999513	FALSE	NA	NA	NA	NA	NA	NA
NC_045512.2	23414	A	C	13722	3939	37	1	0	34	7.28597e-05	13725	0.999939	FALSE	NA	NA	NA	NA	NA	NA
NC_045512.2	23415	C	T	13697	3947	37	1	0	34	7.29927e-05	13700	0.999939	FALSE	NA	NA	NA	NA	NA	NA
NC_045512.2	23415	C	G	13697	3947	37	1	0	34	7.29927e-05	13700	0.999939	FALSE	NA	NA	NA	NA	NA	NA
NC_045512.2	23415	C	A	13697	3947	37	1	0	34	7.29927e-05	13700	0.999939	FALSE	NA	NA	NA	NA	NA	NA
NC_045512.2	23417	G	A	13744	3896	37	2	2	34	0.000145497	13746	0.999513	FALSE	NA	NA	NA	NA	NA	NA
NC_045512.2	23419	A	G	14260	4684	38	3	2	45	0.00021029	14266	0.312434	FALSE	NA	NA	NA	NA	NA	NA
NC_045512.2	23419	A	C	14260	4684	38	3	0	34	0.00021029	14266	0.998827	FALSE	NA	NA	NA	NA	NA	NA
NC_045512.2	23424	C	G	12997	4781	37	2	0	34	0.000153858	12999	0.999087	FALSE	NA	NA	NA	NA	NA	NA
NC_045512.2	23428	T	G	14631	6474	38	1	0	34	6.83387e-05	14633	0.99997	FALSE	NA	NA	NA	NA	NA	NA
NC_045512.2	23428	T	C	14631	6474	38	1	0	34	6.83387e-05	14633	0.99997	FALSE	NA	NA	NA	NA	NA	NA
NC_045512.2	23429	G	T	14604	6431	38	1	0	34	6.84697e-05	14605	0.99997	FALSE	NA	NA	NA	NA	NA	NA
NC_045512.2	23431	T	C	14385	6584	38	2	1	34	0.000139014	14387	0.999742	FALSE	NA	NA	NA	NA	NA	NA
NC_045512.2	23434	T	G	14496	6780	38	1	0	34	6.89798e-05	14497	0.99997	FALSE	NA	NA	NA	NA	NA	NA
NC_045512.2	23435	C	G	14371	6804	38	1	0	34	6.95797e-05	14372	0.99997	FALSE	NA	NA	NA	NA	NA	NA
NC_045512.2	23436	A	T	14400	6856	38	2	0	34	0.00013885	14404	0.999741	FALSE	NA	NA	NA	NA	NA	NA
NC_045512.2	23436	A	G	14400	6856	38	1	1	34	6.94252e-05	14404	0.99997	FALSE	NA	NA	NA	NA	NA	NA
NC_045512.2	23436	A	C	14400	6856	38	1	0	27	6.94252e-05	14404	1	FALSE	NA	NA	NA	NA	NA	NA
NC_045512.2	23437	T	C	14434	6850	38	2	2	34	0.000138543	14436	0.999742	FALSE	NA	NA	NA	NA	NA	NA
NC_045512.2	23439	C	T	14440	6905	38	4	0	34	0.000276932	14444	0.996242	FALSE	NA	NA	NA	NA	NA	NA
NC_045512.2	23442	A	G	14660	6836	38	1	0	34	6.82082e-05	14661	0.99997	FALSE	NA	NA	NA	NA	NA	NA
NC_045512.2	23443	T	C	15209	7524	39	1	0	34	6.57462e-05	15210	0.999985	FALSE	NA	NA	NA	NA	NA	NA
NC_045512.2	23446	A	G	15096	7795	38	2	1	34	0.000132468	15098	0.999863	FALSE	NA	NA	NA	NA	NA	NA
NC_045512.2	23448	T	C	15066	7859	38	3	1	30	0.000199084	15069	0.999346	FALSE	NA	NA	NA	NA	NA	NA
NC_045512.2	23449	T	A	14939	7874	38	1	0	26	6.69344e-05	14940	1	FALSE	NA	NA	NA	NA	NA	NA
NC_045512.2	23450	A	T	13487	7989	37	1	1	26	7.414e-05	13488	1	FALSE	NA	NA	NA	NA	NA	NA
NC_045512.2	23452	T	C	13652	8442	37	2	1	34	0.000146477	13654	0.999513	FALSE	NA	NA	NA	NA	NA	NA
NC_045512.2	23455	T	C	13690	8548	37	1	1	34	7.30353e-05	13692	0.999939	FALSE	NA	NA	NA	NA	NA	NA
NC_045512.2	23455	T	A	13690	8548	37	1	1	26	7.30353e-05	13692	1	FALSE	NA	NA	NA	NA	NA	NA
NC_045512.2	23456	A	T	13997	8898	37	1	1	34	7.14337e-05	13999	0.999939	FALSE	NA	NA	NA	NA	NA	NA
NC_045512.2	23456	A	G	13997	8898	37	1	1	34	7.14337e-05	13999	0.999939	FALSE	NA	NA	NA	NA	NA	NA
NC_045512.2	23458	T	G	13971	9152	36	1	1	34	7.15717e-05	13972	0.999939	FALSE	NA	NA	NA	NA	NA	NA
NC_045512.2	23459	T	C	15426	10621	38	2	0	34	0.000129634	15428	0.999863	FALSE	NA	NA	NA	NA	NA	NA
NC_045512.2	23461	G	C	15324	10596	38	2	1	34	0.000130497	15326	0.999863	FALSE	NA	NA	NA	NA	NA	NA
NC_045512.2	23462	C	T	15487	10804	38	2	1	34	0.000129124	15489	0.999863	FALSE	NA	NA	NA	NA	NA	NA
NC_045512.2	23463	G	C	15550	10826	38	1	1	26	6.43004e-05	15552	1	FALSE	NA	NA	NA	NA	NA	NA
NC_045512.2	23463	G	A	15550	10826	38	1	1	34	6.43004e-05	15552	0.999985	FALSE	NA	NA	NA	NA	NA	NA
NC_045512.2	23464	T	A	15242	10553	38	1	1	34	6.56039e-05	15243	0.999985	FALSE	NA	NA	NA	NA	NA	NA
NC_045512.2	23465	G	A	15095	10555	38	2	1	34	0.000132477	15097	0.999863	FALSE	NA	NA	NA	NA	NA	NA
NC_045512.2	23466	T	G	13999	9502	36	1	0	24	7.14082e-05	14004	1	FALSE	NA	NA	NA	NA	NA	NA
NC_045512.2	23466	T	C	13999	9502	36	4	3	40	0.000285633	14004	0.187478	FALSE	NA	NA	NA	NA	NA	NA
NC_045512.2	23467	T	C	15291	10770	38	1	0	34	6.53894e-05	15293	0.999985	FALSE	NA	NA	NA	NA	NA	NA
NC_045512.2	23467	T	A	15291	10770	38	1	1	34	6.53894e-05	15293	0.999985	FALSE	NA	NA	NA	NA	NA	NA
NC_045512.2	23470	T	C	15873	11506	38	3	2	31	0.000188964	15876	0.999346	FALSE	NA	NA	NA	NA	NA	NA
NC_045512.2	23471	T	A	15879	11524	38	1	1	26	6.29723e-05	15880	1	FALSE	NA	NA	NA	NA	NA	NA
NC_045512.2	23472	C	T	15720	11646	38	2	2	34	0.000127202	15723	0.999863	FALSE	NA	NA	NA	NA	NA	NA
NC_045512.2	23472	C	A	15720	11646	38	1	1	34	6.36011e-05	15723	0.999985	FALSE	NA	NA	NA	NA	NA	NA
NC_045512.2	23473	T	C	15471	11394	38	1	0	34	6.46329e-05	15472	0.999985	FALSE	NA	NA	NA	NA	NA	NA
NC_045512.2	23476	A	T	15291	11251	38	1	1	26	6.53851e-05	15294	1	FALSE	NA	NA	NA	NA	NA	NA
NC_045512.2	23476	A	G	15291	11251	38	2	2	34	0.00013077	15294	0.999863	FALSE	NA	NA	NA	NA	NA	NA
NC_045512.2	23477	G	T	15386	11234	38	1	0	34	6.49899e-05	15387	0.999985	FALSE	NA	NA	NA	NA	NA	NA
NC_045512.2	23479	T	G	16524	12467	38	1	1	34	6.05034e-05	16528	0.999992	FALSE	NA	NA	NA	NA	NA	NA
NC_045512.2	23479	T	C	16524	12467	38	3	3	56	0.00018151	16528	0.124989	FALSE	NA	NA	NA	NA	NA	NA
NC_045512.2	23481	C	G	16613	12629	38	1	0	34	6.01902e-05	16614	0.999992	FALSE	NA	NA	NA	NA	NA	NA
NC_045512.2	23483	A	G	16600	12614	38	5	1	34	0.000301114	16605	0.996412	FALSE	NA	NA	NA	NA	NA	NA
NC_045512.2	23484	A	T	16639	12676	38	1	1	34	6.00925e-05	16641	0.999992	FALSE	NA	NA	NA	NA	NA	NA
NC_045512.2	23484	A	G	16639	12676	38	1	1	34	6.00925e-05	16641	0.999992	FALSE	NA	NA	NA	NA	NA	NA
NC_045512.2	23485	T	A	16816	13007	38	1	1	26	5.94636e-05	16817	1	FALSE	NA	NA	NA	NA	NA	NA
NC_045512.2	23486	G	-T	16869	13094	38	1	0	20	5.92803e-05	16869	1	FALSE	NA	NA	NA	NA	NA	NA
NC_045512.2	23487	T	C	16600	12890	38	1	0	34	6.02373e-05	16601	0.999992	FALSE	NA	NA	NA	NA	NA	NA
NC_045512.2	23488	T	C	16671	12978	38	1	1	34	5.99808e-05	16672	0.999992	FALSE	NA	NA	NA	NA	NA	NA
NC_045512.2	23491	T	C	16737	13292	38	3	2	45	0.000179211	16740	0.312511	FALSE	NA	NA	NA	NA	NA	NA
NC_045512.2	23492	C	T	16713	13283	38	3	3	42	0.000179458	16717	0.312489	FALSE	NA	NA	NA	NA	NA	NA
NC_045512.2	23492	C	G	16713	13283	38	1	0	68	5.98193e-05	16717	0.49997	FALSE	NA	NA	NA	NA	NA	NA
NC_045512.2	23492	C	-A	16713	13283	38	1	0	20	5.98193e-05	16717	1	FALSE	NA	NA	NA	NA	NA	NA
NC_045512.2	23493	A	G	16724	13278	38	2	2	34	0.000119574	16726	0.999928	FALSE	NA	NA	NA	NA	NA	NA
NC_045512.2	23494	A	G	16666	13282	38	4	3	42	0.000239952	16670	0.1875	FALSE	NA	NA	NA	NA	NA	NA
NC_045512.2	23495	A	G	16863	13690	38	2	2	34	0.000118589	16865	0.999928	FALSE	NA	NA	NA	NA	NA	NA
NC_045512.2	23496	C	G	16995	13782	38	1	0	34	5.88374e-05	16996	0.999992	FALSE	NA	NA	NA	NA	NA	NA
NC_045512.2	23497	A	G	16915	13686	38	1	0	34	5.91121e-05	16917	0.999992	FALSE	NA	NA	NA	NA	NA	NA
NC_045512.2	23497	A	C	16915	13686	38	1	0	34	5.91121e-05	16917	0.999992	FALSE	NA	NA	NA	NA	NA	NA
NC_045512.2	23498	C	A	17041	13710	38	1	1	34	5.86786e-05	17042	0.999996	FALSE	NA	NA	NA	NA	NA	NA
NC_045512.2	23499	G	A	17049	13724	38	1	1	34	5.8651e-05	17050	0.999996	FALSE	NA	NA	NA	NA	NA	NA
NC_045512.2	23500	T	C	16976	13655	38	4	4	34	0.000235571	16980	0.998716	FALSE	NA	NA	NA	NA	NA	NA
NC_045512.2	23501	G	A	17075	13754	38	1	1	34	5.85617e-05	17076	0.999996	FALSE	NA	NA	NA	NA	NA	NA
NC_045512.2	23502	C	T	17473	14830	37	2	2	34	0.000114449	17475	0.999962	FALSE	NA	NA	NA	NA	NA	NA
NC_045512.2	23503	A	G	17366	14794	37	1	1	34	5.75805e-05	17367	0.999996	FALSE	NA	NA	NA	NA	NA	NA
NC_045512.2	23505	G	T	17373	14756	37	4	4	32	0.000230176	17378	0.999257	FALSE	NA	NA	NA	NA	NA	NA
NC_045512.2	23505	G	A	17373	14756	37	1	1	34	5.7544e-05	17378	0.999996	FALSE	NA	NA	NA	NA	NA	NA
NC_045512.2	23507	T	C	17130	14698	37	7	6	38	0.000408473	17137	0.988699	FALSE	NA	NA	NA	NA	NA	NA
NC_045512.2	23508	G	-T	17269	14620	37	1	0	20	5.79072e-05	17269	1	FALSE	NA	NA	NA	NA	NA	NA
NC_045512.2	23509	T	C	16458	13835	36	2	2	34	0.000121507	16460	0.999928	FALSE	NA	NA	NA	NA	NA	NA
NC_045512.2	23510	T	C	16936	14308	37	1	1	34	5.90423e-05	16937	0.999992	FALSE	NA	NA	NA	NA	NA	NA
NC_045512.2	23511	T	A	17080	14618	37	1	0	34	5.85446e-05	17081	0.999996	FALSE	NA	NA	NA	NA	NA	NA
NC_045512.2	23512	A	T	17164	14713	37	2	1	34	0.000116509	17166	0.999962	FALSE	NA	NA	NA	NA	NA	NA
NC_045512.2	23513	A	G	17071	14794	37	2	2	36	0.000117144	17073	0.999962	FALSE	NA	NA	NA	NA	NA	NA
NC_045512.2	23516	G	T	16787	14542	37	2	2	51	0.000119126	16789	0.250007	FALSE	NA	NA	NA	NA	NA	NA
NC_045512.2	23518	G	A	16027	13826	37	1	1	34	6.23908e-05	16028	0.999992	FALSE	NA	NA	NA	NA	NA	NA
NC_045512.2	23519	G	A	16000	13798	37	2	1	34	0.000124984	16002	0.999928	FALSE	NA	NA	NA	NA	NA	NA
NC_045512.2	23520	C	T	16504	14509	37	3	3	54	0.000181719	16509	0.124977	FALSE	NA	NA	NA	NA	NA	NA
NC_045512.2	23520	C	G	16504	14509	37	2	2	34	0.000121146	16509	0.999928	FALSE	NA	NA	NA	NA	NA	NA
NC_045512.2	23521	T	C	16627	14661	37	8	5	45	0.000480914	16635	0.0195228	FALSE	NA	NA	NA	NA	NA	NA
NC_045512.2	23522	G	A	16700	14676	37	1	1	68	5.98767e-05	16701	0.500015	FALSE	NA	NA	NA	NA	NA	NA
NC_045512.2	23525	C	T	0	0	0	18364	16696	37	0.999837	18367	0	TRUE	NA	NA	NA	NA	NA	NA
NC_045512.2	23525	C	A	0	0	0	3	3	31	0.000163336	18367	1.28771e-09	TRUE	NA	NA	NA	NA	NA	NA
NC_045512.2	23529	T	C	18050	16720	38	2	2	34	0.000110791	18052	0.99998	FALSE	NA	NA	NA	NA	NA	NA
NC_045512.2	23531	A	G	17587	16294	38	4	4	34	0.000227376	17592	0.999257	FALSE	NA	NA	NA	NA	NA	NA
NC_045512.2	23531	A	C	17587	16294	38	1	1	68	5.6844e-05	17592	0.499957	FALSE	NA	NA	NA	NA	NA	NA
NC_045512.2	23532	A	G	17594	16361	37	1	1	34	5.68343e-05	17595	0.999996	FALSE	NA	NA	NA	NA	NA	NA
NC_045512.2	23535	A	G	17486	16253	38	1	1	34	5.71853e-05	17487	0.999996	FALSE	NA	NA	NA	NA	NA	NA
NC_045512.2	23537	T	C	17239	16040	37	1	1	34	5.80013e-05	17241	0.999996	FALSE	NA	NA	NA	NA	NA	NA
NC_045512.2	23537	T	A	17239	16040	37	1	1	34	5.80013e-05	17241	0.999996	FALSE	NA	NA	NA	NA	NA	NA
NC_045512.2	23539	A	G	17288	16106	37	1	1	34	5.78402e-05	17289	0.999996	FALSE	NA	NA	NA	NA	NA	NA
NC_045512.2	23541	A	G	17259	16107	37	2	2	30	0.000115868	17261	0.999962	FALSE	NA	NA	NA	NA	NA	NA
NC_045512.2	23542	T	C	16954	15944	36	2	2	51	0.000117952	16956	0.250007	FALSE	NA	NA	NA	NA	NA	NA
NC_045512.2	23544	A	T	16323	15328	37	2	2	34	0.000122511	16325	0.999928	FALSE	NA	NA	NA	NA	NA	NA
NC_045512.2	23548	T	C	15883	15051	36	1	1	34	6.29525e-05	15885	0.999985	FALSE	NA	NA	NA	NA	NA	NA
NC_045512.2	23548	T	A	15883	15051	36	1	1	26	6.29525e-05	15885	1	FALSE	NA	NA	NA	NA	NA	NA
NC_045512.2	23550	A	T	15930	15127	36	1	1	24	6.27431e-05	15938	1	FALSE	NA	NA	NA	NA	NA	NA
NC_045512.2	23550	A	G	15930	15127	36	7	7	34	0.000439202	15938	0.973801	FALSE	NA	NA	NA	NA	NA	NA
NC_045512.2	23554	A	G	14971	14296	36	5	4	32	0.000333868	14976	0.990417	FALSE	NA	NA	NA	NA	NA	NA
NC_045512.2	23554	A	-C	14971	14296	36	1	0	20	6.67735e-05	14976	1	FALSE	NA	NA	NA	NA	NA	NA
NC_045512.2	23554	A	+C	14971	14296	36	1	0	20	6.67735e-05	14976	1	FALSE	NA	NA	NA	NA	NA	NA
NC_045512.2	23555	C	G	15014	14365	36	1	1	34	6.66001e-05	15015	0.999985	FALSE	NA	NA	NA	NA	NA	NA
NC_045512.2	23556	C	T	14726	14083	36	1	1	34	6.78979e-05	14728	0.99997	FALSE	NA	NA	NA	NA	NA	NA
NC_045512.2	23556	C	G	14726	14083	36	1	1	34	6.78979e-05	14728	0.99997	FALSE	NA	NA	NA	NA	NA	NA
NC_045512.2	23557	C	T	14437	13791	36	1	1	68	6.92521e-05	14440	0.499983	FALSE	NA	NA	NA	NA	NA	NA
NC_045512.2	23557	C	A	14437	13791	36	2	2	30	0.000138504	14440	0.999741	FALSE	NA	NA	NA	NA	NA	NA
NC_045512.2	23558	A	C	12323	11698	36	9	9	34	0.000729809	12332	0.808498	FALSE	NA	NA	NA	NA	NA	NA
NC_045512.2	23559	T	C	12163	11536	36	1	1	34	8.22098e-05	12164	0.999878	FALSE	NA	NA	NA	NA	NA	NA
NC_045512.2	23560	T	-G	12154	11525	36	1	0	20	8.22774e-05	12154	1	FALSE	NA	NA	NA	NA	NA	NA
NC_045512.2	23561	G	C	12152	11533	36	1	0	34	8.22842e-05	12153	0.999878	FALSE	NA	NA	NA	NA	NA	NA
NC_045512.2	23563	T	C	11788	11174	36	1	1	34	8.48248e-05	11789	0.999757	FALSE	NA	NA	NA	NA	NA	NA
NC_045512.2	23564	G	A	11821	11218	36	1	1	34	8.45881e-05	11822	0.999757	FALSE	NA	NA	NA	NA	NA	NA
NC_045512.2	23565	C	T	11773	11209	36	1	1	34	8.49329e-05	11774	0.999757	FALSE	NA	NA	NA	NA	NA	NA
NC_045512.2	23568	G	T	11621	11069	36	1	1	34	8.60437e-05	11622	0.999757	FALSE	NA	NA	NA	NA	NA	NA
NC_045512.2	23569	T	C	11578	11028	36	1	1	34	8.63632e-05	11579	0.999757	FALSE	NA	NA	NA	NA	NA	NA
NC_045512.2	23570	A	G	11478	10964	36	1	1	34	8.71156e-05	11479	0.999757	FALSE	NA	NA	NA	NA	NA	NA
NC_045512.2	23572	A	G	10739	10247	36	1	1	34	9.31099e-05	10740	0.999513	FALSE	NA	NA	NA	NA	NA	NA
NC_045512.2	23576	G	C	9657	9178	36	1	1	34	0.000103541	9658	0.999026	FALSE	NA	NA	NA	NA	NA	NA
NC_045512.2	23580	G	T	9878	8841	36	1	1	26	0.000101225	9879	1	FALSE	NA	NA	NA	NA	NA	NA
NC_045512.2	23586	A	G	9049	8007	36	3	3	34	0.000331053	9062	0.980664	FALSE	NA	NA	NA	NA	NA	NA
NC_045512.2	23586	A	C	9049	8007	36	10	9	47	0.00110351	9062	0.000973064	TRUE	NA	NA	NA	NA	NA	NA
NC_045512.2	23589	C	T	8787	7702	36	2	2	34	0.000227557	8789	0.98928	FALSE	NA	NA	NA	NA	NA	NA
NC_045512.2	23591	C	G	8606	7527	36	1	1	26	0.000116185	8607	1	FALSE	NA	NA	NA	NA	NA	NA
NC_045512.2	23592	A	G	8515	7435	36	1	1	34	0.000117426	8516	0.998052	FALSE	NA	NA	NA	NA	NA	NA
NC_045512.2	23594	A	G	8556	7408	36	1	1	34	0.000116863	8557	0.998052	FALSE	NA	NA	NA	NA	NA	NA
NC_045512.2	23596	T	C	8094	6961	35	2	2	34	0.000247036	8096	0.989282	FALSE	NA	NA	NA	NA	NA	NA
NC_045512.2	23597	A	G	8064	6926	36	2	2	34	0.000247954	8066	0.989282	FALSE	NA	NA	NA	NA	NA	NA
NC_045512.2	23598	A	G	7998	6885	35	1	1	34	0.000125016	7999	0.996103	FALSE	NA	NA	NA	NA	NA	NA
NC_045512.2	23598	A	-T	7998	6885	35	1	0	20	0.000125016	7999	1	FALSE	NA	NA	NA	NA	NA	NA
NC_045512.2	23599	T	G	0	0	0	8048	6956	35	1	8048	0	TRUE	NA	NA	NA	NA	NA	NA
NC_045512.2	23604	C	G	0	0	0	1	1	34	0.00014403	6943	0.00100821	TRUE	NA	NA	NA	NA	NA	NA
NC_045512.2	23604	C	A	0	0	0	6942	5899	35	0.999856	6943	0	TRUE	NA	NA	NA	NA	NA	NA
NC_045512.2	23609	C	T	864	46	35	4	0	34	0.00460829	868	0.0624278	FALSE	NA	NA	NA	NA	NA	NA
NC_045512.2	23614	A	G	928	46	35	1	0	34	0.00107643	929	0.500269	FALSE	NA	NA	NA	NA	NA	NA
NC_045512.2	23637	T	C	1125	67	36	1	0	34	0.000888099	1126	0.750333	FALSE	NA	NA	NA	NA	NA	NA
NC_045512.2	23640	T	G	1143	71	36	1	0	34	0.000874126	1144	0.750328	FALSE	NA	NA	NA	NA	NA	NA
NC_045512.2	23641	T	C	1184	71	36	1	0	24	0.000843882	1185	0.999764	FALSE	NA	NA	NA	NA	NA	NA
NC_045512.2	23653	G	T	1341	85	36	3	0	34	0.00223214	1344	0.31264	FALSE	NA	NA	NA	NA	NA	NA
NC_045512.2	23658	T	G	1345	121	38	2	1	30	0.00148478	1347	0.500279	FALSE	NA	NA	NA	NA	NA	NA
NC_045512.2	23675	G	A	865	186	37	2	1	68	0.00230681	867	0.250144	FALSE	NA	NA	NA	NA	NA	NA
NC_045512.2	23676	T	C	881	210	38	1	1	34	0.00113379	882	0.500284	FALSE	NA	NA	NA	NA	NA	NA
NC_045512.2	23687	A	T	889	278	39	1	1	26	0.0011236	890	0.998096	FALSE	NA	NA	NA	NA	NA	NA
NC_045512.2	23690	A	G	874	369	39	1	0	34	0.00114286	875	0.500286	FALSE	NA	NA	NA	NA	NA	NA
NC_045512.2	23698	T	C	918	401	39	1	0	34	0.00108814	919	0.500272	FALSE	NA	NA	NA	NA	NA	NA
NC_045512.2	23737	A	G	834	477	38	1	0	34	0.0011976	835	0.5003	FALSE	NA	NA	NA	NA	NA	NA
NC_045512.2	23746	A	C	765	500	37	1	1	34	0.00130548	766	0.500327	FALSE	NA	NA	NA	NA	NA	NA
NC_045512.2	23786	A	G	960	732	38	1	1	68	0.00104058	961	0.50026	FALSE	NA	NA	NA	NA	NA	NA
NC_045512.2	23803	T	C	954	755	38	2	2	34	0.00209205	956	0.250131	FALSE	NA	NA	NA	NA	NA	NA
NC_045512.2	23812	C	-AATCTTTTGT	1011	837	39	3	0	20	0.00296736	1011	0.989179	FALSE	NA	NA	NA	NA	NA	NA
NC_045512.2	23824	G	+AGGA	1032	895	39	3	0	20	0.00290698	1032	0.98917	FALSE	NA	NA	NA	NA	NA	NA
NC_045512.2	23828	T	G	994	866	39	3	3	34	0.00300903	997	0.125	FALSE	NA	NA	NA	NA	NA	NA
NC_045512.2	23830	T	G	1021	892	39	3	3	34	0.00292969	1024	0.312683	FALSE	NA	NA	NA	NA	NA	NA
NC_045512.2	23854	C	A	0	0	0	956	854	38	1	956	0	TRUE	NA	NA	NA	NA	NA	NA
NC_045512.2	23866	T	G	752	678	37	1	1	34	0.00132802	753	0.500332	FALSE	NA	NA	NA	NA	NA	NA
NC_045512.2	23897	C	T	271	265	34	1	0	34	0.00367647	272	0.500921	FALSE	NA	NA	NA	NA	NA	NA
NC_045512.2	23905	T	G	217	210	34	1	1	34	0.00458716	218	0.501149	FALSE	NA	NA	NA	NA	NA	NA
NC_045512.2	23948	G	T	0	0	0	6	0	34	1	6	0.0021645	TRUE	NA	NA	NA	NA	NA	NA
NC_045512.2	24160	A	G	0	0	0	6	6	34	1	6	0.0021645	TRUE	NA	NA	NA	NA	NA	NA
NC_045512.2	25678	C	G	1861	33	34	1	0	34	0.000537057	1862	0.750201	FALSE	NA	NA	NA	NA	NA	NA
NC_045512.2	25687	G	A	2100	36	34	1	0	34	0.000475964	2101	0.875179	FALSE	NA	NA	NA	NA	NA	NA
NC_045512.2	25692	C	T	2196	54	34	3	0	34	0.00136426	2199	0.500213	FALSE	NA	NA	NA	NA	NA	NA
NC_045512.2	25693	C	T	2218	56	34	2	0	34	0.000900901	2220	0.687754	FALSE	NA	NA	NA	NA	NA	NA
NC_045512.2	25700	C	T	2215	62	34	1	0	34	0.000451264	2216	0.875169	FALSE	NA	NA	NA	NA	NA	NA
NC_045512.2	25703	C	-T	2363	63	34	1	0	20	0.000423191	2363	1	FALSE	NA	NA	NA	NA	NA	NA
NC_045512.2	25704	T	C	2346	66	34	4	0	34	0.00170213	2350	0.34365	FALSE	NA	NA	NA	NA	NA	NA
NC_045512.2	25705	T	C	2362	68	34	1	0	34	0.000423191	2363	0.875159	FALSE	NA	NA	NA	NA	NA	NA
NC_045512.2	25717	T	C	2586	85	34	1	0	34	0.000386548	2587	0.875145	FALSE	NA	NA	NA	NA	NA	NA
NC_045512.2	25741	A	G	3331	116	35	1	0	34	0.00030012	3332	0.937594	FALSE	NA	NA	NA	NA	NA	NA
NC_045512.2	25743	T	C	3670	116	35	1	0	34	0.000272405	3671	0.937585	FALSE	NA	NA	NA	NA	NA	NA
NC_045512.2	25744	A	G	3676	120	35	4	0	34	0.00108696	3680	0.500149	FALSE	NA	NA	NA	NA	NA	NA
NC_045512.2	25748	A	G	3146	124	32	1	1	68	0.000317763	3147	0.500079	FALSE	NA	NA	NA	NA	NA	NA
NC_045512.2	25752	T	C	3674	149	35	1	0	34	0.000272109	3675	0.937585	FALSE	NA	NA	NA	NA	NA	NA
NC_045512.2	25758	A	G	3159	167	32	1	0	34	0.000316456	3160	0.937599	FALSE	NA	NA	NA	NA	NA	NA
NC_045512.2	25761	A	G	3100	189	34	1	0	34	0.000322477	3101	0.937601	FALSE	NA	NA	NA	NA	NA	NA
NC_045512.2	25788	A	G	2457	543	37	1	0	34	0.000406835	2458	0.875153	FALSE	NA	NA	NA	NA	NA	NA
NC_045512.2	25791	C	T	2383	542	37	2	1	51	0.000838574	2385	0.250052	FALSE	NA	NA	NA	NA	NA	NA
NC_045512.2	25795	T	C	2405	545	37	1	0	34	0.000415628	2406	0.875156	FALSE	NA	NA	NA	NA	NA	NA
NC_045512.2	25797	C	-A	2403	538	37	3	0	20	0.00124844	2403	0.999997	FALSE	NA	NA	NA	NA	NA	NA
NC_045512.2	25802	A	T	2307	562	36	1	0	34	0.000433276	2308	0.875162	FALSE	NA	NA	NA	NA	NA	NA
NC_045512.2	25804	C	T	2364	572	37	1	0	34	0.000422654	2366	0.875079	FALSE	NA	NA	NA	NA	NA	NA
NC_045512.2	25804	C	A	2364	572	37	1	0	34	0.000422654	2366	0.875079	FALSE	NA	NA	NA	NA	NA	NA
NC_045512.2	25817	A	G	2300	681	36	1	1	34	0.000434594	2301	0.875163	FALSE	NA	NA	NA	NA	NA	NA
NC_045512.2	25819	G	T	2322	665	37	1	1	34	0.000430478	2323	0.875161	FALSE	NA	NA	NA	NA	NA	NA
NC_045512.2	25821	C	T	2232	702	37	1	0	34	0.000447628	2234	0.875084	FALSE	NA	NA	NA	NA	NA	NA
NC_045512.2	25821	C	A	2232	702	37	1	1	34	0.000447628	2234	0.875084	FALSE	NA	NA	NA	NA	NA	NA
NC_045512.2	25823	A	G	2017	707	36	1	1	34	0.00049554	2018	0.875186	FALSE	NA	NA	NA	NA	NA	NA
NC_045512.2	25826	A	T	2108	730	36	1	0	26	0.000474158	2109	1	FALSE	NA	NA	NA	NA	NA	NA
NC_045512.2	25846	A	G	1925	1184	36	1	1	68	0.000519211	1926	0.50013	FALSE	NA	NA	NA	NA	NA	NA
NC_045512.2	25847	A	G	1943	1199	36	1	1	34	0.000514403	1944	0.750193	FALSE	NA	NA	NA	NA	NA	NA
NC_045512.2	25860	T	A	2006	1373	36	1	1	34	0.000498256	2007	0.875187	FALSE	NA	NA	NA	NA	NA	NA
NC_045512.2	25862	G	A	2049	1399	36	2	2	34	0.000975134	2051	0.687774	FALSE	NA	NA	NA	NA	NA	NA
NC_045512.2	25872	C	-A	2007	1279	35	1	0	20	0.000498256	2007	1	FALSE	NA	NA	NA	NA	NA	NA
NC_045512.2	25880	T	C	1820	1082	35	2	1	34	0.00109769	1822	0.500206	FALSE	NA	NA	NA	NA	NA	NA
NC_045512.2	25886	C	T	1795	1053	35	4	0	34	0.00222346	1799	0.1875	FALSE	NA	NA	NA	NA	NA	NA
NC_045512.2	25892	T	C	3588	2992	37	1	0	68	0.000278629	3589	0.50007	FALSE	NA	NA	NA	NA	NA	NA
NC_045512.2	25897	A	G	3577	3024	37	2	2	34	0.000558815	3579	0.812675	FALSE	NA	NA	NA	NA	NA	NA
NC_045512.2	25904	C	T	0	0	0	3793	3290	37	1	3793	0	TRUE	NA	NA	NA	NA	NA	NA
NC_045512.2	25905	A	G	3810	3311	37	1	1	34	0.000262398	3811	0.937582	FALSE	NA	NA	NA	NA	NA	NA
NC_045512.2	25909	G	T	3782	3289	37	1	1	34	0.00026434	3783	0.937583	FALSE	NA	NA	NA	NA	NA	NA
NC_045512.2	25913	G	A	3797	3342	37	7	5	31	0.00184017	3804	0.171821	FALSE	NA	NA	NA	NA	NA	NA
NC_045512.2	25916	C	T	3803	3348	37	1	1	34	0.000262881	3804	0.937582	FALSE	NA	NA	NA	NA	NA	NA
NC_045512.2	25918	A	T	3793	3344	37	1	1	34	0.000263574	3794	0.937582	FALSE	NA	NA	NA	NA	NA	NA
NC_045512.2	25920	A	T	3755	3312	37	1	1	34	0.000266241	3756	0.937583	FALSE	NA	NA	NA	NA	NA	NA
NC_045512.2	25926	T	C	3609	3201	36	1	1	34	0.000277008	3610	0.937587	FALSE	NA	NA	NA	NA	NA	NA
NC_045512.2	25937	A	G	3921	3561	37	1	0	68	0.000254972	3922	0.500064	FALSE	NA	NA	NA	NA	NA	NA
NC_045512.2	25943	A	G	4234	3957	38	1	1	34	0.000236128	4235	0.968805	FALSE	NA	NA	NA	NA	NA	NA
NC_045512.2	25949	T	G	3705	3430	37	1	1	26	0.000269833	3706	1	FALSE	NA	NA	NA	NA	NA	NA
NC_045512.2	25953	T	C	3761	3487	38	1	1	34	0.000265816	3762	0.937583	FALSE	NA	NA	NA	NA	NA	NA
NC_045512.2	25956	T	A	3616	3354	38	1	1	34	0.000276472	3617	0.937586	FALSE	NA	NA	NA	NA	NA	NA
NC_045512.2	25957	T	C	3607	3344	38	1	1	34	0.000277162	3608	0.937587	FALSE	NA	NA	NA	NA	NA	NA
NC_045512.2	25958	A	G	3600	3352	38	1	1	34	0.000277701	3601	0.937587	FALSE	NA	NA	NA	NA	NA	NA
NC_045512.2	25960	A	G	3601	3417	37	1	1	34	0.000277624	3602	0.937587	FALSE	NA	NA	NA	NA	NA	NA
NC_045512.2	25962	T	C	3547	3379	36	1	1	34	0.000281849	3548	0.937588	FALSE	NA	NA	NA	NA	NA	NA
NC_045512.2	25966	A	T	3568	3404	37	1	1	34	0.000280191	3569	0.937588	FALSE	NA	NA	NA	NA	NA	NA
NC_045512.2	25971	G	A	3542	3461	35	1	1	34	0.000282247	3543	0.937588	FALSE	NA	NA	NA	NA	NA	NA
NC_045512.2	25973	A	G	3521	3446	35	1	1	34	0.00028393	3522	0.937589	FALSE	NA	NA	NA	NA	NA	NA
NC_045512.2	25980	A	G	3514	3451	35	1	1	34	0.000284495	3515	0.937589	FALSE	NA	NA	NA	NA	NA	NA
NC_045512.2	25988	A	G	3430	3380	34	1	1	34	0.00029146	3431	0.937591	FALSE	NA	NA	NA	NA	NA	NA
NC_045512.2	25990	T	G	1422	1378	35	2	2	30	0.00139665	1432	0.49816	FALSE	NA	NA	NA	NA	NA	NA
NC_045512.2	25990	T	C	1422	1378	35	8	8	34	0.00558659	1432	0.0193351	FALSE	NA	NA	NA	NA	NA	NA
NC_045512.2	25991	G	C	1417	1373	35	15	15	34	0.0104749	1432	0.000252421	TRUE	NA	NA	NA	NA	NA	NA
NC_045512.2	25994	T	C	1361	1319	35	1	1	34	0.000734214	1362	0.750275	FALSE	NA	NA	NA	NA	NA	NA
NC_045512.2	26005	A	C	977	960	35	1	1	34	0.00102249	978	0.500256	FALSE	NA	NA	NA	NA	NA	NA
NC_045512.2	26006	G	-T	986	969	35	1	0	20	0.0010142	986	0.999055	FALSE	NA	NA	NA	NA	NA	NA
NC_045512.2	26017	T	G	863	852	34	4	4	34	0.0045977	870	0.0619969	FALSE	NA	NA	NA	NA	NA	NA
NC_045512.2	26017	T	C	863	852	34	3	3	31	0.00344828	870	0.124137	FALSE	NA	NA	NA	NA	NA	NA
NC_045512.2	26060	C	T	0	0	0	2	0	68	1	2	0.333333	FALSE	NA	NA	NA	NA	NA	NA
NC_045512.2	26283	A	G	3315	135	33	3	0	34	0.000904159	3318	0.656462	FALSE	NA	NA	NA	NA	NA	NA
NC_045512.2	26285	T	C	3570	125	33	1	0	34	0.000280034	3571	0.937588	FALSE	NA	NA	NA	NA	NA	NA
NC_045512.2	26286	T	+A	3632	165	34	1	0	20	0.00027533	3632	1	FALSE	NA	NA	NA	NA	NA	NA
NC_045512.2	26287	A	G	3660	172	34	1	0	26	0.000273149	3661	1	FALSE	NA	NA	NA	NA	NA	NA
NC_045512.2	26292	C	A	3793	217	34	1	0	34	0.000263574	3794	0.937582	FALSE	NA	NA	NA	NA	NA	NA
NC_045512.2	26293	G	C	3904	214	34	2	0	34	0.000512033	3906	0.81266	FALSE	NA	NA	NA	NA	NA	NA
NC_045512.2	26295	A	G	4001	227	34	6	0	34	0.00149738	4007	0.37703	FALSE	NA	NA	NA	NA	NA	NA
NC_045512.2	26296	C	T	4819	253	34	1	0	34	0.000207469	4820	0.968799	FALSE	NA	NA	NA	NA	NA	NA
NC_045512.2	26299	C	-T	4878	258	34	1	0	20	0.000205002	4878	1	FALSE	NA	NA	NA	NA	NA	NA
NC_045512.2	26300	T	C	4881	259	34	1	0	34	0.000204834	4882	0.968782	FALSE	NA	NA	NA	NA	NA	NA
NC_045512.2	26303	T	C	4897	272	34	1	0	34	0.000204165	4898	0.968798	FALSE	NA	NA	NA	NA	NA	NA
NC_045512.2	26307	T	C	4931	310	35	2	0	30	0.000405433	4933	0.890744	FALSE	NA	NA	NA	NA	NA	NA
NC_045512.2	26320	T	C	5332	334	35	1	1	34	0.000187512	5333	0.984406	FALSE	NA	NA	NA	NA	NA	NA
NC_045512.2	26321	T	C	5350	333	35	1	0	34	0.000186881	5351	0.984406	FALSE	NA	NA	NA	NA	NA	NA
NC_045512.2	26322	C	A	5348	339	35	1	0	34	0.000186951	5349	0.984406	FALSE	NA	NA	NA	NA	NA	NA
NC_045512.2	26324	T	C	5349	387	35	3	0	34	0.000560538	5352	0.855622	FALSE	NA	NA	NA	NA	NA	NA
NC_045512.2	26325	G	A	5404	388	35	3	0	34	0.000554836	5407	0.85562	FALSE	NA	NA	NA	NA	NA	NA
NC_045512.2	26326	C	T	5405	394	35	2	0	34	0.000369891	5407	0.937591	FALSE	NA	NA	NA	NA	NA	NA
NC_045512.2	26327	T	C	5543	393	35	1	0	34	0.000180375	5544	0.984405	FALSE	NA	NA	NA	NA	NA	NA
NC_045512.2	26328	A	G	5690	393	35	3	0	34	0.000526963	5693	0.855613	FALSE	NA	NA	NA	NA	NA	NA
NC_045512.2	26330	T	C	5727	400	35	2	0	34	0.000349101	5729	0.937586	FALSE	NA	NA	NA	NA	NA	NA
NC_045512.2	26337	A	T	6090	407	35	1	0	34	0.000164177	6091	0.992205	FALSE	NA	NA	NA	NA	NA	NA
NC_045512.2	26341	A	T	6343	413	35	1	0	34	0.000157629	6344	0.992205	FALSE	NA	NA	NA	NA	NA	NA
NC_045512.2	26346	T	C	6884	424	35	2	0	34	0.000290444	6886	0.964899	FALSE	NA	NA	NA	NA	NA	NA
NC_045512.2	26350	G	A	6932	432	35	1	1	34	0.000144238	6933	0.992203	FALSE	NA	NA	NA	NA	NA	NA
NC_045512.2	26351	C	T	6934	441	35	1	0	34	0.000144196	6935	0.992203	FALSE	NA	NA	NA	NA	NA	NA
NC_045512.2	26352	G	A	6975	442	35	2	0	34	0.000286656	6977	0.964899	FALSE	NA	NA	NA	NA	NA	NA
NC_045512.2	26355	T	C	7118	515	35	1	0	34	0.000140449	7120	0.996101	FALSE	NA	NA	NA	NA	NA	NA
NC_045512.2	26355	T	A	7118	515	35	1	0	34	0.000140449	7120	0.996101	FALSE	NA	NA	NA	NA	NA	NA
NC_045512.2	26357	G	A	7269	561	36	3	0	34	0.000412541	7272	0.945397	FALSE	NA	NA	NA	NA	NA	NA
NC_045512.2	26359	T	A	7280	568	36	1	0	34	0.000137344	7281	0.996103	FALSE	NA	NA	NA	NA	NA	NA
NC_045512.2	26364	T	A	7437	620	36	1	0	34	0.000134445	7438	0.996103	FALSE	NA	NA	NA	NA	NA	NA
NC_045512.2	26366	C	T	7123	642	36	12	0	34	0.00168185	7135	0.179561	FALSE	NA	NA	NA	NA	NA	NA
NC_045512.2	26367	G	A	7238	637	36	2	0	34	0.000276243	7240	0.980508	FALSE	NA	NA	NA	NA	NA	NA
NC_045512.2	26368	T	C	6736	672	36	3	2	34	0.00044517	6739	0.910266	FALSE	NA	NA	NA	NA	NA	NA
NC_045512.2	26369	A	G	6387	720	36	1	0	34	0.000156544	6388	0.992205	FALSE	NA	NA	NA	NA	NA	NA
NC_045512.2	26370	C	A	6459	731	36	1	0	34	0.000154799	6460	0.992204	FALSE	NA	NA	NA	NA	NA	NA
NC_045512.2	26372	G	A	6486	658	36	1	0	34	0.000154154	6487	0.992204	FALSE	NA	NA	NA	NA	NA	NA
NC_045512.2	26373	C	T	6369	682	36	2	0	34	0.000313873	6372	0.964887	FALSE	NA	NA	NA	NA	NA	NA
NC_045512.2	26373	C	G	6369	682	36	1	0	34	0.000156937	6372	0.992196	FALSE	NA	NA	NA	NA	NA	NA
NC_045512.2	26375	G	A	6488	763	36	2	0	34	0.000308166	6490	0.964903	FALSE	NA	NA	NA	NA	NA	NA
NC_045512.2	26381	T	C	5862	826	36	1	0	34	0.000170561	5863	0.984403	FALSE	NA	NA	NA	NA	NA	NA
NC_045512.2	26383	G	T	5749	818	36	1	1	68	0.000173913	5750	0.500043	FALSE	NA	NA	NA	NA	NA	NA
NC_045512.2	26388	C	T	5372	912	36	1	0	34	0.000186116	5373	0.984406	FALSE	NA	NA	NA	NA	NA	NA
NC_045512.2	26391	G	C	5423	963	36	2	0	34	0.000368664	5425	0.937591	FALSE	NA	NA	NA	NA	NA	NA
NC_045512.2	26396	T	C	4686	1133	36	2	0	34	0.000426621	4688	0.89075	FALSE	NA	NA	NA	NA	NA	NA
NC_045512.2	26402	A	G	4518	1113	35	1	0	34	0.000221288	4519	0.968802	FALSE	NA	NA	NA	NA	NA	NA
NC_045512.2	26408	C	T	4608	1055	36	2	0	34	0.000433745	4611	0.890701	FALSE	NA	NA	NA	NA	NA	NA
NC_045512.2	26408	C	G	4608	1055	36	1	0	34	0.000216873	4611	0.968767	FALSE	NA	NA	NA	NA	NA	NA
NC_045512.2	26409	T	A	4636	1070	36	1	0	34	0.000215657	4637	0.968801	FALSE	NA	NA	NA	NA	NA	NA
NC_045512.2	26412	T	C	4623	1069	36	1	1	34	0.000216263	4624	0.968801	FALSE	NA	NA	NA	NA	NA	NA
NC_045512.2	26413	T	G	4617	1069	36	1	0	34	0.000216544	4618	0.968801	FALSE	NA	NA	NA	NA	NA	NA
NC_045512.2	26421	C	A	6294	1125	35	3	0	34	0.000476417	6297	0.910273	FALSE	NA	NA	NA	NA	NA	NA
NC_045512.2	26422	T	C	6363	1137	35	1	1	34	0.000157134	6364	0.992205	FALSE	NA	NA	NA	NA	NA	NA
NC_045512.2	26424	T	C	6307	1099	35	4	0	34	0.000633814	6311	0.828288	FALSE	NA	NA	NA	NA	NA	NA
NC_045512.2	26427	T	C	6299	1082	35	1	0	34	0.00015873	6300	0.992205	FALSE	NA	NA	NA	NA	NA	NA
NC_045512.2	26430	T	-A	6021	1109	35	2	0	20	0.000332171	6021	1	FALSE	NA	NA	NA	NA	NA	NA
NC_045512.2	26430	T	+A	6021	1109	35	1	0	20	0.000166085	6021	1	FALSE	NA	NA	NA	NA	NA	NA
NC_045512.2	26431	A	G	5731	1104	35	1	0	34	0.000174459	5732	0.984387	FALSE	NA	NA	NA	NA	NA	NA
NC_045512.2	26432	A	G	6017	1122	35	2	0	51	0.000332281	6019	0.250021	FALSE	NA	NA	NA	NA	NA	NA
NC_045512.2	26438	T	C	5857	1538	36	1	0	34	0.000170707	5858	0.984403	FALSE	NA	NA	NA	NA	NA	NA
NC_045512.2	26440	A	G	5934	1602	36	1	0	34	0.000168492	5935	0.984403	FALSE	NA	NA	NA	NA	NA	NA
NC_045512.2	26444	C	T	5691	1683	36	1	0	34	0.000175685	5692	0.984404	FALSE	NA	NA	NA	NA	NA	NA
NC_045512.2	26446	T	C	5615	1594	36	1	0	34	0.000178063	5616	0.984404	FALSE	NA	NA	NA	NA	NA	NA
NC_045512.2	26447	C	G	5774	1783	36	1	1	68	0.00017316	5775	0.500043	FALSE	NA	NA	NA	NA	NA	NA
NC_045512.2	26449	A	G	7625	3890	38	1	0	34	0.00013113	7626	0.996103	FALSE	NA	NA	NA	NA	NA	NA
NC_045512.2	26450	G	T	7641	3898	38	3	0	34	0.000392465	7644	0.945393	FALSE	NA	NA	NA	NA	NA	NA
NC_045512.2	26453	T	A	7793	4072	38	1	0	34	0.000128304	7794	0.996103	FALSE	NA	NA	NA	NA	NA	NA
NC_045512.2	26454	T	C	7962	4321	38	1	0	34	0.000125581	7963	0.996103	FALSE	NA	NA	NA	NA	NA	NA
NC_045512.2	26457	T	C	8292	4834	38	4	4	34	0.00048216	8296	0.927104	FALSE	NA	NA	NA	NA	NA	NA
NC_045512.2	26460	T	A	8130	4652	37	1	1	34	0.000122986	8131	0.998052	FALSE	NA	NA	NA	NA	NA	NA
NC_045512.2	26462	T	C	8192	4883	38	2	1	34	0.000244081	8194	0.989282	FALSE	NA	NA	NA	NA	NA	NA
NC_045512.2	26466	G	T	8194	4850	37	1	0	34	0.000122011	8196	0.998051	FALSE	NA	NA	NA	NA	NA	NA
NC_045512.2	26466	G	C	8194	4850	37	1	1	26	0.000122011	8196	1	FALSE	NA	NA	NA	NA	NA	NA
NC_045512.2	26470	T	C	8268	5110	37	1	1	34	0.000120934	8269	0.998052	FALSE	NA	NA	NA	NA	NA	NA
NC_045512.2	26471	A	C	8287	5095	38	1	1	34	0.000120656	8288	0.998052	FALSE	NA	NA	NA	NA	NA	NA
NC_045512.2	26473	A	G	8189	5136	37	1	0	68	0.0001221	8190	0.500031	FALSE	NA	NA	NA	NA	NA	NA
NC_045512.2	26474	C	T	8194	5123	37	1	0	34	0.000122011	8196	0.998051	FALSE	NA	NA	NA	NA	NA	NA
NC_045512.2	26474	C	A	8194	5123	37	1	0	34	0.000122011	8196	0.998051	FALSE	NA	NA	NA	NA	NA	NA
NC_045512.2	26475	G	T	8045	4978	37	1	1	26	0.000124285	8046	1	FALSE	NA	NA	NA	NA	NA	NA
NC_045512.2	26481	A	G	8051	5100	37	1	0	34	0.000124193	8052	0.998052	FALSE	NA	NA	NA	NA	NA	NA
NC_045512.2	26485	T	A	8034	5106	37	1	1	34	0.000124456	8035	0.998052	FALSE	NA	NA	NA	NA	NA	NA
NC_045512.2	26486	T	C	8037	5112	37	1	1	34	0.000124378	8040	0.99805	FALSE	NA	NA	NA	NA	NA	NA
NC_045512.2	26486	T	A	8037	5112	37	2	2	34	0.000248756	8040	0.989277	FALSE	NA	NA	NA	NA	NA	NA
NC_045512.2	26490	T	G	8025	5203	37	1	1	34	0.000124595	8026	0.998052	FALSE	NA	NA	NA	NA	NA	NA
NC_045512.2	26492	A	T	7792	5122	37	2	2	34	0.000256608	7794	0.980505	FALSE	NA	NA	NA	NA	NA	NA
NC_045512.2	26498	T	C	8720	6204	38	2	0	30	0.000229305	8722	0.98928	FALSE	NA	NA	NA	NA	NA	NA
NC_045512.2	26499	C	T	8702	6204	38	2	2	34	0.000229779	8704	0.989281	FALSE	NA	NA	NA	NA	NA	NA
NC_045512.2	26500	T	C	8701	6192	38	1	0	34	0.000114916	8702	0.998052	FALSE	NA	NA	NA	NA	NA	NA
NC_045512.2	26506	G	A	8936	6458	38	1	0	68	0.000111894	8937	0.500028	FALSE	NA	NA	NA	NA	NA	NA
NC_045512.2	26507	A	G	9132	6708	38	1	1	46	0.000109493	9133	0.500027	FALSE	NA	NA	NA	NA	NA	NA
NC_045512.2	26508	A	T	9121	6731	38	1	1	24	0.000109601	9124	1	FALSE	NA	NA	NA	NA	NA	NA
NC_045512.2	26508	A	G	9121	6731	38	2	2	68	0.000219202	9124	0.249986	FALSE	NA	NA	NA	NA	NA	NA
NC_045512.2	26510	T	G	9199	6788	38	2	2	34	0.000217297	9204	0.994146	FALSE	NA	NA	NA	NA	NA	NA
NC_045512.2	26510	T	C	9199	6788	38	2	2	34	0.000217297	9204	0.994146	FALSE	NA	NA	NA	NA	NA	NA
NC_045512.2	26510	T	A	9199	6788	38	1	1	34	0.000108648	9204	0.999024	FALSE	NA	NA	NA	NA	NA	NA
NC_045512.2	26511	T	C	9105	6712	37	2	2	34	0.000219587	9108	0.994152	FALSE	NA	NA	NA	NA	NA	NA
NC_045512.2	26511	T	A	9105	6712	37	1	1	34	0.000109794	9108	0.999025	FALSE	NA	NA	NA	NA	NA	NA
NC_045512.2	26513	A	C	9168	6840	38	1	1	34	0.000109063	9169	0.999026	FALSE	NA	NA	NA	NA	NA	NA
NC_045512.2	26514	A	G	9318	6967	38	1	1	34	0.000107308	9319	0.999026	FALSE	NA	NA	NA	NA	NA	NA
NC_045512.2	26515	T	A	9277	7019	38	1	0	68	0.000107782	9278	0.500027	FALSE	NA	NA	NA	NA	NA	NA
NC_045512.2	26516	T	A	8191	7342	35	1	1	26	0.00012207	8192	1	FALSE	NA	NA	NA	NA	NA	NA
NC_045512.2	26517	T	A	8127	7303	35	1	0	34	0.000123031	8128	0.998052	FALSE	NA	NA	NA	NA	NA	NA
NC_045512.2	26518	T	A	8166	7359	35	1	1	26	0.000122444	8167	1	FALSE	NA	NA	NA	NA	NA	NA
NC_045512.2	26521	C	T	8199	7399	35	6	6	34	0.000731261	8205	0.788193	FALSE	NA	NA	NA	NA	NA	NA
NC_045512.2	26524	T	C	8375	7582	35	2	2	34	0.000238749	8377	0.989281	FALSE	NA	NA	NA	NA	NA	NA
NC_045512.2	26526	G	A	8383	7604	35	10	10	37	0.00119147	8393	0.407314	FALSE	NA	NA	NA	NA	NA	NA
NC_045512.2	26529	G	C	8399	7612	35	1	1	34	0.000119048	8400	0.998052	FALSE	NA	NA	NA	NA	NA	NA
NC_045512.2	26536	A	G	8958	8265	36	2	2	34	0.000223214	8960	0.98928	FALSE	NA	NA	NA	NA	NA	NA
NC_045512.2	26538	G	T	8841	8152	36	1	1	34	0.000113097	8842	0.998052	FALSE	NA	NA	NA	NA	NA	NA
NC_045512.2	26539	G	T	8906	8180	36	1	1	34	0.000112246	8909	0.99805	FALSE	NA	NA	NA	NA	NA	NA
NC_045512.2	26539	G	A	8906	8180	36	2	2	34	0.000224492	8909	0.989275	FALSE	NA	NA	NA	NA	NA	NA
NC_045512.2	26540	T	A	8838	8117	36	1	1	34	0.000113135	8839	0.998052	FALSE	NA	NA	NA	NA	NA	NA
NC_045512.2	26541	A	G	8855	8135	36	1	1	34	0.000112918	8856	0.998052	FALSE	NA	NA	NA	NA	NA	NA
NC_045512.2	26542	C	T	9185	8489	36	1	1	34	0.000108849	9187	0.999026	FALSE	NA	NA	NA	NA	NA	NA
NC_045512.2	26542	C	A	9185	8489	36	1	1	34	0.000108849	9187	0.999026	FALSE	NA	NA	NA	NA	NA	NA
NC_045512.2	26543	T	A	8001	7298	35	1	1	26	0.000124969	8002	1	FALSE	NA	NA	NA	NA	NA	NA
NC_045512.2	26544	A	G	9125	8463	36	2	2	34	0.00021913	9127	0.994155	FALSE	NA	NA	NA	NA	NA	NA
NC_045512.2	26545	T	G	8942	8381	35	1	1	34	0.000111794	8945	0.99805	FALSE	NA	NA	NA	NA	NA	NA
NC_045512.2	26545	T	C	8942	8381	35	1	1	26	0.000111794	8945	1	FALSE	NA	NA	NA	NA	NA	NA
NC_045512.2	26545	T	A	8942	8381	35	1	1	34	0.000111794	8945	0.99805	FALSE	NA	NA	NA	NA	NA	NA
NC_045512.2	26548	C	T	9428	8906	36	3	3	34	0.0003181	9431	0.980751	FALSE	NA	NA	NA	NA	NA	NA
NC_045512.2	26549	C	T	7001	6504	37	4	4	34	0.000570695	7009	0.886673	FALSE	NA	NA	NA	NA	NA	NA
NC_045512.2	26549	C	A	7001	6504	37	4	4	34	0.000570695	7009	0.886673	FALSE	NA	NA	NA	NA	NA	NA
NC_045512.2	26557	A	T	5873	5563	35	1	1	34	0.000170242	5874	0.984403	FALSE	NA	NA	NA	NA	NA	NA
NC_045512.2	26560	T	G	5858	5502	37	1	1	34	0.000170678	5859	0.984403	FALSE	NA	NA	NA	NA	NA	NA
NC_045512.2	26563	A	G	5872	5540	36	1	1	34	0.000170271	5873	0.984403	FALSE	NA	NA	NA	NA	NA	NA
NC_045512.2	26566	A	G	5868	5538	36	1	1	34	0.000170387	5869	0.984403	FALSE	NA	NA	NA	NA	NA	NA
NC_045512.2	26568	C	T	5750	5491	36	3	3	34	0.000521467	5753	0.855611	FALSE	NA	NA	NA	NA	NA	NA
NC_045512.2	26569	T	C	5513	5257	36	2	2	34	0.000362647	5515	0.937589	FALSE	NA	NA	NA	NA	NA	NA
NC_045512.2	26577	C	G	0	0	0	5555	5309	36	1	5555	0	TRUE	NA	NA	NA	NA	NA	NA
NC_045512.2	26583	A	T	5408	5209	35	1	1	34	0.000184877	5409	0.984405	FALSE	NA	NA	NA	NA	NA	NA
NC_045512.2	26584	A	G	5407	5209	35	1	1	34	0.000184911	5408	0.984405	FALSE	NA	NA	NA	NA	NA	NA
NC_045512.2	26586	C	A	5266	5091	35	1	1	34	0.000189861	5267	0.984406	FALSE	NA	NA	NA	NA	NA	NA
NC_045512.2	26587	T	C	5158	4984	35	1	1	34	0.000193836	5159	0.984407	FALSE	NA	NA	NA	NA	NA	NA
NC_045512.2	26588	A	G	5243	5068	35	1	1	34	0.000190694	5244	0.984406	FALSE	NA	NA	NA	NA	NA	NA
NC_045512.2	26591	A	T	5168	4993	35	1	1	34	0.000193424	5170	0.984398	FALSE	NA	NA	NA	NA	NA	NA
NC_045512.2	26591	A	G	5168	4993	35	1	1	34	0.000193424	5170	0.984398	FALSE	NA	NA	NA	NA	NA	NA
NC_045512.2	26594	A	G	5108	4954	35	1	1	34	0.000195733	5109	0.984407	FALSE	NA	NA	NA	NA	NA	NA
NC_045512.2	26601	C	A	3835	3699	35	1	1	34	0.000260688	3836	0.937581	FALSE	NA	NA	NA	NA	NA	NA
NC_045512.2	26602	T	A	3504	3370	34	3	3	34	0.000855432	3507	0.656451	FALSE	NA	NA	NA	NA	NA	NA
NC_045512.2	26609	T	C	3139	3006	35	1	1	34	0.000318471	3140	0.9376	FALSE	NA	NA	NA	NA	NA	NA
NC_045512.2	26626	T	C	2506	2412	35	1	1	34	0.000398883	2507	0.87515	FALSE	NA	NA	NA	NA	NA	NA
NC_045512.2	26904	A	G	2069	29	33	1	0	34	0.000483092	2070	0.875181	FALSE	NA	NA	NA	NA	NA	NA
NC_045512.2	26917	C	A	2168	55	34	5	0	34	0.00230097	2173	0.226562	FALSE	NA	NA	NA	NA	NA	NA
NC_045512.2	26926	A	G	1998	97	31	2	0	34	0.001	2000	0.687594	FALSE	NA	NA	NA	NA	NA	NA
NC_045512.2	26945	A	G	2477	145	35	1	0	34	0.000403551	2478	0.875151	FALSE	NA	NA	NA	NA	NA	NA
NC_045512.2	26949	G	A	2578	155	35	1	0	34	0.000387747	2579	0.875145	FALSE	NA	NA	NA	NA	NA	NA
NC_045512.2	26950	T	C	2569	155	35	2	0	34	0.000777907	2571	0.687719	FALSE	NA	NA	NA	NA	NA	NA
NC_045512.2	26952	A	G	2556	153	35	2	2	68	0.000781861	2558	0.250049	FALSE	NA	NA	NA	NA	NA	NA
NC_045512.2	26956	T	C	2668	163	35	1	0	34	0.000374672	2669	0.875141	FALSE	NA	NA	NA	NA	NA	NA
NC_045512.2	26974	T	C	2802	189	36	1	0	34	0.000356761	2803	0.875134	FALSE	NA	NA	NA	NA	NA	NA
NC_045512.2	26976	G	A	2873	203	36	1	0	34	0.000347947	2874	0.87513	FALSE	NA	NA	NA	NA	NA	NA
NC_045512.2	26977	C	T	2870	220	36	2	0	34	0.000696379	2872	0.687696	FALSE	NA	NA	NA	NA	NA	NA
NC_045512.2	26978	T	G	2876	221	36	1	0	34	0.000347584	2877	0.87513	FALSE	NA	NA	NA	NA	NA	NA
NC_045512.2	26979	G	A	2885	219	36	1	1	34	0.0003465	2886	0.87513	FALSE	NA	NA	NA	NA	NA	NA
NC_045512.2	26990	A	T	2751	354	38	1	0	34	0.00036324	2753	0.875068	FALSE	NA	NA	NA	NA	NA	NA
NC_045512.2	26990	A	G	2751	354	38	1	0	34	0.00036324	2753	0.875068	FALSE	NA	NA	NA	NA	NA	NA
NC_045512.2	26992	G	A	2740	363	38	1	0	34	0.00036483	2741	0.875137	FALSE	NA	NA	NA	NA	NA	NA
NC_045512.2	26993	A	T	2658	373	38	2	0	30	0.00075188	2660	0.687712	FALSE	NA	NA	NA	NA	NA	NA
NC_045512.2	26996	C	G	2354	431	37	1	0	34	0.000424628	2355	0.875159	FALSE	NA	NA	NA	NA	NA	NA
NC_045512.2	26997	T	C	2343	427	37	2	0	34	0.000852878	2345	0.68774	FALSE	NA	NA	NA	NA	NA	NA
NC_045512.2	27001	A	G	2376	433	37	2	0	34	0.000841043	2378	0.687737	FALSE	NA	NA	NA	NA	NA	NA
NC_045512.2	27004	T	C	1983	472	37	4	0	34	0.00201309	1987	0.1875	FALSE	NA	NA	NA	NA	NA	NA
NC_045512.2	27006	A	G	1646	485	36	1	0	34	0.000607165	1647	0.750228	FALSE	NA	NA	NA	NA	NA	NA
NC_045512.2	27017	T	A	1739	609	36	23	4	34	0.0130533	1762	1.40342e-06	TRUE	NA	NA	NA	NA	NA	NA
NC_045512.2	27020	A	G	1670	622	36	1	0	34	0.000598444	1671	0.750224	FALSE	NA	NA	NA	NA	NA	NA
NC_045512.2	27027	A	G	1707	690	36	3	0	34	0.00175439	1710	0.31261	FALSE	NA	NA	NA	NA	NA	NA
NC_045512.2	27038	A	G	1787	717	36	1	1	34	0.000559284	1788	0.75021	FALSE	NA	NA	NA	NA	NA	NA
NC_045512.2	27040	C	T	1791	706	36	1	0	34	0.000558036	1792	0.750209	FALSE	NA	NA	NA	NA	NA	NA
NC_045512.2	27041	A	G	1785	701	36	1	0	24	0.00055991	1786	0.999996	FALSE	NA	NA	NA	NA	NA	NA
NC_045512.2	27050	T	C	1718	767	36	1	0	26	0.000581734	1719	0.999996	FALSE	NA	NA	NA	NA	NA	NA
NC_045512.2	27060	A	G	1886	1004	37	1	0	34	0.000529942	1887	0.750199	FALSE	NA	NA	NA	NA	NA	NA
NC_045512.2	27067	G	A	1882	1044	37	2	0	34	0.00106157	1884	0.500199	FALSE	NA	NA	NA	NA	NA	NA
NC_045512.2	27069	G	A	1873	1029	37	2	2	34	0.00106667	1875	0.5002	FALSE	NA	NA	NA	NA	NA	NA
NC_045512.2	27075	C	T	1870	1072	37	1	1	34	0.000534474	1871	0.7502	FALSE	NA	NA	NA	NA	NA	NA
NC_045512.2	27079	G	T	1986	1150	37	1	1	34	0.000503271	1987	0.750189	FALSE	NA	NA	NA	NA	NA	NA
NC_045512.2	27095	A	G	1836	1266	37	1	1	34	0.000544366	1837	0.750204	FALSE	NA	NA	NA	NA	NA	NA
NC_045512.2	27100	T	C	2170	1677	37	2	1	51	0.00092081	2172	0.250058	FALSE	NA	NA	NA	NA	NA	NA
NC_045512.2	27103	C	T	2181	1735	36	2	2	34	0.00091617	2183	0.687758	FALSE	NA	NA	NA	NA	NA	NA
NC_045512.2	27116	C	A	2209	1792	37	1	1	34	0.000452489	2210	0.87517	FALSE	NA	NA	NA	NA	NA	NA
NC_045512.2	27118	A	G	2162	1745	36	1	1	34	0.000462321	2163	0.875173	FALSE	NA	NA	NA	NA	NA	NA
NC_045512.2	27119	C	A	2188	1774	37	1	1	34	0.00045683	2189	0.875171	FALSE	NA	NA	NA	NA	NA	NA
NC_045512.2	27128	C	T	2211	1842	37	1	1	34	0.00045208	2212	0.87517	FALSE	NA	NA	NA	NA	NA	NA
NC_045512.2	27136	A	G	2397	2056	37	1	1	34	0.000417014	2398	0.875156	FALSE	NA	NA	NA	NA	NA	NA
NC_045512.2	27145	C	T	2322	2046	37	1	1	34	0.000430478	2323	0.875161	FALSE	NA	NA	NA	NA	NA	NA
NC_045512.2	27153	T	C	2212	1959	37	1	1	34	0.000451875	2213	0.875169	FALSE	NA	NA	NA	NA	NA	NA
NC_045512.2	27156	A	T	2061	1812	37	4	4	34	0.00193705	2065	0.343864	FALSE	NA	NA	NA	NA	NA	NA
NC_045512.2	27174	G	A	1795	1583	36	2	2	64	0.00111297	1797	0.25007	FALSE	NA	NA	NA	NA	NA	NA
NC_045512.2	27177	T	C	1721	1512	37	1	1	34	0.00058072	1722	0.750218	FALSE	NA	NA	NA	NA	NA	NA
NC_045512.2	27181	T	C	1600	1488	35	1	1	68	0.00062461	1601	0.500156	FALSE	NA	NA	NA	NA	NA	NA
NC_045512.2	27184	T	C	2234	1461	35	1	1	34	0.000447227	2236	0.875084	FALSE	NA	NA	NA	NA	NA	NA
NC_045512.2	27184	T	A	2234	1461	35	1	0	34	0.000447227	2236	0.875084	FALSE	NA	NA	NA	NA	NA	NA
NC_045512.2	27186	C	A	2241	1452	35	9	7	45	0.004	2250	0.00194142	TRUE	NA	NA	NA	NA	NA	NA
NC_045512.2	27193	T	C	2128	1163	34	1	1	34	0.000469704	2129	0.875176	FALSE	NA	NA	NA	NA	NA	NA
NC_045512.2	27198	A	G	1938	967	34	1	1	34	0.00051573	1939	0.750193	FALSE	NA	NA	NA	NA	NA	NA
NC_045512.2	27200	A	G	1693	712	34	1	1	34	0.000590319	1694	0.750221	FALSE	NA	NA	NA	NA	NA	NA
NC_045512.2	27214	G	A	1495	514	34	1	0	34	0.000668449	1496	0.750251	FALSE	NA	NA	NA	NA	NA	NA
NC_045512.2	27268	A	G	1212	183	38	1	1	24	0.000824402	1213	0.999882	FALSE	NA	NA	NA	NA	NA	NA
NC_045512.2	27280	T	C	1060	251	38	1	1	34	0.000942507	1061	0.750354	FALSE	NA	NA	NA	NA	NA	NA
NC_045512.2	27287	T	C	998	271	37	1	0	34	0.001001	999	0.50025	FALSE	NA	NA	NA	NA	NA	NA
NC_045512.2	27305	T	C	855	295	36	1	1	34	0.00116822	856	0.500292	FALSE	NA	NA	NA	NA	NA	NA
NC_045512.2	27312	T	-A	952	414	38	1	0	20	0.00105042	952	0.999056	FALSE	NA	NA	NA	NA	NA	NA
NC_045512.2	27316	A	G	958	416	38	1	1	34	0.00104275	959	0.500261	FALSE	NA	NA	NA	NA	NA	NA
NC_045512.2	27324	T	C	932	434	38	2	0	34	0.00214133	934	0.250134	FALSE	NA	NA	NA	NA	NA	NA
NC_045512.2	27330	A	G	1024	571	39	1	0	34	0.00097561	1025	0.750366	FALSE	NA	NA	NA	NA	NA	NA
NC_045512.2	27341	A	G	920	579	37	1	1	68	0.00108578	921	0.500272	FALSE	NA	NA	NA	NA	NA	NA
NC_045512.2	27387	A	T	1102	887	38	1	1	34	0.000906618	1103	0.75034	FALSE	NA	NA	NA	NA	NA	NA
NC_045512.2	27389	C	T	1095	895	38	1	0	34	0.000912409	1096	0.750342	FALSE	NA	NA	NA	NA	NA	NA
NC_045512.2	27398	A	G	1058	899	37	1	1	34	0.000944287	1059	0.750354	FALSE	NA	NA	NA	NA	NA	NA
NC_045512.2	27418	C	G	991	846	37	3	3	34	0.00301811	994	0.125	FALSE	NA	NA	NA	NA	NA	NA
NC_045512.2	27418	C	+TG	991	846	37	1	0	20	0.00100604	994	0.999041	FALSE	NA	NA	NA	NA	NA	NA
NC_045512.2	27425	C	A	1002	869	37	1	1	34	0.000997009	1003	0.750374	FALSE	NA	NA	NA	NA	NA	NA
NC_045512.2	27426	A	G	992	859	37	1	1	34	0.00100705	993	0.500252	FALSE	NA	NA	NA	NA	NA	NA
NC_045512.2	27434	C	T	870	763	37	1	1	34	0.00114811	871	0.500287	FALSE	NA	NA	NA	NA	NA	NA
NC_045512.2	27438	T	C	0	0	0	986	896	37	1	986	0	TRUE	NA	NA	NA	NA	NA	NA
NC_045512.2	27489	A	G	1275	541	34	1	0	34	0.000783699	1276	0.750294	FALSE	NA	NA	NA	NA	NA	NA
NC_045512.2	27497	G	A	1463	524	34	1	1	34	0.00068306	1464	0.750256	FALSE	NA	NA	NA	NA	NA	NA
NC_045512.2	27499	T	C	1450	509	34	1	1	34	0.00068918	1451	0.750259	FALSE	NA	NA	NA	NA	NA	NA
NC_045512.2	27504	T	C	1520	528	35	10	0	34	0.00653595	1530	0.00580675	TRUE	NA	NA	NA	NA	NA	NA
NC_045512.2	27506	G	A	1573	523	35	3	0	34	0.00190355	1576	0.312619	FALSE	NA	NA	NA	NA	NA	NA
NC_045512.2	27523	T	A	1597	447	36	3	3	34	0.001875	1600	0.312617	FALSE	NA	NA	NA	NA	NA	NA
NC_045512.2	27534	T	C	1289	122	38	1	0	34	0.000775194	1290	0.750291	FALSE	NA	NA	NA	NA	NA	NA
NC_045512.2	27539	T	C	1324	146	38	1	1	68	0.000754717	1325	0.500189	FALSE	NA	NA	NA	NA	NA	NA
NC_045512.2	27540	A	G	1326	146	38	1	0	26	0.00075358	1327	0.999941	FALSE	NA	NA	NA	NA	NA	NA
NC_045512.2	27557	C	T	1389	218	41	1	0	34	0.000719424	1390	0.75027	FALSE	NA	NA	NA	NA	NA	NA
NC_045512.2	27559	C	T	1189	257	40	2	0	34	0.00167926	1191	0.500315	FALSE	NA	NA	NA	NA	NA	NA
NC_045512.2	27575	C	T	602	210	38	478	147	38	0.442593	1080	7.40089e-172	TRUE	NA	NA	NA	NA	NA	NA
NC_045512.2	27576	T	C	1075	349	38	3	0	34	0.00278293	1078	0.312674	FALSE	NA	NA	NA	NA	NA	NA
NC_045512.2	27578	A	G	1055	347	38	1	0	34	0.00094697	1056	0.750355	FALSE	NA	NA	NA	NA	NA	NA
NC_045512.2	27609	A	C	984	468	37	3	2	68	0.00303951	987	0.125	FALSE	NA	NA	NA	NA	NA	NA
NC_045512.2	27633	A	C	983	576	37	1	1	34	0.00101626	984	0.500254	FALSE	NA	NA	NA	NA	NA	NA
NC_045512.2	27638	T	G	1006	578	38	1	1	34	0.000993049	1007	0.750373	FALSE	NA	NA	NA	NA	NA	NA
NC_045512.2	27639	T	C	1022	610	38	1	0	68	0.000977517	1023	0.500244	FALSE	NA	NA	NA	NA	NA	NA
NC_045512.2	27650	T	A	947	545	38	2	0	34	0.00210748	949	0.250132	FALSE	NA	NA	NA	NA	NA	NA
NC_045512.2	27656	T	G	1102	572	38	1	1	34	0.000906618	1103	0.75034	FALSE	NA	NA	NA	NA	NA	NA
NC_045512.2	27657	C	A	1095	578	38	1	1	34	0.000912409	1096	0.750342	FALSE	NA	NA	NA	NA	NA	NA
NC_045512.2	27709	G	A	1015	694	37	1	0	34	0.000984252	1016	0.750369	FALSE	NA	NA	NA	NA	NA	NA
NC_045512.2	27727	C	-T	1080	865	38	1	0	20	0.000925926	1080	0.999529	FALSE	NA	NA	NA	NA	NA	NA
NC_045512.2	27732	C	-T	4334	996	35	1	0	20	0.000230734	4334	1	FALSE	NA	NA	NA	NA	NA	NA
NC_045512.2	27733	T	C	4330	981	34	1	0	34	0.000230894	4331	0.968786	FALSE	NA	NA	NA	NA	NA	NA
NC_045512.2	27734	T	C	4340	982	35	2	0	34	0.000460617	4342	0.89076	FALSE	NA	NA	NA	NA	NA	NA
NC_045512.2	27737	C	T	4489	1105	35	1	0	34	0.000222717	4490	0.968802	FALSE	NA	NA	NA	NA	NA	NA
NC_045512.2	27741	C	T	4591	1084	35	1	0	34	0.00021777	4592	0.968801	FALSE	NA	NA	NA	NA	NA	NA
NC_045512.2	27747	A	G	4756	1178	34	1	1	26	0.000210217	4757	1	FALSE	NA	NA	NA	NA	NA	NA
NC_045512.2	27754	G	A	5064	1155	34	1	0	26	0.000197433	5065	1	FALSE	NA	NA	NA	NA	NA	NA
NC_045512.2	27755	A	T	5054	1156	34	3	0	34	0.000592768	5061	0.855371	FALSE	NA	NA	NA	NA	NA	NA
NC_045512.2	27755	A	G	5054	1156	34	3	2	34	0.000592768	5061	0.855371	FALSE	NA	NA	NA	NA	NA	NA
NC_045512.2	27755	A	C	5054	1156	34	1	0	26	0.000197589	5061	1	FALSE	NA	NA	NA	NA	NA	NA
NC_045512.2	27757	T	A	5077	1098	34	1	1	26	0.000196928	5078	1	FALSE	NA	NA	NA	NA	NA	NA
NC_045512.2	27758	G	A	5166	1132	34	1	1	26	0.000193536	5167	1	FALSE	NA	NA	NA	NA	NA	NA
NC_045512.2	27760	T	G	5154	1127	34	1	0	34	0.000193986	5155	0.984407	FALSE	NA	NA	NA	NA	NA	NA
NC_045512.2	27761	T	C	5138	1132	34	1	0	34	0.00019459	5139	0.984407	FALSE	NA	NA	NA	NA	NA	NA
NC_045512.2	27764	A	G	5168	1148	34	1	1	34	0.000193461	5169	0.984407	FALSE	NA	NA	NA	NA	NA	NA
NC_045512.2	27765	C	T	5189	1144	34	1	1	34	0.000192678	5190	0.984407	FALSE	NA	NA	NA	NA	NA	NA
NC_045512.2	27766	T	G	5177	1133	34	1	0	34	0.000193125	5178	0.984407	FALSE	NA	NA	NA	NA	NA	NA
NC_045512.2	27767	T	G	5243	1127	34	3	0	34	0.000571864	5246	0.855625	FALSE	NA	NA	NA	NA	NA	NA
NC_045512.2	27770	A	G	5298	1152	34	1	1	34	0.000188715	5299	0.984406	FALSE	NA	NA	NA	NA	NA	NA
NC_045512.2	27771	T	C	5330	1146	34	2	0	34	0.000375094	5332	0.937592	FALSE	NA	NA	NA	NA	NA	NA
NC_045512.2	27772	T	G	5350	1149	34	1	0	34	0.000186881	5351	0.984406	FALSE	NA	NA	NA	NA	NA	NA
NC_045512.2	27776	T	G	5363	1160	35	1	0	34	0.000186393	5365	0.984397	FALSE	NA	NA	NA	NA	NA	NA
NC_045512.2	27776	T	C	5363	1160	35	1	0	34	0.000186393	5365	0.984397	FALSE	NA	NA	NA	NA	NA	NA
NC_045512.2	27782	C	G	5702	1168	35	1	0	34	0.000175346	5703	0.984404	FALSE	NA	NA	NA	NA	NA	NA
NC_045512.2	27783	T	G	5679	1118	34	1	0	34	0.000176056	5680	0.984404	FALSE	NA	NA	NA	NA	NA	NA
NC_045512.2	27784	A	G	5752	1210	35	1	0	34	0.000173822	5753	0.984404	FALSE	NA	NA	NA	NA	NA	NA
NC_045512.2	27786	T	G	5767	1207	35	2	0	34	0.000346681	5769	0.937585	FALSE	NA	NA	NA	NA	NA	NA
NC_045512.2	27788	G	T	5433	845	35	356	341	35	0.0614959	5789	4.62643e-101	TRUE	NA	NA	NA	NA	NA	NA
NC_045512.2	27789	T	G	5760	1188	35	1	0	34	0.000173551	5762	0.984395	FALSE	NA	NA	NA	NA	NA	NA
NC_045512.2	27789	T	A	5760	1188	35	1	0	34	0.000173551	5762	0.984395	FALSE	NA	NA	NA	NA	NA	NA
NC_045512.2	27791	C	G	5861	1223	35	1	0	34	0.00017059	5862	0.984403	FALSE	NA	NA	NA	NA	NA	NA
NC_045512.2	27791	C	-T	5861	1223	35	1	0	20	0.00017059	5862	1	FALSE	NA	NA	NA	NA	NA	NA
NC_045512.2	27792	T	C	5931	1196	35	1	0	34	0.000168577	5932	0.984395	FALSE	NA	NA	NA	NA	NA	NA
NC_045512.2	27794	T	G	5897	1154	35	2	0	34	0.000339041	5899	0.937583	FALSE	NA	NA	NA	NA	NA	NA
NC_045512.2	27796	T	C	5880	1154	35	2	0	34	0.00034002	5882	0.937584	FALSE	NA	NA	NA	NA	NA	NA
NC_045512.2	27797	A	G	5884	1152	35	2	0	34	0.000339789	5886	0.937584	FALSE	NA	NA	NA	NA	NA	NA
NC_045512.2	27801	T	C	6063	1080	35	3	0	31	0.00049456	6066	0.910278	FALSE	NA	NA	NA	NA	NA	NA
NC_045512.2	27802	T	G	6055	1078	35	1	0	34	0.000165098	6057	0.992201	FALSE	NA	NA	NA	NA	NA	NA
NC_045512.2	27802	T	C	6055	1078	35	1	0	34	0.000165098	6057	0.992201	FALSE	NA	NA	NA	NA	NA	NA
NC_045512.2	27805	T	G	6508	1073	35	1	0	34	0.000153633	6509	0.992204	FALSE	NA	NA	NA	NA	NA	NA
NC_045512.2	27807	C	T	0	0	0	6646	1078	35	0.99985	6647	0	TRUE	NA	NA	NA	NA	NA	NA
NC_045512.2	27807	C	G	0	0	0	1	0	34	0.000150444	6647	0.00105311	TRUE	NA	NA	NA	NA	NA	NA
NC_045512.2	27810	T	C	6614	1020	35	1	0	26	0.000151172	6615	1	FALSE	NA	NA	NA	NA	NA	NA
NC_045512.2	27815	T	C	6029	763	35	1	0	34	0.000165837	6030	0.992206	FALSE	NA	NA	NA	NA	NA	NA
NC_045512.2	27816	G	-T	6049	774	35	1	0	20	0.000165317	6049	1	FALSE	NA	NA	NA	NA	NA	NA
NC_045512.2	27821	A	T	4754	844	35	1	1	26	0.000210305	4755	1	FALSE	NA	NA	NA	NA	NA	NA
NC_045512.2	27824	T	C	4168	378	35	1	0	26	0.000239866	4169	1	FALSE	NA	NA	NA	NA	NA	NA
NC_045512.2	27826	T	C	4075	397	35	1	0	34	0.000245339	4076	0.968807	FALSE	NA	NA	NA	NA	NA	NA
NC_045512.2	27828	C	G	3865	751	35	1	0	34	0.000258665	3866	0.937581	FALSE	NA	NA	NA	NA	NA	NA
NC_045512.2	27831	A	T	3979	813	35	2	0	34	0.000502386	3981	0.812657	FALSE	NA	NA	NA	NA	NA	NA
NC_045512.2	27836	C	-T	3931	957	36	1	0	20	0.000254388	3931	1	FALSE	NA	NA	NA	NA	NA	NA
NC_045512.2	27837	T	C	3937	955	36	1	0	34	0.000253936	3938	0.937548	FALSE	NA	NA	NA	NA	NA	NA
NC_045512.2	27838	T	C	3939	962	36	1	1	34	0.000253807	3940	0.937579	FALSE	NA	NA	NA	NA	NA	NA
NC_045512.2	27844	T	C	3706	863	35	1	0	34	0.00026976	3707	0.937584	FALSE	NA	NA	NA	NA	NA	NA
NC_045512.2	27853	A	G	4198	1074	36	11	1	34	0.00261345	4209	0.0591256	FALSE	NA	NA	NA	NA	NA	NA
NC_045512.2	27855	C	G	4158	1114	35	1	0	26	0.000240442	4159	1	FALSE	NA	NA	NA	NA	NA	NA
NC_045512.2	27856	T	C	4194	1135	36	1	0	34	0.000238379	4195	0.968806	FALSE	NA	NA	NA	NA	NA	NA
NC_045512.2	27857	G	A	4207	1134	35	1	0	34	0.000237643	4208	0.968806	FALSE	NA	NA	NA	NA	NA	NA
NC_045512.2	27858	C	T	4190	1166	36	1	0	68	0.000238607	4191	0.50006	FALSE	NA	NA	NA	NA	NA	NA
NC_045512.2	27859	A	G	4178	1164	36	2	0	47	0.000478469	4180	0.25003	FALSE	NA	NA	NA	NA	NA	NA
NC_045512.2	27863	T	C	4407	1322	36	1	0	34	0.00022686	4408	0.968803	FALSE	NA	NA	NA	NA	NA	NA
NC_045512.2	27864	C	T	4351	1295	36	3	0	34	0.000689022	4354	0.773626	FALSE	NA	NA	NA	NA	NA	NA
NC_045512.2	27865	A	T	4357	1310	36	2	0	30	0.000458821	4359	0.890759	FALSE	NA	NA	NA	NA	NA	NA
NC_045512.2	27875	T	A	4561	1632	37	1	0	34	0.000219202	4562	0.968801	FALSE	NA	NA	NA	NA	NA	NA
NC_045512.2	27876	T	C	4543	1567	36	2	1	51	0.000440044	4545	0.250028	FALSE	NA	NA	NA	NA	NA	NA
NC_045512.2	27880	A	G	4536	1789	37	2	0	51	0.000440723	4538	0.250028	FALSE	NA	NA	NA	NA	NA	NA
NC_045512.2	27882	G	A	4678	1798	37	1	0	34	0.000213721	4679	0.9688	FALSE	NA	NA	NA	NA	NA	NA
NC_045512.2	27885	T	C	4601	1832	37	1	0	34	0.000217297	4602	0.968801	FALSE	NA	NA	NA	NA	NA	NA
NC_045512.2	27889	C	T	0	0	0	4634	1916	37	1	4634	0	TRUE	NA	NA	NA	NA	NA	NA
NC_045512.2	27895	T	C	4682	2157	38	5	0	34	0.00106678	4687	0.500131	FALSE	NA	NA	NA	NA	NA	NA
NC_045512.2	27897	A	G	4689	2173	38	1	0	34	0.00021322	4690	0.9688	FALSE	NA	NA	NA	NA	NA	NA
NC_045512.2	27898	A	G	4712	2216	38	1	0	34	0.000212179	4713	0.9688	FALSE	NA	NA	NA	NA	NA	NA
NC_045512.2	27899	A	G	4856	2459	38	1	1	34	0.000205888	4857	0.968798	FALSE	NA	NA	NA	NA	NA	NA
NC_045512.2	27904	T	C	4419	2539	37	1	1	34	0.000226244	4420	0.968803	FALSE	NA	NA	NA	NA	NA	NA
NC_045512.2	27905	T	G	4471	2591	38	1	0	34	0.000223614	4472	0.968802	FALSE	NA	NA	NA	NA	NA	NA
NC_045512.2	27910	T	C	4514	2755	36	1	1	34	0.000221484	4515	0.968802	FALSE	NA	NA	NA	NA	NA	NA
NC_045512.2	27913	T	C	4857	3139	38	2	2	34	0.000411607	4859	0.890746	FALSE	NA	NA	NA	NA	NA	NA
NC_045512.2	27919	T	C	4937	3326	38	1	1	34	0.000202511	4938	0.968797	FALSE	NA	NA	NA	NA	NA	NA
NC_045512.2	27920	C	T	5021	3331	38	1	1	34	0.000199124	5022	0.984408	FALSE	NA	NA	NA	NA	NA	NA
NC_045512.2	27921	A	G	5142	3481	38	1	0	26	0.000194439	5143	1	FALSE	NA	NA	NA	NA	NA	NA
NC_045512.2	27922	T	C	5166	3485	38	1	1	34	0.000193536	5167	0.984407	FALSE	NA	NA	NA	NA	NA	NA
NC_045512.2	27923	C	T	5173	3498	38	1	1	26	0.000193274	5174	1	FALSE	NA	NA	NA	NA	NA	NA
NC_045512.2	27926	A	G	5294	3581	38	1	1	34	0.000188857	5295	0.984406	FALSE	NA	NA	NA	NA	NA	NA
NC_045512.2	27929	T	G	4797	3166	38	1	0	34	0.00020842	4798	0.968799	FALSE	NA	NA	NA	NA	NA	NA
NC_045512.2	27930	G	A	4881	3246	38	1	1	34	0.000204834	4882	0.968798	FALSE	NA	NA	NA	NA	NA	NA
NC_045512.2	27932	A	G	4862	3238	38	1	0	34	0.000205634	4863	0.968798	FALSE	NA	NA	NA	NA	NA	NA
NC_045512.2	27933	G	A	4868	3223	38	1	0	34	0.000205381	4869	0.968798	FALSE	NA	NA	NA	NA	NA	NA
NC_045512.2	27935	T	A	4810	3283	38	2	2	30	0.000415628	4812	0.890747	FALSE	NA	NA	NA	NA	NA	NA
NC_045512.2	27936	G	C	4801	3258	38	1	1	34	0.000208203	4803	0.968783	FALSE	NA	NA	NA	NA	NA	NA
NC_045512.2	27936	G	A	4801	3258	38	1	0	34	0.000208203	4803	0.968783	FALSE	NA	NA	NA	NA	NA	NA
NC_045512.2	27938	A	G	5189	3738	38	2	1	34	0.000385282	5191	0.937595	FALSE	NA	NA	NA	NA	NA	NA
NC_045512.2	27939	T	C	5282	3838	39	1	1	68	0.000189286	5283	0.500047	FALSE	NA	NA	NA	NA	NA	NA
NC_045512.2	27940	T	C	5286	3851	39	1	0	68	0.000189143	5287	0.500047	FALSE	NA	NA	NA	NA	NA	NA
NC_045512.2	27947	A	G	5764	4538	39	2	0	29	0.000346861	5766	1	FALSE	NA	NA	NA	NA	NA	NA
NC_045512.2	27949	A	G	5651	4637	37	1	1	34	0.000176929	5652	0.984404	FALSE	NA	NA	NA	NA	NA	NA
NC_045512.2	27950	A	G	5712	4686	37	1	1	34	0.000175039	5713	0.984404	FALSE	NA	NA	NA	NA	NA	NA
NC_045512.2	27954	A	G	5721	4715	37	2	2	34	0.000349467	5723	0.937586	FALSE	NA	NA	NA	NA	NA	NA
NC_045512.2	27956	T	G	3623	2625	33	1	1	26	0.000275938	3624	1	FALSE	NA	NA	NA	NA	NA	NA
NC_045512.2	27957	T	G	5748	4748	37	1	1	26	0.000173943	5749	1	FALSE	NA	NA	NA	NA	NA	NA
NC_045512.2	27958	T	C	5754	4764	37	1	1	68	0.000173762	5755	0.500043	FALSE	NA	NA	NA	NA	NA	NA
NC_045512.2	27960	C	T	5711	4724	37	2	2	34	0.000350079	5713	0.937586	FALSE	NA	NA	NA	NA	NA	NA
NC_045512.2	27967	G	C	5629	4612	36	1	1	26	0.00017762	5630	1	FALSE	NA	NA	NA	NA	NA	NA
NC_045512.2	27968	T	C	5736	4735	36	1	1	34	0.000174307	5737	0.984404	FALSE	NA	NA	NA	NA	NA	NA
NC_045512.2	27970	C	A	5744	4723	36	1	1	34	0.000174064	5745	0.984404	FALSE	NA	NA	NA	NA	NA	NA
NC_045512.2	27972	C	A	5522	4524	36	1	1	34	0.000181061	5523	0.984405	FALSE	NA	NA	NA	NA	NA	NA
NC_045512.2	27974	A	G	5533	4525	37	1	1	34	0.000180701	5534	0.984405	FALSE	NA	NA	NA	NA	NA	NA
NC_045512.2	27977	T	C	5482	4531	36	1	0	34	0.000182382	5483	0.984405	FALSE	NA	NA	NA	NA	NA	NA
NC_045512.2	27979	A	G	5351	4413	37	1	0	34	0.000186811	5353	0.984397	FALSE	NA	NA	NA	NA	NA	NA
NC_045512.2	27979	A	C	5351	4413	37	1	1	34	0.000186811	5353	0.984397	FALSE	NA	NA	NA	NA	NA	NA
NC_045512.2	27980	A	G	5285	4415	36	1	1	34	0.000189179	5286	0.984406	FALSE	NA	NA	NA	NA	NA	NA
NC_045512.2	27984	T	C	5615	4776	37	1	1	34	0.000178063	5616	0.984404	FALSE	NA	NA	NA	NA	NA	NA
NC_045512.2	27987	G	A	5755	4881	37	1	1	34	0.000173732	5756	0.984403	FALSE	NA	NA	NA	NA	NA	NA
NC_045512.2	27989	A	C	6176	5421	38	1	1	34	0.000161891	6177	0.992205	FALSE	NA	NA	NA	NA	NA	NA
NC_045512.2	27991	T	G	5213	4452	36	1	1	34	0.000191791	5214	0.984406	FALSE	NA	NA	NA	NA	NA	NA
NC_045512.2	27997	A	G	6221	5541	38	1	1	68	0.00016072	6222	0.50004	FALSE	NA	NA	NA	NA	NA	NA
NC_045512.2	28001	G	A	6092	5440	39	2	0	68	0.000328192	6094	0.250021	FALSE	NA	NA	NA	NA	NA	NA
NC_045512.2	28006	C	A	6018	5367	39	2	2	34	0.000332226	6020	0.964907	FALSE	NA	NA	NA	NA	NA	NA
NC_045512.2	28010	T	C	5677	5034	39	2	2	34	0.000352175	5679	0.937587	FALSE	NA	NA	NA	NA	NA	NA
NC_045512.2	28017	T	A	5108	4499	39	1	1	34	0.000195733	5109	0.984407	FALSE	NA	NA	NA	NA	NA	NA
NC_045512.2	28023	A	T	4992	4481	38	1	1	26	0.00020028	4993	1	FALSE	NA	NA	NA	NA	NA	NA
NC_045512.2	28024	A	G	4984	4475	38	1	1	34	0.000200602	4985	0.968797	FALSE	NA	NA	NA	NA	NA	NA
NC_045512.2	28026	T	C	11866	4810	35	2	1	34	0.00016852	11868	0.998296	FALSE	NA	NA	NA	NA	NA	NA
NC_045512.2	28029	T	C	13916	4751	35	1	0	34	7.18546e-05	13917	0.999939	FALSE	NA	NA	NA	NA	NA	NA
NC_045512.2	28030	A	T	15036	4802	35	1	0	26	6.65026e-05	15037	1	FALSE	NA	NA	NA	NA	NA	NA
NC_045512.2	28032	A	G	15440	4838	35	3	1	34	0.000194263	15443	0.999346	FALSE	NA	NA	NA	NA	NA	NA
NC_045512.2	28034	T	C	15717	4966	35	3	0	34	0.00019084	15720	0.999346	FALSE	NA	NA	NA	NA	NA	NA
NC_045512.2	28035	A	G	15482	4881	35	1	1	34	6.4587e-05	15483	0.999985	FALSE	NA	NA	NA	NA	NA	NA
NC_045512.2	28037	A	G	16089	4527	35	2	0	34	0.000124293	16091	0.999928	FALSE	NA	NA	NA	NA	NA	NA
NC_045512.2	28040	A	G	16343	4247	35	1	0	34	6.11845e-05	16344	0.999992	FALSE	NA	NA	NA	NA	NA	NA
NC_045512.2	28042	G	A	16993	4204	35	2	1	34	0.000117682	16995	0.999928	FALSE	NA	NA	NA	NA	NA	NA
NC_045512.2	28043	A	G	16610	3802	35	6	1	38	0.000361098	16616	0.991571	FALSE	NA	NA	NA	NA	NA	NA
NC_045512.2	28045	C	G	16622	3589	35	1	0	34	6.01468e-05	16626	0.999992	FALSE	NA	NA	NA	NA	NA	NA
NC_045512.2	28045	C	A	16622	3589	35	3	2	34	0.00018044	16626	0.999637	FALSE	NA	NA	NA	NA	NA	NA
NC_045512.2	28046	T	C	16626	3593	35	2	0	34	0.000120279	16628	0.999928	FALSE	NA	NA	NA	NA	NA	NA
NC_045512.2	28049	A	G	15758	3668	34	1	0	34	6.34558e-05	15759	0.999985	FALSE	NA	NA	NA	NA	NA	NA
NC_045512.2	28050	A	G	16751	3674	36	3	0	34	0.000179062	16754	0.999637	FALSE	NA	NA	NA	NA	NA	NA
NC_045512.2	28051	A	G	16840	3650	36	3	1	34	0.000178116	16843	0.999637	FALSE	NA	NA	NA	NA	NA	NA
NC_045512.2	28052	A	G	16843	3645	36	1	0	38	5.93683e-05	16844	0.999992	FALSE	NA	NA	NA	NA	NA	NA
NC_045512.2	28055	A	G	16701	3627	35	3	0	34	0.000179598	16704	0.999637	FALSE	NA	NA	NA	NA	NA	NA
NC_045512.2	28057	C	T	16730	3658	35	5	0	34	0.000298775	16735	0.996411	FALSE	NA	NA	NA	NA	NA	NA
NC_045512.2	28058	A	G	16769	3651	35	1	1	34	5.96303e-05	16770	0.999992	FALSE	NA	NA	NA	NA	NA	NA
NC_045512.2	28059	C	A	17314	3654	35	2	0	34	0.0001155	17316	0.999962	FALSE	NA	NA	NA	NA	NA	NA
NC_045512.2	28060	C	T	17319	3629	35	1	0	34	5.77367e-05	17320	0.999996	FALSE	NA	NA	NA	NA	NA	NA
NC_045512.2	28061	T	C	17316	3630	35	1	0	34	5.77467e-05	17317	0.999996	FALSE	NA	NA	NA	NA	NA	NA
NC_045512.2	28062	T	C	17288	3614	35	2	0	34	0.000115674	17290	0.999962	FALSE	NA	NA	NA	NA	NA	NA
NC_045512.2	28063	T	C	17538	3677	35	1	0	34	5.70158e-05	17539	0.999996	FALSE	NA	NA	NA	NA	NA	NA
NC_045512.2	28065	A	G	17359	3717	35	2	1	34	0.000115201	17361	0.999962	FALSE	NA	NA	NA	NA	NA	NA
NC_045512.2	28066	T	A	17886	3708	35	1	0	34	5.59065e-05	17887	0.999996	FALSE	NA	NA	NA	NA	NA	NA
NC_045512.2	28067	T	C	17237	3103	35	2	0	34	0.000116009	17240	0.999962	FALSE	NA	NA	NA	NA	NA	NA
NC_045512.2	28067	T	A	17237	3103	35	1	0	26	5.80046e-05	17240	1	FALSE	NA	NA	NA	NA	NA	NA
NC_045512.2	28068	G	T	17852	3610	35	2	0	34	0.000112001	17857	0.999962	FALSE	NA	NA	NA	NA	NA	NA
NC_045512.2	28068	G	C	17852	3610	35	1	0	34	5.60004e-05	17857	0.999996	FALSE	NA	NA	NA	NA	NA	NA
NC_045512.2	28068	G	A	17852	3610	35	2	0	30	0.000112001	17857	0.999962	FALSE	NA	NA	NA	NA	NA	NA
NC_045512.2	28069	A	G	17537	3543	35	2	2	34	0.000114032	17539	0.999962	FALSE	NA	NA	NA	NA	NA	NA
NC_045512.2	28070	A	G	17794	3545	35	1	0	34	5.61956e-05	17795	0.999996	FALSE	NA	NA	NA	NA	NA	NA
NC_045512.2	28071	T	A	17850	3533	35	1	0	34	5.60193e-05	17851	0.999996	FALSE	NA	NA	NA	NA	NA	NA
NC_045512.2	28072	T	C	17762	3476	35	1	0	34	5.62936e-05	17764	0.999996	FALSE	NA	NA	NA	NA	NA	NA
NC_045512.2	28072	T	A	17762	3476	35	1	0	34	5.62936e-05	17764	0.999996	FALSE	NA	NA	NA	NA	NA	NA
NC_045512.2	28073	G	C	18635	3492	35	1	0	26	5.36509e-05	18639	1	FALSE	NA	NA	NA	NA	NA	NA
NC_045512.2	28073	G	A	18635	3492	35	3	0	34	0.000160953	18639	0.99989	FALSE	NA	NA	NA	NA	NA	NA
NC_045512.2	28074	T	A	18453	3324	35	1	0	34	5.41888e-05	18454	0.999998	FALSE	NA	NA	NA	NA	NA	NA
NC_045512.2	28075	G	T	18645	3353	35	3	0	34	0.000160867	18649	0.99989	FALSE	NA	NA	NA	NA	NA	NA
NC_045512.2	28075	G	C	18645	3353	35	1	0	26	5.36222e-05	18649	1	FALSE	NA	NA	NA	NA	NA	NA
NC_045512.2	28076	C	T	18539	3451	35	8	0	34	0.000431313	18548	0.985548	FALSE	NA	NA	NA	NA	NA	NA
NC_045512.2	28076	C	A	18539	3451	35	1	1	34	5.39142e-05	18548	0.999998	FALSE	NA	NA	NA	NA	NA	NA
NC_045512.2	28077	G	A	18618	3409	35	3	0	31	0.000161108	18621	0.99989	FALSE	NA	NA	NA	NA	NA	NA
NC_045512.2	28078	T	G	18538	3401	35	1	0	26	5.39403e-05	18539	1	FALSE	NA	NA	NA	NA	NA	NA
NC_045512.2	28079	G	C	16547	1199	36	1	0	34	6.04193e-05	16551	0.999992	FALSE	NA	NA	NA	NA	NA	NA
NC_045512.2	28079	G	A	16547	1199	36	3	0	34	0.000181258	16551	0.999637	FALSE	NA	NA	NA	NA	NA	NA
NC_045512.2	28080	G	A	17061	1201	36	1	0	34	5.86098e-05	17062	0.999996	FALSE	NA	NA	NA	NA	NA	NA
NC_045512.2	28082	T	C	17113	1273	36	3	1	45	0.000175275	17116	0.312511	FALSE	NA	NA	NA	NA	NA	NA
NC_045512.2	28083	G	T	17110	1271	36	1	0	34	5.84419e-05	17111	0.999996	FALSE	NA	NA	NA	NA	NA	NA
NC_045512.2	28084	A	G	16885	1286	36	6	3	34	0.000355219	16891	0.99157	FALSE	NA	NA	NA	NA	NA	NA
NC_045512.2	28085	G	A	17383	1292	36	1	0	34	5.75242e-05	17384	0.999996	FALSE	NA	NA	NA	NA	NA	NA
NC_045512.2	28086	G	A	17358	1294	36	1	0	34	5.7607e-05	17359	0.999996	FALSE	NA	NA	NA	NA	NA	NA
NC_045512.2	28087	C	T	17244	1346	36	1	0	34	5.79878e-05	17245	0.999996	FALSE	NA	NA	NA	NA	NA	NA
NC_045512.2	28089	G	T	17606	1340	36	1	0	34	5.67956e-05	17607	0.999996	FALSE	NA	NA	NA	NA	NA	NA
NC_045512.2	28090	G	A	18454	1358	36	2	0	34	0.000108366	18456	0.99998	FALSE	NA	NA	NA	NA	NA	NA
NC_045512.2	28092	T	C	18660	2269	38	1	0	34	5.35877e-05	18661	0.999998	FALSE	NA	NA	NA	NA	NA	NA
NC_045512.2	28094	T	C	18764	2413	39	5	0	34	0.000266383	18770	0.998704	FALSE	NA	NA	NA	NA	NA	NA
NC_045512.2	28094	T	A	18764	2413	39	1	0	34	5.32765e-05	18770	0.999998	FALSE	NA	NA	NA	NA	NA	NA
NC_045512.2	28095	A	G	18823	2414	39	3	0	34	0.000159346	18827	0.99989	FALSE	NA	NA	NA	NA	NA	NA
NC_045512.2	28095	A	C	18823	2414	39	1	1	46	5.31152e-05	18827	0.74998	FALSE	NA	NA	NA	NA	NA	NA
NC_045512.2	28096	A	G	18890	2553	39	1	0	34	5.29353e-05	18891	0.999998	FALSE	NA	NA	NA	NA	NA	NA
NC_045512.2	28097	A	G	18953	2558	39	2	1	34	0.000105513	18955	0.99998	FALSE	NA	NA	NA	NA	NA	NA
NC_045512.2	28098	T	G	18939	2558	39	1	0	26	5.27955e-05	18941	1	FALSE	NA	NA	NA	NA	NA	NA
NC_045512.2	28098	T	C	18939	2558	39	1	0	34	5.27955e-05	18941	0.999998	FALSE	NA	NA	NA	NA	NA	NA
NC_045512.2	28099	C	T	19187	2600	39	4	0	34	0.000208431	19191	0.999757	FALSE	NA	NA	NA	NA	NA	NA
NC_045512.2	28100	A	T	19179	2605	39	1	0	34	5.21376e-05	19180	0.999999	FALSE	NA	NA	NA	NA	NA	NA
NC_045512.2	28100	A	+CCCATT	19179	2605	39	1	0	20	5.21376e-05	19180	1	FALSE	NA	NA	NA	NA	NA	NA
NC_045512.2	28101	C	T	19529	2738	39	2	0	34	0.000102401	19531	0.99999	FALSE	NA	NA	NA	NA	NA	NA
NC_045512.2	28103	C	T	19221	2742	39	1	0	34	5.20102e-05	19227	0.999999	FALSE	NA	NA	NA	NA	NA	NA
NC_045512.2	28103	C	A	19221	2742	39	5	0	34	0.000260051	19227	0.999231	FALSE	NA	NA	NA	NA	NA	NA
NC_045512.2	28105	T	G	20354	2788	39	1	0	27	4.91232e-05	20357	1	FALSE	NA	NA	NA	NA	NA	NA
NC_045512.2	28105	T	C	20354	2788	39	2	0	34	9.82463e-05	20357	0.999995	FALSE	NA	NA	NA	NA	NA	NA
NC_045512.2	28106	T	C	20157	2854	39	2	0	34	9.92113e-05	20159	0.999995	FALSE	NA	NA	NA	NA	NA	NA
NC_045512.2	28107	C	T	19877	2943	39	1	0	34	5.02993e-05	19881	0.999999	FALSE	NA	NA	NA	NA	NA	NA
NC_045512.2	28107	C	G	19877	2943	39	3	0	34	0.000150898	19881	0.99994	FALSE	NA	NA	NA	NA	NA	NA
NC_045512.2	28108	A	G	19644	2953	39	1	0	34	5.09035e-05	19645	0.999999	FALSE	NA	NA	NA	NA	NA	NA
NC_045512.2	28110	T	C	19401	3166	39	1	0	34	5.15384e-05	19403	0.999999	FALSE	NA	NA	NA	NA	NA	NA
NC_045512.2	28110	T	A	19401	3166	39	1	0	26	5.15384e-05	19403	1	FALSE	NA	NA	NA	NA	NA	NA
NC_045512.2	28111	A	T	19187	3173	39	1	0	34	5.2105e-05	19192	0.999999	FALSE	NA	NA	NA	NA	NA	NA
NC_045512.2	28111	A	G	19187	3173	39	3	0	34	0.000156315	19192	0.99994	FALSE	NA	NA	NA	NA	NA	NA
NC_045512.2	28111	A	C	19187	3173	39	1	1	24	5.2105e-05	19192	1	FALSE	NA	NA	NA	NA	NA	NA
NC_045512.2	28112	C	G	19273	3185	39	1	0	34	5.18834e-05	19274	0.999999	FALSE	NA	NA	NA	NA	NA	NA
NC_045512.2	28113	A	G	18272	3051	39	6	0	32	0.000328263	18278	0.996704	FALSE	NA	NA	NA	NA	NA	NA
NC_045512.2	28114	T	G	18028	3345	39	1	1	26	5.54539e-05	18033	1	FALSE	NA	NA	NA	NA	NA	NA
NC_045512.2	28114	T	C	18028	3345	39	4	0	34	0.000221816	18033	0.999574	FALSE	NA	NA	NA	NA	NA	NA
NC_045512.2	28115	C	T	18028	3365	39	2	0	34	0.000110926	18030	0.99998	FALSE	NA	NA	NA	NA	NA	NA
NC_045512.2	28116	G	A	18027	3334	39	5	0	30	0.000277285	18032	0.998705	FALSE	NA	NA	NA	NA	NA	NA
NC_045512.2	28118	T	C	17861	3213	38	1	0	34	5.59848e-05	17862	0.999996	FALSE	NA	NA	NA	NA	NA	NA
NC_045512.2	28121	C	T	16987	3452	38	5	2	52	0.000294221	16994	0.0312362	FALSE	NA	NA	NA	NA	NA	NA
NC_045512.2	28121	C	G	16987	3452	38	1	0	34	5.88443e-05	16994	0.999992	FALSE	NA	NA	NA	NA	NA	NA
NC_045512.2	28121	C	A	16987	3452	38	1	0	34	5.88443e-05	16994	0.999992	FALSE	NA	NA	NA	NA	NA	NA
NC_045512.2	28122	G	T	16984	3447	38	2	0	34	0.000117744	16986	0.999928	FALSE	NA	NA	NA	NA	NA	NA
NC_045512.2	28123	G	A	17238	3461	38	6	0	34	0.000347947	17244	0.994704	FALSE	NA	NA	NA	NA	NA	NA
NC_045512.2	28124	T	G	16811	3490	38	1	0	34	5.94707e-05	16815	0.999992	FALSE	NA	NA	NA	NA	NA	NA
NC_045512.2	28124	T	A	16811	3490	38	3	0	34	0.000178412	16815	0.999637	FALSE	NA	NA	NA	NA	NA	NA
NC_045512.2	28129	A	G	15679	4068	38	2	1	34	0.000127543	15681	0.999863	FALSE	NA	NA	NA	NA	NA	NA
NC_045512.2	28131	A	G	14719	4182	36	3	0	34	0.000203777	14722	0.998829	FALSE	NA	NA	NA	NA	NA	NA
NC_045512.2	28132	C	T	14719	4223	37	1	0	26	6.79348e-05	14720	1	FALSE	NA	NA	NA	NA	NA	NA
NC_045512.2	28136	T	C	15015	4851	37	1	0	34	6.65912e-05	15017	0.999985	FALSE	NA	NA	NA	NA	NA	NA
NC_045512.2	28136	T	A	15015	4851	37	1	0	26	6.65912e-05	15017	1	FALSE	NA	NA	NA	NA	NA	NA
NC_045512.2	28137	T	C	14565	4938	37	1	0	34	6.8653e-05	14566	0.99997	FALSE	NA	NA	NA	NA	NA	NA
NC_045512.2	28140	T	C	13852	5155	37	4	4	31	0.000288684	13856	0.993653	FALSE	NA	NA	NA	NA	NA	NA
NC_045512.2	28141	G	-T	13949	5170	37	1	0	20	7.16897e-05	13949	1	FALSE	NA	NA	NA	NA	NA	NA
NC_045512.2	28142	T	C	13138	4392	36	2	0	34	0.000152207	13140	0.999513	FALSE	NA	NA	NA	NA	NA	NA
NC_045512.2	28143	T	C	13838	5118	37	2	0	34	0.000144509	13840	0.999513	FALSE	NA	NA	NA	NA	NA	NA
NC_045512.2	28146	C	T	13912	5177	37	1	0	34	7.18701e-05	13914	0.999939	FALSE	NA	NA	NA	NA	NA	NA
NC_045512.2	28146	C	G	13912	5177	37	1	0	34	7.18701e-05	13914	0.999939	FALSE	NA	NA	NA	NA	NA	NA
NC_045512.2	28147	C	T	13778	5158	37	1	0	34	7.25742e-05	13779	0.999939	FALSE	NA	NA	NA	NA	NA	NA
NC_045512.2	28148	T	G	13810	5108	37	1	1	34	7.24061e-05	13811	0.999939	FALSE	NA	NA	NA	NA	NA	NA
NC_045512.2	28151	T	C	14115	5500	38	2	0	51	0.000141673	14117	0.250009	FALSE	NA	NA	NA	NA	NA	NA
NC_045512.2	28152	A	G	13965	5510	38	1	1	34	7.16025e-05	13966	0.999939	FALSE	NA	NA	NA	NA	NA	NA
NC_045512.2	28154	A	T	13932	5464	37	1	1	34	7.17721e-05	13933	0.999939	FALSE	NA	NA	NA	NA	NA	NA
NC_045512.2	28155	A	G	13993	5488	38	3	3	42	0.000214347	13996	0.312513	FALSE	NA	NA	NA	NA	NA	NA
NC_045512.2	28157	T	C	13933	5499	37	5	0	34	0.000358706	13939	0.984584	FALSE	NA	NA	NA	NA	NA	NA
NC_045512.2	28157	T	A	13933	5499	37	1	0	34	7.17412e-05	13939	0.999939	FALSE	NA	NA	NA	NA	NA	NA
NC_045512.2	28158	A	G	14102	5609	38	3	3	34	0.000212691	14105	0.998829	FALSE	NA	NA	NA	NA	NA	NA
NC_045512.2	28160	T	C	13751	5729	37	1	0	34	7.27114e-05	13753	0.999939	FALSE	NA	NA	NA	NA	NA	NA
NC_045512.2	28160	T	A	13751	5729	37	1	1	34	7.27114e-05	13753	0.999939	FALSE	NA	NA	NA	NA	NA	NA
NC_045512.2	28161	T	C	13684	5856	37	1	1	34	7.30727e-05	13685	0.999939	FALSE	NA	NA	NA	NA	NA	NA
NC_045512.2	28164	C	T	13627	5897	37	4	4	34	0.000293449	13631	0.993653	FALSE	NA	NA	NA	NA	NA	NA
NC_045512.2	28165	A	G	13600	5877	37	2	0	34	0.000147037	13602	0.999513	FALSE	NA	NA	NA	NA	NA	NA
NC_045512.2	28166	G	A	13417	5918	37	1	0	34	7.45268e-05	13418	0.999939	FALSE	NA	NA	NA	NA	NA	NA
NC_045512.2	28168	A	G	13604	5927	37	1	1	34	7.35024e-05	13605	0.999939	FALSE	NA	NA	NA	NA	NA	NA
NC_045512.2	28172	T	G	13629	5951	37	2	2	34	0.000146714	13632	0.999513	FALSE	NA	NA	NA	NA	NA	NA
NC_045512.2	28172	T	C	13629	5951	37	1	0	34	7.33568e-05	13632	0.999939	FALSE	NA	NA	NA	NA	NA	NA
NC_045512.2	28172	T	-A	13629	5951	37	1	0	20	7.33568e-05	13632	1	FALSE	NA	NA	NA	NA	NA	NA
NC_045512.2	28176	T	C	13226	6353	37	1	0	34	7.56029e-05	13227	0.999939	FALSE	NA	NA	NA	NA	NA	NA
NC_045512.2	28177	T	G	12855	5991	36	1	1	34	7.77847e-05	12856	0.999878	FALSE	NA	NA	NA	NA	NA	NA
NC_045512.2	28178	G	A	13255	6262	37	1	0	34	7.54375e-05	13256	0.999939	FALSE	NA	NA	NA	NA	NA	NA
NC_045512.2	28179	G	T	13204	6265	37	1	1	34	7.57289e-05	13205	0.999939	FALSE	NA	NA	NA	NA	NA	NA
NC_045512.2	28184	T	C	14176	6410	36	5	1	34	0.000352584	14181	0.990418	FALSE	NA	NA	NA	NA	NA	NA
NC_045512.2	28186	T	C	14391	6648	36	2	2	34	0.000138956	14393	0.999742	FALSE	NA	NA	NA	NA	NA	NA
NC_045512.2	28187	T	C	14382	6652	36	1	1	34	6.95265e-05	14383	0.99997	FALSE	NA	NA	NA	NA	NA	NA
NC_045512.2	28188	G	C	14395	6672	37	1	1	34	6.94637e-05	14396	0.99997	FALSE	NA	NA	NA	NA	NA	NA
NC_045512.2	28189	T	C	14504	6796	37	2	1	30	0.000137874	14506	0.999742	FALSE	NA	NA	NA	NA	NA	NA
NC_045512.2	28190	A	T	14331	6866	36	1	1	34	6.97739e-05	14332	0.99997	FALSE	NA	NA	NA	NA	NA	NA
NC_045512.2	28192	T	G	11177	4452	35	1	1	34	8.94614e-05	11178	0.999757	FALSE	NA	NA	NA	NA	NA	NA
NC_045512.2	28195	G	A	11825	5135	36	1	0	34	8.45594e-05	11826	0.999757	FALSE	NA	NA	NA	NA	NA	NA
NC_045512.2	28196	T	C	11725	5194	36	1	1	34	8.52806e-05	11726	0.999757	FALSE	NA	NA	NA	NA	NA	NA
NC_045512.2	28197	T	C	11506	5010	36	1	1	34	8.69036e-05	11507	0.999757	FALSE	NA	NA	NA	NA	NA	NA
NC_045512.2	28200	T	C	11391	5093	36	3	0	30	0.000263296	11394	0.993546	FALSE	NA	NA	NA	NA	NA	NA
NC_045512.2	28201	C	A	11050	5111	36	2	0	34	0.000180963	11052	0.998296	FALSE	NA	NA	NA	NA	NA	NA
NC_045512.2	28207	A	T	10225	5056	36	1	0	34	9.77804e-05	10227	0.999513	FALSE	NA	NA	NA	NA	NA	NA
NC_045512.2	28207	A	G	10225	5056	36	1	0	26	9.77804e-05	10227	1	FALSE	NA	NA	NA	NA	NA	NA
NC_045512.2	28208	T	C	10208	5153	36	2	0	34	0.000195867	10211	0.996833	FALSE	NA	NA	NA	NA	NA	NA
NC_045512.2	28208	T	A	10208	5153	36	1	1	34	9.79336e-05	10211	0.999513	FALSE	NA	NA	NA	NA	NA	NA
NC_045512.2	28209	G	A	10179	5137	36	3	0	34	0.000294638	10182	0.988795	FALSE	NA	NA	NA	NA	NA	NA
NC_045512.2	28210	A	G	9921	5460	35	3	1	34	0.000302297	9924	0.980749	FALSE	NA	NA	NA	NA	NA	NA
NC_045512.2	28211	A	G	9903	5367	35	1	0	34	0.000100969	9904	0.999026	FALSE	NA	NA	NA	NA	NA	NA
NC_045512.2	28214	C	+T	10341	6007	35	1	0	20	9.67024e-05	10341	1	FALSE	NA	NA	NA	NA	NA	NA
NC_045512.2	28217	T	C	10451	6186	35	1	0	34	9.56755e-05	10452	0.999513	FALSE	NA	NA	NA	NA	NA	NA
NC_045512.2	28218	T	C	10438	6188	35	1	1	34	9.57946e-05	10439	0.999513	FALSE	NA	NA	NA	NA	NA	NA
NC_045512.2	28219	T	G	15201	6617	35	1	0	34	6.57722e-05	15204	0.999985	FALSE	NA	NA	NA	NA	NA	NA
NC_045512.2	28219	T	C	15201	6617	35	1	0	34	6.57722e-05	15204	0.999985	FALSE	NA	NA	NA	NA	NA	NA
NC_045512.2	28219	T	A	15201	6617	35	1	1	68	6.57722e-05	15204	0.499984	FALSE	NA	NA	NA	NA	NA	NA
NC_045512.2	28221	G	C	15587	6619	35	1	1	34	6.41519e-05	15588	0.999985	FALSE	NA	NA	NA	NA	NA	NA
NC_045512.2	28222	A	G	15797	7079	35	1	1	34	6.32992e-05	15798	0.999985	FALSE	NA	NA	NA	NA	NA	NA
NC_045512.2	28223	G	A	17429	7103	35	1	1	34	5.73723e-05	17430	0.999996	FALSE	NA	NA	NA	NA	NA	NA
NC_045512.2	28224	T	C	17141	7194	35	1	1	34	5.83294e-05	17144	0.999996	FALSE	NA	NA	NA	NA	NA	NA
NC_045512.2	28224	T	A	17141	7194	35	2	2	34	0.000116659	17144	0.999962	FALSE	NA	NA	NA	NA	NA	NA
NC_045512.2	28226	T	C	19326	7507	35	2	1	34	0.000103466	19330	0.99999	FALSE	NA	NA	NA	NA	NA	NA
NC_045512.2	28226	T	A	19326	7507	35	2	0	34	0.000103466	19330	0.99999	FALSE	NA	NA	NA	NA	NA	NA
NC_045512.2	28227	C	T	20060	8210	36	1	0	34	4.9848e-05	20061	1	FALSE	NA	NA	NA	NA	NA	NA
NC_045512.2	28228	A	T	20155	8370	36	1	0	68	4.95983e-05	20162	0.499938	FALSE	NA	NA	NA	NA	NA	NA
NC_045512.2	28228	A	G	20155	8370	36	6	5	34	0.00029759	20162	0.998757	FALSE	NA	NA	NA	NA	NA	NA
NC_045512.2	28229	T	C	20263	8398	36	1	1	34	4.93486e-05	20264	1	FALSE	NA	NA	NA	NA	NA	NA
NC_045512.2	28230	G	A	20141	8331	36	1	0	34	4.96475e-05	20142	1	FALSE	NA	NA	NA	NA	NA	NA
NC_045512.2	28231	A	G	20118	8354	34	4	0	51	0.000198787	20122	0.0624969	FALSE	NA	NA	NA	NA	NA	NA
NC_045512.2	28232	C	T	20218	8131	36	1	1	34	4.94584e-05	20219	1	FALSE	NA	NA	NA	NA	NA	NA
NC_045512.2	28235	T	C	19694	7721	36	2	0	34	0.000101538	19697	0.99999	FALSE	NA	NA	NA	NA	NA	NA
NC_045512.2	28235	T	A	19694	7721	36	1	1	26	5.07692e-05	19697	1	FALSE	NA	NA	NA	NA	NA	NA
NC_045512.2	28237	G	A	19653	7660	36	2	1	34	0.000101755	19655	0.99999	FALSE	NA	NA	NA	NA	NA	NA
NC_045512.2	28238	T	C	19686	7860	36	2	2	34	0.000101585	19688	0.99999	FALSE	NA	NA	NA	NA	NA	NA
NC_045512.2	28240	T	C	19908	8093	36	4	4	34	0.000200884	19912	0.999757	FALSE	NA	NA	NA	NA	NA	NA
NC_045512.2	28241	T	C	19825	8091	36	2	0	51	0.000100873	19827	0.250006	FALSE	NA	NA	NA	NA	NA	NA
NC_045512.2	28243	T	C	20915	8005	36	2	1	34	9.5616e-05	20917	0.999995	FALSE	NA	NA	NA	NA	NA	NA
NC_045512.2	28244	T	C	21038	8142	36	1	0	34	4.75308e-05	21039	1	FALSE	NA	NA	NA	NA	NA	NA
NC_045512.2	28245	T	C	21252	8370	36	2	2	34	9.40999e-05	21254	0.999997	FALSE	NA	NA	NA	NA	NA	NA
NC_045512.2	28246	T	A	21263	8473	36	2	0	34	9.40513e-05	21265	0.999997	FALSE	NA	NA	NA	NA	NA	NA
NC_045512.2	28247	A	G	21116	8508	36	2	0	34	9.47059e-05	21118	0.999997	FALSE	NA	NA	NA	NA	NA	NA
NC_045512.2	28248	G	T	21392	8482	36	1	0	34	4.67443e-05	21393	1	FALSE	NA	NA	NA	NA	NA	NA
NC_045512.2	28251	T	G	20786	7950	36	1	1	34	4.80977e-05	20791	1	FALSE	NA	NA	NA	NA	NA	NA
NC_045512.2	28251	T	C	20786	7950	36	4	1	34	0.000192391	20791	0.999862	FALSE	NA	NA	NA	NA	NA	NA
NC_045512.2	28252	T	C	20579	7729	36	4	1	34	0.000194335	20583	0.999862	FALSE	NA	NA	NA	NA	NA	NA
NC_045512.2	28252	T	-C	20579	7729	36	1	0	20	4.85838e-05	20583	1	FALSE	NA	NA	NA	NA	NA	NA
NC_045512.2	28253	C	-A	21114	8161	36	7723	0	20	0.365776	21114	0	TRUE	NA	NA	NA	NA	NA	NA
NC_045512.2	28254	A	T	13331	5902	36	14	0	34	0.00104128	13445	0.506172	FALSE	NA	NA	NA	NA	NA	NA
NC_045512.2	28254	A	G	13331	5902	36	1	0	26	7.43771e-05	13445	1	FALSE	NA	NA	NA	NA	NA	NA
NC_045512.2	28254	A	C	13331	5902	36	99	1	34	0.00736333	13445	1.27145e-22	TRUE	NA	NA	NA	NA	NA	NA
NC_045512.2	28255	T	C	21472	8295	36	2	1	34	9.31359e-05	21474	0.999997	FALSE	NA	NA	NA	NA	NA	NA
NC_045512.2	28256	C	T	21819	8697	36	1	1	34	4.58295e-05	21820	1	FALSE	NA	NA	NA	NA	NA	NA
NC_045512.2	28257	T	-A	21683	8537	36	1	0	20	4.61191e-05	21683	1	FALSE	NA	NA	NA	NA	NA	NA
NC_045512.2	28258	A	G	21640	8555	36	2	1	34	9.24129e-05	21642	0.999997	FALSE	NA	NA	NA	NA	NA	NA
NC_045512.2	28259	A	G	21545	8616	36	3	2	45	0.000139224	21548	0.500022	FALSE	NA	NA	NA	NA	NA	NA
NC_045512.2	28261	C	A	22726	9774	37	1	1	34	4.40005e-05	22727	1	FALSE	NA	NA	NA	NA	NA	NA
NC_045512.2	28262	G	C	22572	9577	37	4	4	34	0.00017714	22581	0.999956	FALSE	NA	NA	NA	NA	NA	NA
NC_045512.2	28262	G	A	22572	9577	37	5	0	34	0.000221425	22581	0.999845	FALSE	NA	NA	NA	NA	NA	NA
NC_045512.2	28263	A	G	23258	10438	37	12	0	34	0.000515685	23270	0.979564	FALSE	NA	NA	NA	NA	NA	NA
NC_045512.2	28264	A	G	23513	10898	37	2	0	34	8.50521e-05	23515	0.999999	FALSE	NA	NA	NA	NA	NA	NA
NC_045512.2	28266	A	C	25860	11821	37	1	0	34	3.86683e-05	25861	1	FALSE	NA	NA	NA	NA	NA	NA
NC_045512.2	28267	A	G	26927	12484	38	1	1	68	3.71361e-05	26928	0.500009	FALSE	NA	NA	NA	NA	NA	NA
NC_045512.2	28268	A	G	26356	12540	37	1	0	34	3.79406e-05	26357	1	FALSE	NA	NA	NA	NA	NA	NA
NC_045512.2	28269	C	G	27930	13220	38	1	1	34	3.58012e-05	27932	1	FALSE	NA	NA	NA	NA	NA	NA
NC_045512.2	28269	C	A	27930	13220	38	1	1	34	3.58012e-05	27932	1	FALSE	NA	NA	NA	NA	NA	NA
NC_045512.2	28271	A	T	1	0	34	28066	13343	38	0.999857	28070	0	TRUE	NA	NA	NA	NA	NA	NA
NC_045512.2	28271	A	C	1	0	34	3	2	34	0.000106876	28070	4.87299e-09	TRUE	NA	NA	NA	NA	NA	NA
NC_045512.2	28274	A	G	27880	13305	37	3	3	34	0.000107581	27886	1	FALSE	NA	NA	NA	NA	NA	NA
NC_045512.2	28274	A	C	27880	13305	37	3	3	34	0.000107581	27886	1	FALSE	NA	NA	NA	NA	NA	NA
NC_045512.2	28275	T	C	28057	13363	38	1	1	34	3.56405e-05	28058	1	FALSE	NA	NA	NA	NA	NA	NA
NC_045512.2	28276	G	A	28412	13450	38	2	2	34	7.03878e-05	28414	1	FALSE	NA	NA	NA	NA	NA	NA
NC_045512.2	28277	T	G	27954	12976	38	1	0	34	3.57654e-05	27960	1	FALSE	NA	NA	NA	NA	NA	NA
NC_045512.2	28277	T	C	27954	12976	38	4	2	34	0.000143062	27960	0.999998	FALSE	NA	NA	NA	NA	NA	NA
NC_045512.2	28277	T	A	27954	12976	38	1	0	24	3.57654e-05	27960	1	FALSE	NA	NA	NA	NA	NA	NA
NC_045512.2	28278	C	T	28161	13089	38	2	1	51	7.10152e-05	28163	0.250004	FALSE	NA	NA	NA	NA	NA	NA
NC_045512.2	28279	T	C	28532	13532	38	4	1	34	0.000140174	28536	0.999999	FALSE	NA	NA	NA	NA	NA	NA
NC_045512.2	28280	G	A	28709	13631	38	1	0	34	3.48311e-05	28710	1	FALSE	NA	NA	NA	NA	NA	NA
NC_045512.2	28281	A	G	29033	13778	38	2	2	34	6.88824e-05	29035	1	FALSE	NA	NA	NA	NA	NA	NA
NC_045512.2	28282	T	G	28901	13654	38	1	1	26	3.45997e-05	28902	1	FALSE	NA	NA	NA	NA	NA	NA
NC_045512.2	28283	A	G	28458	13796	37	2	1	51	7.02741e-05	28460	0.250004	FALSE	NA	NA	NA	NA	NA	NA
NC_045512.2	28284	A	G	29973	15889	38	2	0	36	6.67223e-05	29975	1	FALSE	NA	NA	NA	NA	NA	NA
NC_045512.2	28286	G	C	29567	15773	37	1	1	34	3.38181e-05	29570	1	FALSE	NA	NA	NA	NA	NA	NA
NC_045512.2	28286	G	A	29567	15773	37	2	1	34	6.76361e-05	29570	1	FALSE	NA	NA	NA	NA	NA	NA
NC_045512.2	28287	G	A	29505	15774	37	1	0	34	3.38914e-05	29506	1	FALSE	NA	NA	NA	NA	NA	NA
NC_045512.2	28288	A	G	29463	15661	37	5	2	34	0.00016967	29469	0.999997	FALSE	NA	NA	NA	NA	NA	NA
NC_045512.2	28288	A	C	29463	15661	37	1	0	68	3.3934e-05	29469	0.499966	FALSE	NA	NA	NA	NA	NA	NA
NC_045512.2	28289	C	T	29898	15788	37	1	0	34	3.34448e-05	29900	1	FALSE	NA	NA	NA	NA	NA	NA
NC_045512.2	28289	C	A	29898	15788	37	1	0	24	3.34448e-05	29900	1	FALSE	NA	NA	NA	NA	NA	NA
NC_045512.2	28290	C	T	29014	15728	37	3	3	34	0.000103384	29018	1	FALSE	NA	NA	NA	NA	NA	NA
NC_045512.2	28290	C	A	29014	15728	37	1	1	34	3.44614e-05	29018	1	FALSE	NA	NA	NA	NA	NA	NA
NC_045512.2	28292	C	T	29869	15692	37	2	0	68	6.69501e-05	29873	0.249987	FALSE	NA	NA	NA	NA	NA	NA
NC_045512.2	28292	C	G	29869	15692	37	1	0	34	3.3475e-05	29873	1	FALSE	NA	NA	NA	NA	NA	NA
NC_045512.2	28292	C	A	29869	15692	37	1	0	34	3.3475e-05	29873	1	FALSE	NA	NA	NA	NA	NA	NA
NC_045512.2	28292	C	-A	29869	15692	37	9	0	20	0.000301275	29873	1	FALSE	NA	NA	NA	NA	NA	NA
NC_045512.2	28293	A	G	29779	15655	37	5	2	40	0.000167785	29800	0.226218	FALSE	NA	NA	NA	NA	NA	NA
NC_045512.2	28293	A	C	29779	15655	37	16	9	34	0.000536913	29800	0.982121	FALSE	NA	NA	NA	NA	NA	NA
NC_045512.2	28295	A	T	31440	18109	37	3	3	34	9.54047e-05	31445	1	FALSE	NA	NA	NA	NA	NA	NA
NC_045512.2	28295	A	G	31440	18109	37	2	2	30	6.36031e-05	31445	1	FALSE	NA	NA	NA	NA	NA	NA
NC_045512.2	28296	A	C	33078	19332	38	1	1	34	3.02307e-05	33079	1	FALSE	NA	NA	NA	NA	NA	NA
NC_045512.2	28297	T	C	33264	19493	38	1	1	34	3.00607e-05	33266	1	FALSE	NA	NA	NA	NA	NA	NA
NC_045512.2	28297	T	A	33264	19493	38	1	0	34	3.00607e-05	33266	1	FALSE	NA	NA	NA	NA	NA	NA
NC_045512.2	28298	C	T	33166	19389	38	1	1	34	3.01505e-05	33167	1	FALSE	NA	NA	NA	NA	NA	NA
NC_045512.2	28299	A	T	32658	19170	38	1	0	34	3.06101e-05	32669	1	FALSE	NA	NA	NA	NA	NA	NA
NC_045512.2	28299	A	G	32658	19170	38	10	7	37	0.000306101	32669	0.999865	FALSE	NA	NA	NA	NA	NA	NA
NC_045512.2	28300	G	T	32968	19238	38	1	1	34	3.03315e-05	32969	1	FALSE	NA	NA	NA	NA	NA	NA
NC_045512.2	28301	C	T	33265	19624	38	9	8	34	0.000270481	33274	0.999966	FALSE	NA	NA	NA	NA	NA	NA
NC_045512.2	28302	G	T	33413	19616	38	2	0	34	5.98516e-05	33416	1	FALSE	NA	NA	NA	NA	NA	NA
NC_045512.2	28302	G	A	33413	19616	38	1	1	34	2.99258e-05	33416	1	FALSE	NA	NA	NA	NA	NA	NA
NC_045512.2	28303	A	G	33673	20372	38	6	5	34	0.000178153	33679	0.999999	FALSE	NA	NA	NA	NA	NA	NA
NC_045512.2	28304	A	G	33139	20317	38	2	2	29	6.03482e-05	33141	1	FALSE	NA	NA	NA	NA	NA	NA
NC_045512.2	28306	T	C	33306	20338	38	7	7	37	0.000210128	33313	0.999996	FALSE	NA	NA	NA	NA	NA	NA
NC_045512.2	28307	G	A	32809	20043	38	2	2	34	6.09552e-05	32811	1	FALSE	NA	NA	NA	NA	NA	NA
NC_045512.2	28308	C	T	32853	20611	38	14	10	33	0.000425959	32867	0.997741	FALSE	NA	NA	NA	NA	NA	NA
NC_045512.2	28309	A	G	32757	20377	38	2	2	51	6.10501e-05	32760	0.249996	FALSE	NA	NA	NA	NA	NA	NA
NC_045512.2	28309	A	C	32757	20377	38	1	0	34	3.0525e-05	32760	1	FALSE	NA	NA	NA	NA	NA	NA
NC_045512.2	28309	A	+AT	32757	20377	38	1	0	20	3.0525e-05	32760	1	FALSE	NA	NA	NA	NA	NA	NA
NC_045512.2	28310	C	T	21061	14471	38	10876	5814	38	0.340545	31937	0	TRUE	NA	NA	NA	NA	NA	NA
NC_045512.2	28310	C	+T	21061	14471	38	1	0	20	3.13116e-05	31937	1	FALSE	NA	NA	NA	NA	NA	NA
NC_045512.2	28311	C	T	5	2	32	31482	19892	38	0.999809	31488	0	TRUE	NA	NA	NA	NA	NA	NA
NC_045512.2	28311	C	A	5	2	32	1	1	34	3.17581e-05	31488	0.00608161	TRUE	NA	NA	NA	NA	NA	NA
NC_045512.2	28312	C	T	31894	20126	38	2	1	34	6.27018e-05	31897	1	FALSE	NA	NA	NA	NA	NA	NA
NC_045512.2	28312	C	G	31894	20126	38	1	0	26	3.13509e-05	31897	1	FALSE	NA	NA	NA	NA	NA	NA
NC_045512.2	28313	C	T	31634	20126	38	4	2	34	0.00012643	31638	1	FALSE	NA	NA	NA	NA	NA	NA
NC_045512.2	28314	G	A	31734	19607	38	31	23	34	0.000975917	31765	0.550536	FALSE	NA	NA	NA	NA	NA	NA
NC_045512.2	28315	C	A	31761	20103	38	1	1	34	3.14842e-05	31762	1	FALSE	NA	NA	NA	NA	NA	NA
NC_045512.2	28316	A	T	31087	19679	38	1	1	34	3.21668e-05	31088	1	FALSE	NA	NA	NA	NA	NA	NA
NC_045512.2	28316	A	-T	31087	19679	38	1	0	20	3.21668e-05	31088	1	FALSE	NA	NA	NA	NA	NA	NA
NC_045512.2	28317	T	C	31115	19715	38	1	1	34	3.21378e-05	31116	1	FALSE	NA	NA	NA	NA	NA	NA
NC_045512.2	28318	T	C	31128	19715	38	2	2	34	6.42446e-05	31131	1	FALSE	NA	NA	NA	NA	NA	NA
NC_045512.2	28318	T	A	31128	19715	38	1	1	34	3.21223e-05	31131	1	FALSE	NA	NA	NA	NA	NA	NA
NC_045512.2	28319	A	T	30847	19532	37	2	0	26	6.48277e-05	30851	1	FALSE	NA	NA	NA	NA	NA	NA
NC_045512.2	28319	A	G	30847	19532	37	2	1	30	6.48277e-05	30851	1	FALSE	NA	NA	NA	NA	NA	NA
NC_045512.2	28320	C	T	31440	19707	38	5	4	40	0.000159003	31446	0.363273	FALSE	NA	NA	NA	NA	NA	NA
NC_045512.2	28320	C	A	31440	19707	38	1	1	34	3.18005e-05	31446	1	FALSE	NA	NA	NA	NA	NA	NA
NC_045512.2	28321	G	C	31278	19394	38	1	1	27	3.19703e-05	31279	1	FALSE	NA	NA	NA	NA	NA	NA
NC_045512.2	28323	T	C	29817	18294	38	4	3	32	0.000134134	29821	0.999999	FALSE	NA	NA	NA	NA	NA	NA
NC_045512.2	28324	T	C	29486	18554	37	1	1	34	3.39132e-05	29487	1	FALSE	NA	NA	NA	NA	NA	NA
NC_045512.2	28325	G	T	29118	18677	37	1	1	34	3.43407e-05	29120	1	FALSE	NA	NA	NA	NA	NA	NA
NC_045512.2	28325	G	C	29118	18677	37	1	1	27	3.43407e-05	29120	1	FALSE	NA	NA	NA	NA	NA	NA
NC_045512.2	28327	T	C	27840	18881	37	5	4	40	0.000179565	27845	0.226562	FALSE	NA	NA	NA	NA	NA	NA
NC_045512.2	28328	G	T	27285	18547	37	2	2	34	7.32923e-05	27288	1	FALSE	NA	NA	NA	NA	NA	NA
NC_045512.2	28328	G	A	27285	18547	37	1	0	34	3.66461e-05	27288	1	FALSE	NA	NA	NA	NA	NA	NA
NC_045512.2	28329	G	A	26942	18482	37	1	0	34	3.71154e-05	26943	1	FALSE	NA	NA	NA	NA	NA	NA
NC_045512.2	28329	G	-A	26942	18482	37	1	0	20	3.71154e-05	26943	1	FALSE	NA	NA	NA	NA	NA	NA
NC_045512.2	28330	A	G	9939	5709	37	16993	12742	36	0.630959	26932	0	TRUE	NA	NA	NA	NA	NA	NA
NC_045512.2	28331	C	T	26984	18485	37	5	3	34	0.000185254	26990	0.999983	FALSE	NA	NA	NA	NA	NA	NA
NC_045512.2	28331	C	A	26984	18485	37	1	0	34	3.70508e-05	26990	1	FALSE	NA	NA	NA	NA	NA	NA
NC_045512.2	28332	C	T	26737	18452	37	6	6	34	0.000224358	26743	0.999944	FALSE	NA	NA	NA	NA	NA	NA
NC_045512.2	28333	C	T	26837	18440	37	3	0	31	0.000111757	26844	0.999999	FALSE	NA	NA	NA	NA	NA	NA
NC_045512.2	28333	C	A	26837	18440	37	4	4	34	0.000149009	26844	0.999996	FALSE	NA	NA	NA	NA	NA	NA
NC_045512.2	28333	C	-T	26837	18440	37	2	0	20	7.45045e-05	26844	1	FALSE	NA	NA	NA	NA	NA	NA
NC_045512.2	28334	T	G	26644	18254	37	6	2	56	0.000225065	26659	0.015603	FALSE	NA	NA	NA	NA	NA	NA
NC_045512.2	28334	T	C	26644	18254	37	8	3	34	0.000300086	26659	0.99959	FALSE	NA	NA	NA	NA	NA	NA
NC_045512.2	28334	T	A	26644	18254	37	1	1	34	3.75108e-05	26659	1	FALSE	NA	NA	NA	NA	NA	NA
NC_045512.2	28335	C	A	26643	18268	37	1	0	34	3.75319e-05	26644	1	FALSE	NA	NA	NA	NA	NA	NA
NC_045512.2	28336	A	G	26377	18029	37	13	4	49	0.000492611	26390	0.00368947	TRUE	NA	NA	NA	NA	NA	NA
NC_045512.2	28337	G	A	26548	18031	37	1	1	34	3.76662e-05	26549	1	FALSE	NA	NA	NA	NA	NA	NA
NC_045512.2	28338	A	T	26626	18223	37	1	0	34	3.75559e-05	26627	1	FALSE	NA	NA	NA	NA	NA	NA
NC_045512.2	28340	T	C	26397	18120	37	2	1	34	7.57604e-05	26399	1	FALSE	NA	NA	NA	NA	NA	NA
NC_045512.2	28342	A	C	26283	17938	37	1	0	26	3.8046e-05	26284	1	FALSE	NA	NA	NA	NA	NA	NA
NC_045512.2	28343	A	G	25387	18083	36	4	3	32	0.000157536	25391	0.999992	FALSE	NA	NA	NA	NA	NA	NA
NC_045512.2	28344	C	T	25748	18375	36	1	1	34	3.88365e-05	25749	1	FALSE	NA	NA	NA	NA	NA	NA
NC_045512.2	28345	T	C	25485	18092	36	1	1	34	3.92372e-05	25486	1	FALSE	NA	NA	NA	NA	NA	NA
NC_045512.2	28346	G	T	25385	17915	37	1	0	34	3.93918e-05	25386	1	FALSE	NA	NA	NA	NA	NA	NA
NC_045512.2	28347	G	T	25542	17939	37	2	2	34	7.82656e-05	25554	1	FALSE	NA	NA	NA	NA	NA	NA
NC_045512.2	28347	G	A	25542	17939	37	10	8	34	0.000391328	25554	0.997013	FALSE	NA	NA	NA	NA	NA	NA
NC_045512.2	28348	C	T	25481	18028	37	3	3	34	0.000117716	25485	0.999998	FALSE	NA	NA	NA	NA	NA	NA
NC_045512.2	28348	C	G	25481	18028	37	1	0	24	3.92388e-05	25485	1	FALSE	NA	NA	NA	NA	NA	NA
NC_045512.2	28349	A	G	25394	17928	36	5	4	32	0.000196858	25399	0.99997	FALSE	NA	NA	NA	NA	NA	NA
NC_045512.2	28350	G	A	25452	17979	37	1	1	34	3.92881e-05	25453	1	FALSE	NA	NA	NA	NA	NA	NA
NC_045512.2	28350	G	-T	25452	17979	37	1	0	20	3.92881e-05	25453	1	FALSE	NA	NA	NA	NA	NA	NA
NC_045512.2	28352	A	G	25366	18065	37	1	1	34	3.94213e-05	25367	1	FALSE	NA	NA	NA	NA	NA	NA
NC_045512.2	28353	A	G	25403	18052	37	2	2	34	7.87247e-05	25405	1	FALSE	NA	NA	NA	NA	NA	NA
NC_045512.2	28354	C	T	25224	18174	36	1	1	46	3.96416e-05	25226	0.875007	FALSE	NA	NA	NA	NA	NA	NA
NC_045512.2	28354	C	G	25224	18174	36	1	1	34	3.96416e-05	25226	1	FALSE	NA	NA	NA	NA	NA	NA
NC_045512.2	28355	C	T	25198	18156	36	1	1	34	3.96825e-05	25200	1	FALSE	NA	NA	NA	NA	NA	NA
NC_045512.2	28355	C	A	25198	18156	36	1	0	68	3.96825e-05	25200	0.5	FALSE	NA	NA	NA	NA	NA	NA
NC_045512.2	28356	A	G	23927	17045	36	4	1	40	0.000167147	23931	0.34376	FALSE	NA	NA	NA	NA	NA	NA
NC_045512.2	28357	G	A	24518	17492	37	1	1	34	4.07847e-05	24519	1	FALSE	NA	NA	NA	NA	NA	NA
NC_045512.2	28359	A	G	24354	17400	36	1	1	34	4.10593e-05	24355	1	FALSE	NA	NA	NA	NA	NA	NA
NC_045512.2	28359	A	-TGGAGAACG	24354	17400	36	1	0	20	4.10593e-05	24355	1	FALSE	NA	NA	NA	NA	NA	NA
NC_045512.2	28360	T	A	24260	17280	36	1	1	34	4.12184e-05	24261	1	FALSE	NA	NA	NA	NA	NA	NA
NC_045512.2	28360	T	-GGAGAACGC	24260	17280	36	2	0	20	8.24368e-05	24261	1	FALSE	NA	NA	NA	NA	NA	NA
NC_045512.2	28361	G	-GAGAACGCA	22854	15931	37	16139	0	20	0.706178	22854	0	TRUE	NA	NA	NA	NA	NA	NA
NC_045512.2	28362	G	-AGAACGCAGT	7037	4357	34	5	0	20	0.000212017	23583	1	FALSE	NA	NA	NA	NA	NA	NA
NC_045512.2	28363	A	T	0	0	0	1102	1022	34	1	1102	0	TRUE	NA	NA	NA	NA	NA	NA
NC_045512.2	28370	A	G	0	0	0	124	3	35	1	124	1.17755e-296	TRUE	NA	NA	NA	NA	NA	NA
NC_045512.2	28372	T	C	17980	12468	36	4	4	34	0.00022242	17984	0.999256	FALSE	NA	NA	NA	NA	NA	NA
NC_045512.2	28373	G	T	18016	12474	36	5	5	40	0.000277439	18022	0.109355	FALSE	NA	NA	NA	NA	NA	NA
NC_045512.2	28373	G	A	18016	12474	36	1	0	34	5.54877e-05	18022	0.999998	FALSE	NA	NA	NA	NA	NA	NA
NC_045512.2	28375	G	A	18064	12491	36	2	0	34	0.000110705	18066	0.99998	FALSE	NA	NA	NA	NA	NA	NA
NC_045512.2	28377	C	T	17814	12492	36	7	5	34	0.000392773	17822	0.988694	FALSE	NA	NA	NA	NA	NA	NA
NC_045512.2	28377	C	G	17814	12492	36	1	0	34	5.61104e-05	17822	0.999996	FALSE	NA	NA	NA	NA	NA	NA
NC_045512.2	28378	G	A	18039	12474	36	3	3	31	0.000166279	18042	0.99989	FALSE	NA	NA	NA	NA	NA	NA
NC_045512.2	28379	C	T	18080	12538	36	5	5	34	0.000276472	18085	0.998705	FALSE	NA	NA	NA	NA	NA	NA
NC_045512.2	28380	G	A	18227	12535	36	4	2	51	0.000219407	18231	0.0624966	FALSE	NA	NA	NA	NA	NA	NA
NC_045512.2	28381	A	T	18466	12825	36	2	2	34	0.000108295	18468	0.99998	FALSE	NA	NA	NA	NA	NA	NA
NC_045512.2	28382	T	C	18476	12832	36	1	0	34	5.41213e-05	18477	0.999998	FALSE	NA	NA	NA	NA	NA	NA
NC_045512.2	28383	C	-A	18481	12843	36	2	0	20	0.000108219	18481	1	FALSE	NA	NA	NA	NA	NA	NA
NC_045512.2	28384	A	T	18343	12709	36	1	0	34	5.45137e-05	18344	0.999998	FALSE	NA	NA	NA	NA	NA	NA
NC_045512.2	28386	A	G	18739	13185	36	2	0	30	0.000106712	18742	0.99998	FALSE	NA	NA	NA	NA	NA	NA
NC_045512.2	28386	A	C	18739	13185	36	1	1	26	5.33561e-05	18742	1	FALSE	NA	NA	NA	NA	NA	NA
NC_045512.2	28387	A	G	18742	13239	36	1	1	34	5.33533e-05	18743	0.999998	FALSE	NA	NA	NA	NA	NA	NA
NC_045512.2	28388	C	G	18637	13314	36	1	0	34	5.36538e-05	18638	0.999998	FALSE	NA	NA	NA	NA	NA	NA
NC_045512.2	28389	A	G	17536	12218	36	2	2	34	0.000114038	17538	0.999962	FALSE	NA	NA	NA	NA	NA	NA
NC_045512.2	28392	G	T	8641	3766	38	1	0	34	0.000115701	8643	0.998051	FALSE	NA	NA	NA	NA	NA	NA
NC_045512.2	28392	G	A	8641	3766	38	1	1	34	0.000115701	8643	0.998051	FALSE	NA	NA	NA	NA	NA	NA
NC_045512.2	28396	G	A	8921	3901	38	1	1	34	0.000112082	8922	0.998052	FALSE	NA	NA	NA	NA	NA	NA
NC_045512.2	28397	C	T	8999	3945	38	1	0	34	0.000111111	9000	0.999026	FALSE	NA	NA	NA	NA	NA	NA
NC_045512.2	28399	C	T	8815	4026	38	2	0	51	0.000226835	8817	0.250014	FALSE	NA	NA	NA	NA	NA	NA
NC_045512.2	28403	G	T	9398	4485	38	1	0	68	0.000106394	9399	0.500027	FALSE	NA	NA	NA	NA	NA	NA
NC_045512.2	28408	A	T	10230	5517	39	1	1	60	9.77422e-05	10231	0.500024	FALSE	NA	NA	NA	NA	NA	NA
NC_045512.2	28410	C	A	10372	5751	39	3	0	34	0.000289157	10375	0.988795	FALSE	NA	NA	NA	NA	NA	NA
NC_045512.2	28412	A	G	10911	6037	39	3	0	34	0.000274876	10914	0.988794	FALSE	NA	NA	NA	NA	NA	NA
NC_045512.2	28413	A	T	11212	6122	39	1	1	34	8.91822e-05	11213	0.999757	FALSE	NA	NA	NA	NA	NA	NA
NC_045512.2	28414	T	C	11074	6041	38	1	1	68	9.02935e-05	11075	0.500023	FALSE	NA	NA	NA	NA	NA	NA
NC_045512.2	28415	A	G	11094	6468	38	1	1	34	9.01307e-05	11095	0.999757	FALSE	NA	NA	NA	NA	NA	NA
NC_045512.2	28418	A	G	11661	7240	39	1	1	34	8.57486e-05	11662	0.999757	FALSE	NA	NA	NA	NA	NA	NA
NC_045512.2	28419	C	G	11670	7346	39	1	0	34	8.56825e-05	11671	0.999757	FALSE	NA	NA	NA	NA	NA	NA
NC_045512.2	28420	T	C	11664	7362	39	1	1	34	8.57265e-05	11665	0.999757	FALSE	NA	NA	NA	NA	NA	NA
NC_045512.2	28424	T	C	10834	6825	37	1	1	34	9.2285e-05	10836	0.999513	FALSE	NA	NA	NA	NA	NA	NA
NC_045512.2	28424	T	A	10834	6825	37	1	0	26	9.2285e-05	10836	1	FALSE	NA	NA	NA	NA	NA	NA
NC_045512.2	28426	T	C	11363	7369	38	1	0	34	8.79972e-05	11364	0.999757	FALSE	NA	NA	NA	NA	NA	NA
NC_045512.2	28429	G	T	11024	7203	37	1	0	34	9.07029e-05	11025	0.999757	FALSE	NA	NA	NA	NA	NA	NA
NC_045512.2	28432	C	T	11197	7576	38	1	0	34	8.93017e-05	11198	0.999757	FALSE	NA	NA	NA	NA	NA	NA
NC_045512.2	28433	A	C	11015	7419	38	1	1	34	9.07771e-05	11016	0.999757	FALSE	NA	NA	NA	NA	NA	NA
NC_045512.2	28434	C	T	11407	7942	38	1	1	34	8.76578e-05	11408	0.999757	FALSE	NA	NA	NA	NA	NA	NA
NC_045512.2	28436	G	C	11296	7867	38	2	2	34	0.000176975	11301	0.998294	FALSE	NA	NA	NA	NA	NA	NA
NC_045512.2	28436	G	A	11296	7867	38	3	2	56	0.000265463	11301	0.124967	FALSE	NA	NA	NA	NA	NA	NA
NC_045512.2	28437	C	G	11331	7904	38	1	0	34	8.82457e-05	11332	0.999757	FALSE	NA	NA	NA	NA	NA	NA
NC_045512.2	28438	T	C	10080	6602	36	2	1	34	0.000198373	10082	0.996835	FALSE	NA	NA	NA	NA	NA	NA
NC_045512.2	28439	C	T	11639	8537	38	2	2	34	0.000171807	11641	0.998296	FALSE	NA	NA	NA	NA	NA	NA
NC_045512.2	28444	T	C	12429	9248	38	4	4	34	0.000321699	12434	0.989385	FALSE	NA	NA	NA	NA	NA	NA
NC_045512.2	28444	T	A	12429	9248	38	1	1	34	8.04246e-05	12434	0.999878	FALSE	NA	NA	NA	NA	NA	NA
NC_045512.2	28448	C	T	12537	9439	39	2	2	34	0.000159502	12539	0.999087	FALSE	NA	NA	NA	NA	NA	NA
NC_045512.2	28449	A	G	12498	9442	39	3	2	34	0.000239962	12502	0.996316	FALSE	NA	NA	NA	NA	NA	NA
NC_045512.2	28449	A	C	12498	9442	39	1	1	34	7.99872e-05	12502	0.999878	FALSE	NA	NA	NA	NA	NA	NA
NC_045512.2	28451	G	C	12398	9316	39	1	1	27	8.06517e-05	12399	1	FALSE	NA	NA	NA	NA	NA	NA
NC_045512.2	28453	C	T	12531	9458	39	4	4	34	0.000319107	12535	0.989389	FALSE	NA	NA	NA	NA	NA	NA
NC_045512.2	28454	A	G	12310	9235	39	1	1	34	8.12216e-05	12312	0.999878	FALSE	NA	NA	NA	NA	NA	NA
NC_045512.2	28454	A	C	12310	9235	39	1	0	24	8.12216e-05	12312	1	FALSE	NA	NA	NA	NA	NA	NA
NC_045512.2	28455	A	G	12317	9260	39	1	1	34	8.1182e-05	12318	0.999878	FALSE	NA	NA	NA	NA	NA	NA
NC_045512.2	28455	A	-G	12317	9260	39	2	0	20	0.000162364	12318	1	FALSE	NA	NA	NA	NA	NA	NA
NC_045512.2	28461	A	G	12138	9438	39	3	2	56	0.000247097	12141	0.125	FALSE	NA	NA	NA	NA	NA	NA
NC_045512.2	28464	T	G	12087	9636	38	8	5	34	0.000661157	12100	0.868352	FALSE	NA	NA	NA	NA	NA	NA
NC_045512.2	28464	T	C	12087	9636	38	5	5	34	0.000413223	12100	0.97545	FALSE	NA	NA	NA	NA	NA	NA
NC_045512.2	28465	T	C	12212	9781	39	2	2	34	0.000163747	12214	0.999087	FALSE	NA	NA	NA	NA	NA	NA
NC_045512.2	28467	A	G	12109	9861	38	1	1	34	8.25764e-05	12110	0.999878	FALSE	NA	NA	NA	NA	NA	NA
NC_045512.2	28468	A	T	12102	10000	38	1	1	27	8.25968e-05	12107	1	FALSE	NA	NA	NA	NA	NA	NA
NC_045512.2	28468	A	G	12102	10000	38	2	2	34	0.000165194	12107	0.999086	FALSE	NA	NA	NA	NA	NA	NA
NC_045512.2	28468	A	C	12102	10000	38	2	2	34	0.000165194	12107	0.999086	FALSE	NA	NA	NA	NA	NA	NA
NC_045512.2	28469	T	G	12196	10017	38	1	1	34	8.19874e-05	12197	0.999878	FALSE	NA	NA	NA	NA	NA	NA
NC_045512.2	28470	T	C	12219	10099	38	1	1	34	8.18331e-05	12220	0.999878	FALSE	NA	NA	NA	NA	NA	NA
NC_045512.2	28470	T	-C	12219	10099	38	1	0	20	8.18331e-05	12220	1	FALSE	NA	NA	NA	NA	NA	NA
NC_045512.2	28476	G	A	12499	10515	39	1	1	34	8e-05	12500	0.999878	FALSE	NA	NA	NA	NA	NA	NA
NC_045512.2	28480	A	C	12767	10767	39	2	2	30	0.000156629	12769	0.999087	FALSE	NA	NA	NA	NA	NA	NA
NC_045512.2	28482	A	G	12574	10717	39	1	1	34	7.95229e-05	12575	0.999878	FALSE	NA	NA	NA	NA	NA	NA
NC_045512.2	28483	A	T	12587	10727	39	2	2	34	0.000158793	12595	0.999085	FALSE	NA	NA	NA	NA	NA	NA
NC_045512.2	28483	A	G	12587	10727	39	1	1	34	7.93966e-05	12595	0.999878	FALSE	NA	NA	NA	NA	NA	NA
NC_045512.2	28483	A	C	12587	10727	39	5	5	34	0.000396983	12595	0.975498	FALSE	NA	NA	NA	NA	NA	NA
NC_045512.2	28485	G	T	12636	10824	39	2	2	34	0.000158253	12638	0.999087	FALSE	NA	NA	NA	NA	NA	NA
NC_045512.2	28486	C	T	12838	11260	39	9	9	34	0.000700553	12847	0.808492	FALSE	NA	NA	NA	NA	NA	NA
NC_045512.2	28487	G	C	12452	10859	39	1	1	34	8.02504e-05	12461	0.999878	FALSE	NA	NA	NA	NA	NA	NA
NC_045512.2	28487	G	A	12452	10859	39	8	8	38	0.000642003	12461	0.868508	FALSE	NA	NA	NA	NA	NA	NA
NC_045512.2	28490	C	T	13026	11555	39	2	2	34	0.000153516	13028	0.999513	FALSE	NA	NA	NA	NA	NA	NA
NC_045512.2	28491	C	G	13018	11552	39	1	1	26	7.68108e-05	13019	1	FALSE	NA	NA	NA	NA	NA	NA
NC_045512.2	28491	C	+A	13018	11552	39	1	0	20	7.68108e-05	13019	1	FALSE	NA	NA	NA	NA	NA	NA
NC_045512.2	28492	A	G	12684	11224	39	10	9	37	0.000787774	12694	0.738418	FALSE	NA	NA	NA	NA	NA	NA
NC_045512.2	28495	T	C	12514	11059	39	5	5	45	0.000399393	12519	0.109366	FALSE	NA	NA	NA	NA	NA	NA
NC_045512.2	28498	C	T	12537	11229	39	119	107	39	0.00940265	12656	1.03659e-23	TRUE	NA	NA	NA	NA	NA	NA
NC_045512.2	28499	A	G	12577	11254	39	1	1	34	7.95039e-05	12578	0.999878	FALSE	NA	NA	NA	NA	NA	NA
NC_045512.2	28500	C	A	12570	11250	39	1	1	34	7.95482e-05	12571	0.999878	FALSE	NA	NA	NA	NA	NA	NA
NC_045512.2	28502	A	G	11998	10684	39	3	3	34	0.000249979	12001	0.996318	FALSE	NA	NA	NA	NA	NA	NA
NC_045512.2	28503	A	C	11973	10688	39	1	1	24	8.35143e-05	11974	1	FALSE	NA	NA	NA	NA	NA	NA
NC_045512.2	28504	T	G	11714	10531	38	2	1	47	0.000170692	11717	0.5	FALSE	NA	NA	NA	NA	NA	NA
NC_045512.2	28504	T	C	11714	10531	38	1	0	68	8.53461e-05	11717	0.499979	FALSE	NA	NA	NA	NA	NA	NA
NC_045512.2	28511	C	A	10406	9547	37	1	1	34	9.60892e-05	10407	0.999513	FALSE	NA	NA	NA	NA	NA	NA
NC_045512.2	28515	A	C	9955	9241	37	1	1	34	0.000100442	9956	0.999026	FALSE	NA	NA	NA	NA	NA	NA
NC_045512.2	28517	G	T	9621	8932	37	3	3	34	0.000311688	9625	0.980742	FALSE	NA	NA	NA	NA	NA	NA
NC_045512.2	28517	G	A	9621	8932	37	1	0	46	0.000103896	9625	0.499948	FALSE	NA	NA	NA	NA	NA	NA
NC_045512.2	28520	C	A	8739	8060	37	1	0	68	0.000114416	8740	0.500029	FALSE	NA	NA	NA	NA	NA	NA
NC_045512.2	28523	A	G	8651	8001	37	1	1	68	0.00011558	8652	0.500029	FALSE	NA	NA	NA	NA	NA	NA
NC_045512.2	28527	G	T	8457	7856	37	3	3	34	0.000354526	8462	0.967314	FALSE	NA	NA	NA	NA	NA	NA
NC_045512.2	28527	G	A	8457	7856	37	2	2	34	0.000236351	8462	0.989266	FALSE	NA	NA	NA	NA	NA	NA
NC_045512.2	28529	T	C	8329	7778	36	1	1	34	0.000120048	8330	0.998052	FALSE	NA	NA	NA	NA	NA	NA
NC_045512.2	28531	C	T	8273	7732	36	1	1	26	0.000120861	8274	1	FALSE	NA	NA	NA	NA	NA	NA
NC_045512.2	28533	A	G	8159	7622	36	1	1	34	0.000122549	8160	0.998052	FALSE	NA	NA	NA	NA	NA	NA
NC_045512.2	28538	A	G	7527	7061	36	1	0	68	0.000132837	7528	0.500033	FALSE	NA	NA	NA	NA	NA	NA
NC_045512.2	28540	A	G	6731	6301	36	2	2	34	0.000297044	6733	0.964901	FALSE	NA	NA	NA	NA	NA	NA
NC_045512.2	28541	G	A	19696	6475	34	3	0	34	0.000152292	19699	0.99994	FALSE	NA	NA	NA	NA	NA	NA
NC_045512.2	28542	C	A	19158	5768	34	2	0	34	0.000104384	19160	0.99999	FALSE	NA	NA	NA	NA	NA	NA
NC_045512.2	28543	T	C	19071	5604	34	1	1	34	5.24329e-05	19072	0.999999	FALSE	NA	NA	NA	NA	NA	NA
NC_045512.2	28545	C	T	19280	5980	35	2	2	34	0.000103724	19282	0.99999	FALSE	NA	NA	NA	NA	NA	NA
NC_045512.2	28546	C	T	19119	5932	35	3	1	34	0.000156887	19122	0.99994	FALSE	NA	NA	NA	NA	NA	NA
NC_045512.2	28548	G	A	19318	5582	35	2	2	34	0.00010352	19320	0.99999	FALSE	NA	NA	NA	NA	NA	NA
NC_045512.2	28549	A	T	13018	5628	34	6	0	27	0.000460688	13024	1	FALSE	NA	NA	NA	NA	NA	NA
NC_045512.2	28550	C	T	19109	5405	35	1	0	34	5.23259e-05	19111	0.999999	FALSE	NA	NA	NA	NA	NA	NA
NC_045512.2	28550	C	G	19109	5405	35	1	0	34	5.23259e-05	19111	0.999999	FALSE	NA	NA	NA	NA	NA	NA
NC_045512.2	28552	A	G	19351	5178	36	3	0	31	0.000155007	19354	0.99994	FALSE	NA	NA	NA	NA	NA	NA
NC_045512.2	28553	A	G	19371	5173	36	1	0	34	5.16209e-05	19372	0.999999	FALSE	NA	NA	NA	NA	NA	NA
NC_045512.2	28554	T	G	19212	5023	35	1	0	34	5.20373e-05	19217	0.999999	FALSE	NA	NA	NA	NA	NA	NA
NC_045512.2	28554	T	C	19212	5023	35	4	4	34	0.000208149	19217	0.999757	FALSE	NA	NA	NA	NA	NA	NA
NC_045512.2	28555	T	G	19368	5146	36	1	0	34	5.16209e-05	19372	0.999999	FALSE	NA	NA	NA	NA	NA	NA
NC_045512.2	28555	T	C	19368	5146	36	1	1	34	5.16209e-05	19372	0.999999	FALSE	NA	NA	NA	NA	NA	NA
NC_045512.2	28555	T	A	19368	5146	36	2	1	30	0.000103242	19372	0.99999	FALSE	NA	NA	NA	NA	NA	NA
NC_045512.2	28556	C	T	19459	5139	36	1	0	34	5.13848e-05	19461	0.999999	FALSE	NA	NA	NA	NA	NA	NA
NC_045512.2	28556	C	G	19459	5139	36	1	0	34	5.13848e-05	19461	0.999999	FALSE	NA	NA	NA	NA	NA	NA
NC_045512.2	28557	G	T	19360	4880	36	1	1	34	5.16476e-05	19362	0.999999	FALSE	NA	NA	NA	NA	NA	NA
NC_045512.2	28557	G	A	19360	4880	36	1	1	34	5.16476e-05	19362	0.999999	FALSE	NA	NA	NA	NA	NA	NA
NC_045512.2	28558	T	C	19320	4932	36	2	0	30	0.000103504	19323	0.99999	FALSE	NA	NA	NA	NA	NA	NA
NC_045512.2	28558	T	A	19320	4932	36	1	0	26	5.17518e-05	19323	1	FALSE	NA	NA	NA	NA	NA	NA
NC_045512.2	28560	G	T	19621	4956	36	1	0	34	5.09632e-05	19622	0.999999	FALSE	NA	NA	NA	NA	NA	NA
NC_045512.2	28564	T	C	19661	4451	36	2	1	34	0.000101714	19663	0.99999	FALSE	NA	NA	NA	NA	NA	NA
NC_045512.2	28565	G	A	19686	4442	36	2	0	30	0.000101585	19688	0.99999	FALSE	NA	NA	NA	NA	NA	NA
NC_045512.2	28566	A	T	19306	4265	36	1	0	26	5.14324e-05	19443	1	FALSE	NA	NA	NA	NA	NA	NA
NC_045512.2	28566	A	G	19306	4265	36	136	8	35	0.00699481	19443	2.29104e-23	TRUE	NA	NA	NA	NA	NA	NA
NC_045512.2	28567	C	T	19929	4372	36	9	2	45	0.000451309	19942	0.0107279	FALSE	NA	NA	NA	NA	NA	NA
NC_045512.2	28567	C	A	19929	4372	36	4	0	34	0.000200582	19942	0.999756	FALSE	NA	NA	NA	NA	NA	NA
NC_045512.2	28568	G	A	19861	4291	36	1	1	34	5.03474e-05	19862	0.999999	FALSE	NA	NA	NA	NA	NA	NA
NC_045512.2	28569	G	A	16551	1000	37	5	0	40	0.000302005	16556	0.109368	FALSE	NA	NA	NA	NA	NA	NA
NC_045512.2	28572	A	G	16724	1221	37	1	0	34	5.97907e-05	16725	0.999992	FALSE	NA	NA	NA	NA	NA	NA
NC_045512.2	28573	A	G	11688	1231	34	1	1	68	8.55505e-05	11689	0.500021	FALSE	NA	NA	NA	NA	NA	NA
NC_045512.2	28575	T	C	16919	1241	37	2	1	51	0.000118196	16921	0.250007	FALSE	NA	NA	NA	NA	NA	NA
NC_045512.2	28576	G	T	16969	1241	37	1	0	34	5.89275e-05	16970	0.999992	FALSE	NA	NA	NA	NA	NA	NA
NC_045512.2	28577	A	G	16966	1389	38	1	0	34	5.89379e-05	16967	0.999992	FALSE	NA	NA	NA	NA	NA	NA
NC_045512.2	28578	A	G	17047	1391	38	4	1	40	0.000234577	17052	0.187482	FALSE	NA	NA	NA	NA	NA	NA
NC_045512.2	28578	A	C	17047	1391	38	1	0	24	5.86441e-05	17052	1	FALSE	NA	NA	NA	NA	NA	NA
NC_045512.2	28579	A	G	17056	1394	38	3	0	34	0.00017586	17059	0.9998	FALSE	NA	NA	NA	NA	NA	NA
NC_045512.2	28581	A	G	17033	1435	38	1	0	34	5.87061e-05	17034	0.999996	FALSE	NA	NA	NA	NA	NA	NA
NC_045512.2	28584	T	C	17431	1554	38	13	1	36	0.000745242	17444	0.819348	FALSE	NA	NA	NA	NA	NA	NA
NC_045512.2	28586	A	C	17596	1564	38	1	0	34	5.68279e-05	17597	0.999996	FALSE	NA	NA	NA	NA	NA	NA
NC_045512.2	28587	G	T	19635	1592	38	1	0	34	5.09191e-05	19639	0.999999	FALSE	NA	NA	NA	NA	NA	NA
NC_045512.2	28587	G	A	19635	1592	38	3	0	34	0.000152757	19639	0.99994	FALSE	NA	NA	NA	NA	NA	NA
NC_045512.2	28588	T	C	19572	1657	38	1	1	68	5.10882e-05	19574	0.5	FALSE	NA	NA	NA	NA	NA	NA
NC_045512.2	28588	T	A	19572	1657	38	1	0	34	5.10882e-05	19574	0.999999	FALSE	NA	NA	NA	NA	NA	NA
NC_045512.2	28588	T	-C	19572	1657	38	2	0	20	0.000102176	19574	1	FALSE	NA	NA	NA	NA	NA	NA
NC_045512.2	28591	A	G	19723	1653	38	6	1	39	0.000304121	19729	0.997968	FALSE	NA	NA	NA	NA	NA	NA
NC_045512.2	28594	A	T	17740	1995	37	4	0	28	0.00022539	17747	1	FALSE	NA	NA	NA	NA	NA	NA
NC_045512.2	28594	A	G	17740	1995	37	3	0	45	0.000169043	17747	0.312426	FALSE	NA	NA	NA	NA	NA	NA
NC_045512.2	28595	T	G	20430	2062	39	7	0	34	0.000342466	20440	0.997043	FALSE	NA	NA	NA	NA	NA	NA
NC_045512.2	28595	T	C	20430	2062	39	1	0	34	4.89237e-05	20440	1	FALSE	NA	NA	NA	NA	NA	NA
NC_045512.2	28595	T	A	20430	2062	39	2	1	30	9.78474e-05	20440	0.999995	FALSE	NA	NA	NA	NA	NA	NA
NC_045512.2	28596	G	A	21439	2087	39	1	0	34	4.66418e-05	21440	1	FALSE	NA	NA	NA	NA	NA	NA
NC_045512.2	28598	T	C	22741	2210	39	9	0	34	0.000395587	22751	0.994676	FALSE	NA	NA	NA	NA	NA	NA
NC_045512.2	28598	T	A	22741	2210	39	1	0	26	4.39541e-05	22751	1	FALSE	NA	NA	NA	NA	NA	NA
NC_045512.2	28599	A	G	22777	2216	39	1	0	34	4.39001e-05	22779	1	FALSE	NA	NA	NA	NA	NA	NA
NC_045512.2	28599	A	C	22777	2216	39	1	1	27	4.39001e-05	22779	1	FALSE	NA	NA	NA	NA	NA	NA
NC_045512.2	28600	T	C	22851	2228	39	1	0	34	4.37598e-05	22852	1	FALSE	NA	NA	NA	NA	NA	NA
NC_045512.2	28601	T	C	23370	2246	39	2	0	34	8.55725e-05	23372	0.999999	FALSE	NA	NA	NA	NA	NA	NA
NC_045512.2	28602	T	C	23440	2235	39	1	0	34	4.26603e-05	23441	1	FALSE	NA	NA	NA	NA	NA	NA
NC_045512.2	28603	C	G	23666	2346	39	1	0	27	4.22529e-05	23667	1	FALSE	NA	NA	NA	NA	NA	NA
NC_045512.2	28604	T	C	23685	2346	39	8	2	37	0.000337652	23693	0.998342	FALSE	NA	NA	NA	NA	NA	NA
NC_045512.2	28605	A	G	23708	2368	39	4	0	34	0.000168691	23712	0.999976	FALSE	NA	NA	NA	NA	NA	NA
NC_045512.2	28606	C	G	23722	2371	39	1	0	27	4.21532e-05	23723	1	FALSE	NA	NA	NA	NA	NA	NA
NC_045512.2	28608	A	T	24767	2405	39	1	0	27	4.03698e-05	24771	1	FALSE	NA	NA	NA	NA	NA	NA
NC_045512.2	28608	A	G	24767	2405	39	3	1	30	0.000121109	24771	0.999997	FALSE	NA	NA	NA	NA	NA	NA
NC_045512.2	28609	C	T	26224	2425	39	4	0	34	0.000152509	26228	0.999996	FALSE	NA	NA	NA	NA	NA	NA
NC_045512.2	28611	T	C	26245	2484	39	3	1	42	0.000114294	26248	0.500018	FALSE	NA	NA	NA	NA	NA	NA
NC_045512.2	28612	A	G	26118	2489	39	1	0	34	3.82863e-05	26119	1	FALSE	NA	NA	NA	NA	NA	NA
NC_045512.2	28614	G	-A	26538	2499	39	1	0	20	3.76818e-05	26538	1	FALSE	NA	NA	NA	NA	NA	NA
NC_045512.2	28615	A	G	26570	2515	39	4	1	51	0.000150523	26574	0.0624929	FALSE	NA	NA	NA	NA	NA	NA
NC_045512.2	28616	A	G	26421	2630	39	2	0	51	7.56916e-05	26423	0.250005	FALSE	NA	NA	NA	NA	NA	NA
NC_045512.2	28617	C	A	26572	2627	39	2	0	34	7.52615e-05	26574	1	FALSE	NA	NA	NA	NA	NA	NA
NC_045512.2	28618	T	C	26557	2634	39	3	0	45	0.000112948	26561	0.5	FALSE	NA	NA	NA	NA	NA	NA
NC_045512.2	28618	T	A	26557	2634	39	1	0	26	3.76492e-05	26561	1	FALSE	NA	NA	NA	NA	NA	NA
NC_045512.2	28620	G	T	26985	2640	39	3	1	45	0.000111156	26989	0.5	FALSE	NA	NA	NA	NA	NA	NA
NC_045512.2	28620	G	A	26985	2640	39	1	1	68	3.70521e-05	26989	0.499981	FALSE	NA	NA	NA	NA	NA	NA
NC_045512.2	28621	G	T	26990	2675	39	2	0	34	7.40768e-05	26999	1	FALSE	NA	NA	NA	NA	NA	NA
NC_045512.2	28621	G	A	26990	2675	39	7	1	53	0.000259269	26999	0.00780845	TRUE	NA	NA	NA	NA	NA	NA
NC_045512.2	28622	C	T	25975	2868	39	3	0	34	0.000115482	25978	0.999998	FALSE	NA	NA	NA	NA	NA	NA
NC_045512.2	28623	C	T	25700	2875	39	2	0	34	7.7815e-05	25702	1	FALSE	NA	NA	NA	NA	NA	NA
NC_045512.2	28626	A	G	23926	3810	38	3	2	53	0.000125371	23929	0.125	FALSE	NA	NA	NA	NA	NA	NA
NC_045512.2	28627	A	T	24171	4243	40	1	0	26	4.13668e-05	24174	1	FALSE	NA	NA	NA	NA	NA	NA
NC_045512.2	28627	A	G	24171	4243	40	2	0	51	8.27335e-05	24174	0.249995	FALSE	NA	NA	NA	NA	NA	NA
NC_045512.2	28629	C	G	22177	4808	39	1	0	27	4.50897e-05	22178	1	FALSE	NA	NA	NA	NA	NA	NA
NC_045512.2	28630	T	G	22118	4812	39	1	0	34	4.51814e-05	22133	1	FALSE	NA	NA	NA	NA	NA	NA
NC_045512.2	28630	T	C	22118	4812	39	13	3	39	0.000587358	22133	0.955285	FALSE	NA	NA	NA	NA	NA	NA
NC_045512.2	28630	T	A	22118	4812	39	1	1	34	4.51814e-05	22133	1	FALSE	NA	NA	NA	NA	NA	NA
NC_045512.2	28631	G	A	22268	4798	39	1	0	34	4.49055e-05	22269	1	FALSE	NA	NA	NA	NA	NA	NA
NC_045512.2	28632	G	T	22326	4850	39	6	0	34	0.000268649	22334	0.999545	FALSE	NA	NA	NA	NA	NA	NA
NC_045512.2	28632	G	A	22326	4850	39	2	0	34	8.95496e-05	22334	0.999999	FALSE	NA	NA	NA	NA	NA	NA
NC_045512.2	28633	A	T	22398	5020	39	1	0	20	4.46349e-05	22404	1	FALSE	NA	NA	NA	NA	NA	NA
NC_045512.2	28633	A	G	22398	5020	39	5	0	34	0.000223174	22404	0.999845	FALSE	NA	NA	NA	NA	NA	NA
NC_045512.2	28634	C	T	20605	5633	38	1	0	34	4.85296e-05	20606	1	FALSE	NA	NA	NA	NA	NA	NA
NC_045512.2	28635	T	C	20595	5712	38	3	0	31	0.000145645	20598	0.999967	FALSE	NA	NA	NA	NA	NA	NA
NC_045512.2	28636	T	C	23043	5773	38	3	1	45	0.000130174	23046	0.50002	FALSE	NA	NA	NA	NA	NA	NA
NC_045512.2	28637	C	A	23150	5885	38	3	0	34	0.000129573	23153	0.999995	FALSE	NA	NA	NA	NA	NA	NA
NC_045512.2	28639	C	T	22676	6048	38	3	0	34	0.000132275	22680	0.99999	FALSE	NA	NA	NA	NA	NA	NA
NC_045512.2	28639	C	A	22676	6048	38	1	0	34	4.40917e-05	22680	1	FALSE	NA	NA	NA	NA	NA	NA
NC_045512.2	28640	T	C	22632	6042	38	4	0	34	0.000176686	22639	0.999956	FALSE	NA	NA	NA	NA	NA	NA
NC_045512.2	28640	T	A	22632	6042	38	3	2	54	0.000132515	22639	0.124967	FALSE	NA	NA	NA	NA	NA	NA
NC_045512.2	28643	G	A	22242	6205	38	1	0	34	4.4958e-05	22243	1	FALSE	NA	NA	NA	NA	NA	NA
NC_045512.2	28645	T	C	21929	5758	38	5	2	36	0.000227957	21934	0.999734	FALSE	NA	NA	NA	NA	NA	NA
NC_045512.2	28646	G	A	21976	5746	38	1	0	68	4.55021e-05	21977	0.500011	FALSE	NA	NA	NA	NA	NA	NA
NC_045512.2	28647	C	T	21649	5830	38	2	0	34	9.23745e-05	21651	0.999997	FALSE	NA	NA	NA	NA	NA	NA
NC_045512.2	28647	C	-T	21649	5830	38	1	0	20	4.61872e-05	21651	1	FALSE	NA	NA	NA	NA	NA	NA
NC_045512.2	28648	T	C	21606	5738	38	8	0	42	0.00037013	21614	0.0546672	FALSE	NA	NA	NA	NA	NA	NA
NC_045512.2	28649	A	T	21931	5764	37	3	0	34	0.000136737	21940	0.999982	FALSE	NA	NA	NA	NA	NA	NA
NC_045512.2	28649	A	G	21931	5764	37	6	3	34	0.000273473	21940	0.999245	FALSE	NA	NA	NA	NA	NA	NA
NC_045512.2	28650	A	T	21795	5794	37	1	0	26	4.588e-05	21796	1	FALSE	NA	NA	NA	NA	NA	NA
NC_045512.2	28651	C	-A	22147	5811	38	1	0	20	4.51528e-05	22147	1	FALSE	NA	NA	NA	NA	NA	NA
NC_045512.2	28652	A	G	22015	5768	37	2	0	34	9.08348e-05	22018	0.999999	FALSE	NA	NA	NA	NA	NA	NA
NC_045512.2	28652	A	C	22015	5768	37	1	0	34	4.54174e-05	22018	1	FALSE	NA	NA	NA	NA	NA	NA
NC_045512.2	28653	A	T	21767	5838	37	1	0	26	4.59327e-05	21771	1	FALSE	NA	NA	NA	NA	NA	NA
NC_045512.2	28653	A	G	21767	5838	37	3	2	34	0.000137798	21771	0.999982	FALSE	NA	NA	NA	NA	NA	NA
NC_045512.2	28654	A	T	21605	5832	37	2	0	68	9.25626e-05	21607	0.250006	FALSE	NA	NA	NA	NA	NA	NA
NC_045512.2	28655	G	T	21728	5838	37	1	0	34	4.60214e-05	21729	1	FALSE	NA	NA	NA	NA	NA	NA
NC_045512.2	28656	A	G	21405	6318	37	1	1	26	4.67159e-05	21406	1	FALSE	NA	NA	NA	NA	NA	NA
NC_045512.2	28657	C	G	21880	6370	38	1	0	34	4.57018e-05	21881	1	FALSE	NA	NA	NA	NA	NA	NA
NC_045512.2	28658	G	T	21676	6183	38	2	0	34	9.22594e-05	21678	0.999997	FALSE	NA	NA	NA	NA	NA	NA
NC_045512.2	28659	G	A	22039	6144	38	17	6	36	0.000770765	22056	0.831751	FALSE	NA	NA	NA	NA	NA	NA
NC_045512.2	28660	C	T	21517	6309	37	4	0	34	0.000185865	21521	0.999922	FALSE	NA	NA	NA	NA	NA	NA
NC_045512.2	28662	T	C	22638	6313	38	2	0	34	8.83392e-05	22640	0.999999	FALSE	NA	NA	NA	NA	NA	NA
NC_045512.2	28663	C	T	22756	6426	37	1	0	34	4.39387e-05	22759	1	FALSE	NA	NA	NA	NA	NA	NA
NC_045512.2	28663	C	A	22756	6426	37	2	0	34	8.78773e-05	22759	0.999999	FALSE	NA	NA	NA	NA	NA	NA
NC_045512.2	28664	A	T	22612	6461	37	1	0	68	4.42204e-05	22614	0.5	FALSE	NA	NA	NA	NA	NA	NA
NC_045512.2	28664	A	G	22612	6461	37	1	1	34	4.42204e-05	22614	1	FALSE	NA	NA	NA	NA	NA	NA
NC_045512.2	28665	T	C	22849	6546	37	1	0	34	4.37637e-05	22850	1	FALSE	NA	NA	NA	NA	NA	NA
NC_045512.2	28666	A	G	22304	6554	37	4	2	34	0.0001793	22309	0.999956	FALSE	NA	NA	NA	NA	NA	NA
NC_045512.2	28666	A	C	22304	6554	37	1	0	34	4.4825e-05	22309	1	FALSE	NA	NA	NA	NA	NA	NA
NC_045512.2	28667	T	C	22863	6579	38	6	2	32	0.000262364	22869	0.999546	FALSE	NA	NA	NA	NA	NA	NA
NC_045512.2	28668	G	T	22399	6413	37	4	2	68	0.00017854	22404	0.0624916	FALSE	NA	NA	NA	NA	NA	NA
NC_045512.2	28668	G	A	22399	6413	37	1	1	68	4.46349e-05	22404	0.499967	FALSE	NA	NA	NA	NA	NA	NA
NC_045512.2	28670	G	A	22850	6286	37	1	0	68	4.37618e-05	22851	0.500011	FALSE	NA	NA	NA	NA	NA	NA
NC_045512.2	28671	T	C	23020	6493	37	2	1	51	8.68734e-05	23022	0.250005	FALSE	NA	NA	NA	NA	NA	NA
NC_045512.2	28672	T	C	22989	6769	38	3	0	34	0.00013048	22992	0.99999	FALSE	NA	NA	NA	NA	NA	NA
NC_045512.2	28673	G	A	23093	6761	38	5	1	40	0.000216469	23098	0.226562	FALSE	NA	NA	NA	NA	NA	NA
NC_045512.2	28674	C	T	23103	6793	38	3	1	45	0.000129836	23106	0.50002	FALSE	NA	NA	NA	NA	NA	NA
NC_045512.2	28675	A	G	23228	6810	38	4	2	34	0.000172176	23232	0.999976	FALSE	NA	NA	NA	NA	NA	NA
NC_045512.2	28676	A	G	23373	6835	38	1	1	68	4.27826e-05	23374	0.500011	FALSE	NA	NA	NA	NA	NA	NA
NC_045512.2	28678	T	C	23008	6620	38	5	0	34	0.000217269	23013	0.99991	FALSE	NA	NA	NA	NA	NA	NA
NC_045512.2	28679	G	T	23194	6697	38	1	0	34	4.3109e-05	23197	1	FALSE	NA	NA	NA	NA	NA	NA
NC_045512.2	28679	G	C	23194	6697	38	1	1	27	4.3109e-05	23197	1	FALSE	NA	NA	NA	NA	NA	NA
NC_045512.2	28679	G	A	23194	6697	38	1	1	34	4.3109e-05	23197	1	FALSE	NA	NA	NA	NA	NA	NA
NC_045512.2	28680	A	G	23092	6634	38	7	0	34	0.000303043	23099	0.999287	FALSE	NA	NA	NA	NA	NA	NA
NC_045512.2	28682	G	A	22990	6635	38	1	0	34	4.34953e-05	22991	1	FALSE	NA	NA	NA	NA	NA	NA
NC_045512.2	28683	G	T	22861	6717	38	2	0	34	8.74661e-05	22866	0.999999	FALSE	NA	NA	NA	NA	NA	NA
NC_045512.2	28683	G	C	22861	6717	38	1	1	27	4.37331e-05	22866	1	FALSE	NA	NA	NA	NA	NA	NA
NC_045512.2	28683	G	A	22861	6717	38	2	0	29	8.74661e-05	22866	1	FALSE	NA	NA	NA	NA	NA	NA
NC_045512.2	28684	A	G	22783	6655	38	5	1	32	0.000219414	22788	0.999845	FALSE	NA	NA	NA	NA	NA	NA
NC_045512.2	28685	G	A	23950	6558	37	3	0	34	0.000125245	23953	0.999995	FALSE	NA	NA	NA	NA	NA	NA
NC_045512.2	28687	C	A	22684	6915	37	2	0	34	8.81601e-05	22686	0.999999	FALSE	NA	NA	NA	NA	NA	NA
NC_045512.2	28687	C	-T	22684	6915	37	2	0	20	8.81601e-05	22686	1	FALSE	NA	NA	NA	NA	NA	NA
NC_045512.2	28688	T	G	22646	6888	37	2	2	51	8.82379e-05	22666	0.249785	FALSE	NA	NA	NA	NA	NA	NA
NC_045512.2	28688	T	C	22646	6888	37	6	3	32	0.000264714	22666	0.999543	FALSE	NA	NA	NA	NA	NA	NA
NC_045512.2	28688	T	A	22646	6888	37	12	7	33	0.000529427	22666	0.971164	FALSE	NA	NA	NA	NA	NA	NA
NC_045512.2	28689	T	C	22684	6948	37	1	1	34	4.408e-05	22686	1	FALSE	NA	NA	NA	NA	NA	NA
NC_045512.2	28689	T	A	22684	6948	37	1	1	34	4.408e-05	22686	1	FALSE	NA	NA	NA	NA	NA	NA
NC_045512.2	28689	T	-G	22684	6948	37	3	0	20	0.00013224	22686	1	FALSE	NA	NA	NA	NA	NA	NA
NC_045512.2	28690	G	C	22888	6948	37	1	1	27	4.36872e-05	22890	1	FALSE	NA	NA	NA	NA	NA	NA
NC_045512.2	28690	G	A	22888	6948	37	1	0	34	4.36872e-05	22890	1	FALSE	NA	NA	NA	NA	NA	NA
NC_045512.2	28691	A	C	23047	7219	37	1	1	27	4.33877e-05	23048	1	FALSE	NA	NA	NA	NA	NA	NA
NC_045512.2	28692	A	G	22892	7233	37	2	1	51	8.73591e-05	22894	0.250005	FALSE	NA	NA	NA	NA	NA	NA
NC_045512.2	28693	T	C	22959	7278	38	4	0	34	0.000174193	22963	0.999956	FALSE	NA	NA	NA	NA	NA	NA
NC_045512.2	28694	A	T	21376	6572	37	3	0	28	0.000140305	21382	1	FALSE	NA	NA	NA	NA	NA	NA
NC_045512.2	28694	A	G	21376	6572	37	2	2	34	9.35366e-05	21382	0.999997	FALSE	NA	NA	NA	NA	NA	NA
NC_045512.2	28694	A	C	21376	6572	37	1	1	34	4.67683e-05	21382	1	FALSE	NA	NA	NA	NA	NA	NA
NC_045512.2	28695	C	T	22079	6667	37	3	2	45	0.000135857	22082	0.500021	FALSE	NA	NA	NA	NA	NA	NA
NC_045512.2	28697	C	A	21102	7816	38	2	1	51	9.47688e-05	21104	0.250006	FALSE	NA	NA	NA	NA	NA	NA
NC_045512.2	28698	C	G	21188	8006	38	3	2	34	0.00014157	21191	0.999982	FALSE	NA	NA	NA	NA	NA	NA
NC_045512.2	28698	C	-A	21188	8006	38	1	0	20	4.71898e-05	21191	1	FALSE	NA	NA	NA	NA	NA	NA
NC_045512.2	28699	A	G	21037	7822	38	5	0	34	0.00023762	21042	0.999734	FALSE	NA	NA	NA	NA	NA	NA
NC_045512.2	28700	A	G	20771	7864	37	2	2	34	9.62788e-05	20773	0.999995	FALSE	NA	NA	NA	NA	NA	NA
NC_045512.2	28701	A	G	22472	9788	39	1	0	34	4.44978e-05	22473	1	FALSE	NA	NA	NA	NA	NA	NA
NC_045512.2	28702	A	G	22291	9915	39	3	1	31	0.000134565	22294	0.99999	FALSE	NA	NA	NA	NA	NA	NA
NC_045512.2	28703	G	A	22281	9909	39	2	1	51	8.97545e-05	22283	0.250006	FALSE	NA	NA	NA	NA	NA	NA
NC_045512.2	28704	A	G	21639	10062	38	3	2	42	0.000138619	21642	0.500022	FALSE	NA	NA	NA	NA	NA	NA
NC_045512.2	28705	T	C	22211	10089	39	1	1	68	4.50187e-05	22213	0.5	FALSE	NA	NA	NA	NA	NA	NA
NC_045512.2	28705	T	A	22211	10089	39	1	0	24	4.50187e-05	22213	1	FALSE	NA	NA	NA	NA	NA	NA
NC_045512.2	28706	C	T	22718	10838	39	2	1	34	8.80243e-05	22721	0.999999	FALSE	NA	NA	NA	NA	NA	NA
NC_045512.2	28706	C	A	22718	10838	39	1	0	34	4.40121e-05	22721	1	FALSE	NA	NA	NA	NA	NA	NA
NC_045512.2	28707	A	G	22727	10819	39	1	0	68	4.39986e-05	22728	0.500011	FALSE	NA	NA	NA	NA	NA	NA
NC_045512.2	28708	C	T	22272	11106	39	2	1	34	8.97868e-05	22275	0.999999	FALSE	NA	NA	NA	NA	NA	NA
NC_045512.2	28708	C	A	22272	11106	39	1	0	38	4.48934e-05	22275	1	FALSE	NA	NA	NA	NA	NA	NA
NC_045512.2	28709	A	G	22255	11084	39	2	0	34	8.98594e-05	22257	0.999999	FALSE	NA	NA	NA	NA	NA	NA
NC_045512.2	28710	T	C	21222	11085	38	1	1	34	4.71187e-05	21223	1	FALSE	NA	NA	NA	NA	NA	NA
NC_045512.2	28711	T	C	21179	11160	38	3	2	56	0.00014163	21182	0.125	FALSE	NA	NA	NA	NA	NA	NA
NC_045512.2	28713	G	T	21388	11230	38	2	2	34	9.34842e-05	21394	0.999997	FALSE	NA	NA	NA	NA	NA	NA
NC_045512.2	28713	G	A	21388	11230	38	4	0	42	0.000186968	21394	0.343717	FALSE	NA	NA	NA	NA	NA	NA
NC_045512.2	28714	C	A	21349	11417	38	2	0	34	9.36724e-05	21351	0.999997	FALSE	NA	NA	NA	NA	NA	NA
NC_045512.2	28715	A	G	21448	11418	38	1	0	34	4.66222e-05	21449	1	FALSE	NA	NA	NA	NA	NA	NA
NC_045512.2	28716	C	T	22278	11426	38	1	1	34	4.48853e-05	22279	1	FALSE	NA	NA	NA	NA	NA	NA
NC_045512.2	28717	C	T	22487	11309	38	2	1	34	8.89324e-05	22489	0.999999	FALSE	NA	NA	NA	NA	NA	NA
NC_045512.2	28718	C	T	22538	11333	38	2	0	34	8.87311e-05	22540	0.999999	FALSE	NA	NA	NA	NA	NA	NA
NC_045512.2	28718	C	-G	22538	11333	38	1	0	20	4.43656e-05	22540	1	FALSE	NA	NA	NA	NA	NA	NA
NC_045512.2	28719	G	T	10984	5789	38	8	6	34	0.000352175	22716	0.811712	FALSE	NA	NA	NA	NA	NA	NA
NC_045512.2	28719	G	C	10984	5789	38	11719	5828	38	0.515892	22716	0	TRUE	NA	NA	NA	NA	NA	NA
NC_045512.2	28719	G	A	10984	5789	38	5	0	34	0.000220109	22716	0.967261	FALSE	NA	NA	NA	NA	NA	NA
NC_045512.2	28720	C	T	22933	12194	38	4	3	34	0.000174391	22937	0.999956	FALSE	NA	NA	NA	NA	NA	NA
NC_045512.2	28721	A	G	22861	12162	38	4	3	34	0.00017494	22865	0.999956	FALSE	NA	NA	NA	NA	NA	NA
NC_045512.2	28725	C	T	22842	12350	38	6	3	34	0.000262605	22848	0.999546	FALSE	NA	NA	NA	NA	NA	NA
NC_045512.2	28726	T	C	21685	11183	38	5	0	32	0.000230521	21690	0.999734	FALSE	NA	NA	NA	NA	NA	NA
NC_045512.2	28727	G	A	21845	11166	38	7	0	34	0.000320337	21852	0.998146	FALSE	NA	NA	NA	NA	NA	NA
NC_045512.2	28729	T	C	22088	11440	38	3	2	34	0.000135796	22092	0.99999	FALSE	NA	NA	NA	NA	NA	NA
NC_045512.2	28729	T	A	22088	11440	38	1	1	34	4.52653e-05	22092	1	FALSE	NA	NA	NA	NA	NA	NA
NC_045512.2	28730	A	T	22282	11669	38	1	0	26	4.48773e-05	22283	1	FALSE	NA	NA	NA	NA	NA	NA
NC_045512.2	28731	A	T	22484	12440	38	2	2	34	8.89324e-05	22489	0.999999	FALSE	NA	NA	NA	NA	NA	NA
NC_045512.2	28731	A	G	22484	12440	38	3	1	31	0.000133399	22489	0.99999	FALSE	NA	NA	NA	NA	NA	NA
NC_045512.2	28733	A	G	22613	12318	39	2	1	34	8.84369e-05	22615	0.999999	FALSE	NA	NA	NA	NA	NA	NA
NC_045512.2	28735	T	C	22427	12119	39	2	1	34	8.91663e-05	22430	0.999999	FALSE	NA	NA	NA	NA	NA	NA
NC_045512.2	28735	T	A	22427	12119	39	1	0	26	4.45831e-05	22430	1	FALSE	NA	NA	NA	NA	NA	NA
NC_045512.2	28737	C	T	21105	12878	38	7	4	43	0.000331565	21112	0.0898321	FALSE	NA	NA	NA	NA	NA	NA
NC_045512.2	28738	T	C	21276	13096	38	9	1	33	0.000422833	21285	0.991959	FALSE	NA	NA	NA	NA	NA	NA
NC_045512.2	28739	G	A	21339	13121	38	2	2	51	9.37163e-05	21341	0.250006	FALSE	NA	NA	NA	NA	NA	NA
NC_045512.2	28741	A	G	21608	13491	38	3	3	34	0.000138818	21611	0.999982	FALSE	NA	NA	NA	NA	NA	NA
NC_045512.2	28743	T	C	21570	13510	38	1	0	68	4.63564e-05	21572	0.5	FALSE	NA	NA	NA	NA	NA	NA
NC_045512.2	28743	T	A	21570	13510	38	1	1	26	4.63564e-05	21572	1	FALSE	NA	NA	NA	NA	NA	NA
NC_045512.2	28745	G	A	21318	13528	38	2	2	34	9.38086e-05	21320	0.999997	FALSE	NA	NA	NA	NA	NA	NA
NC_045512.2	28746	T	C	21639	13553	38	5	1	34	0.000231011	21644	0.999734	FALSE	NA	NA	NA	NA	NA	NA
NC_045512.2	28747	G	T	21611	13558	38	3	3	34	0.000138767	21619	0.999982	FALSE	NA	NA	NA	NA	NA	NA
NC_045512.2	28747	G	A	21611	13558	38	5	3	34	0.000231278	21619	0.999734	FALSE	NA	NA	NA	NA	NA	NA
NC_045512.2	28748	C	T	21368	13699	38	3	0	56	0.000140377	21371	0.125	FALSE	NA	NA	NA	NA	NA	NA
NC_045512.2	28749	T	C	22963	15513	38	9	7	34	0.000391781	22972	0.994678	FALSE	NA	NA	NA	NA	NA	NA
NC_045512.2	28750	A	G	22856	15495	38	2	2	34	8.74967e-05	22858	0.999999	FALSE	NA	NA	NA	NA	NA	NA
NC_045512.2	28751	C	T	23405	16073	38	3	2	56	0.000128161	23408	0.125	FALSE	NA	NA	NA	NA	NA	NA
NC_045512.2	28752	A	G	23399	16093	38	2	0	34	8.54664e-05	23401	0.999999	FALSE	NA	NA	NA	NA	NA	NA
NC_045512.2	28753	A	G	23434	16086	38	2	0	47	8.53388e-05	23436	0.687524	FALSE	NA	NA	NA	NA	NA	NA
NC_045512.2	28754	C	T	23462	16215	38	1	0	34	4.26203e-05	23463	1	FALSE	NA	NA	NA	NA	NA	NA
NC_045512.2	28755	T	C	22592	15381	38	3	2	42	0.000132761	22597	0.499979	FALSE	NA	NA	NA	NA	NA	NA
NC_045512.2	28755	T	A	22592	15381	38	2	2	68	8.85073e-05	22597	0.249972	FALSE	NA	NA	NA	NA	NA	NA
NC_045512.2	28756	T	C	22669	15438	38	1	1	68	4.41112e-05	22670	0.500011	FALSE	NA	NA	NA	NA	NA	NA
NC_045512.2	28758	C	T	22650	15739	38	5	5	34	0.000220702	22655	0.999845	FALSE	NA	NA	NA	NA	NA	NA
NC_045512.2	28759	T	C	23046	16251	38	10	5	37	0.000433727	23056	0.993253	FALSE	NA	NA	NA	NA	NA	NA
NC_045512.2	28759	T	-C	23046	16251	38	1	0	20	4.33727e-05	23056	1	FALSE	NA	NA	NA	NA	NA	NA
NC_045512.2	28761	A	G	22943	16189	38	3	2	34	0.000130742	22946	0.99999	FALSE	NA	NA	NA	NA	NA	NA
NC_045512.2	28762	A	G	22930	16309	38	4	4	42	0.000174414	22934	0.34376	FALSE	NA	NA	NA	NA	NA	NA
NC_045512.2	28763	G	A	22758	16268	38	2	2	34	8.78735e-05	22760	0.999999	FALSE	NA	NA	NA	NA	NA	NA
NC_045512.2	28764	G	A	22819	16520	38	2	1	64	8.76386e-05	22821	0.250005	FALSE	NA	NA	NA	NA	NA	NA
NC_045512.2	28765	A	G	22682	16423	38	5	4	34	0.000220381	22688	0.999845	FALSE	NA	NA	NA	NA	NA	NA
NC_045512.2	28765	A	C	22682	16423	38	1	1	26	4.40762e-05	22688	1	FALSE	NA	NA	NA	NA	NA	NA
NC_045512.2	28766	A	G	22591	16411	38	2	2	34	8.8523e-05	22593	0.999999	FALSE	NA	NA	NA	NA	NA	NA
NC_045512.2	28767	C	T	22734	16496	38	1	0	34	4.39831e-05	22736	1	FALSE	NA	NA	NA	NA	NA	NA
NC_045512.2	28767	C	A	22734	16496	38	1	0	26	4.39831e-05	22736	1	FALSE	NA	NA	NA	NA	NA	NA
NC_045512.2	28768	A	T	23063	16971	38	1	1	27	4.33539e-05	23066	1	FALSE	NA	NA	NA	NA	NA	NA
NC_045512.2	28768	A	G	23063	16971	38	2	2	34	8.67077e-05	23066	0.999999	FALSE	NA	NA	NA	NA	NA	NA
NC_045512.2	28769	A	G	23238	17071	38	1	1	34	4.30311e-05	23239	1	FALSE	NA	NA	NA	NA	NA	NA
NC_045512.2	28770	C	T	23009	17267	37	1	1	34	4.34575e-05	23011	1	FALSE	NA	NA	NA	NA	NA	NA
NC_045512.2	28770	C	A	23009	17267	37	1	0	34	4.34575e-05	23011	1	FALSE	NA	NA	NA	NA	NA	NA
NC_045512.2	28771	A	G	22616	16951	37	1	1	34	4.42145e-05	22617	1	FALSE	NA	NA	NA	NA	NA	NA
NC_045512.2	28772	T	A	21968	16326	37	1	0	34	4.55187e-05	21969	1	FALSE	NA	NA	NA	NA	NA	NA
NC_045512.2	28773	T	C	22372	16878	37	8	5	34	0.000357446	22381	0.997396	FALSE	NA	NA	NA	NA	NA	NA
NC_045512.2	28773	T	A	22372	16878	37	1	0	34	4.46808e-05	22381	1	FALSE	NA	NA	NA	NA	NA	NA
NC_045512.2	28774	G	A	22710	17157	38	4	0	34	0.000176103	22714	0.999956	FALSE	NA	NA	NA	NA	NA	NA
NC_045512.2	28775	C	T	22723	17419	38	3	3	34	0.000132002	22727	0.99999	FALSE	NA	NA	NA	NA	NA	NA
NC_045512.2	28775	C	A	22723	17419	38	1	0	34	4.40005e-05	22727	1	FALSE	NA	NA	NA	NA	NA	NA
NC_045512.2	28776	C	T	22801	17620	38	2	1	51	8.77039e-05	22804	0.249995	FALSE	NA	NA	NA	NA	NA	NA
NC_045512.2	28776	C	A	22801	17620	38	1	0	34	4.3852e-05	22804	1	FALSE	NA	NA	NA	NA	NA	NA
NC_045512.2	28776	C	-A	22801	17620	38	16	0	20	0.000701631	22804	1	FALSE	NA	NA	NA	NA	NA	NA
NC_045512.2	28777	A	T	22628	17467	37	1	1	24	4.41911e-05	22629	1	FALSE	NA	NA	NA	NA	NA	NA
NC_045512.2	28777	A	-AAAGGC	22628	17467	37	1	0	20	4.41599e-05	22645	1	FALSE	NA	NA	NA	NA	NA	NA
NC_045512.2	28777	A	+TTTTTT	22628	17467	37	1	0	20	4.41599e-05	22645	1	FALSE	NA	NA	NA	NA	NA	NA
NC_045512.2	28778	A	T	22864	17887	37	1	1	26	4.37311e-05	22867	1	FALSE	NA	NA	NA	NA	NA	NA
NC_045512.2	28778	A	G	22864	17887	37	2	2	34	8.74623e-05	22867	0.999999	FALSE	NA	NA	NA	NA	NA	NA
NC_045512.2	28779	A	G	22931	17859	38	1	1	34	4.36072e-05	22932	1	FALSE	NA	NA	NA	NA	NA	NA
NC_045512.2	28780	A	G	22946	17923	38	13	12	49	0.000566202	22960	0.00368719	TRUE	NA	NA	NA	NA	NA	NA
NC_045512.2	28780	A	C	22946	17923	38	1	1	34	4.3554e-05	22960	1	FALSE	NA	NA	NA	NA	NA	NA
NC_045512.2	28781	G	T	23033	17985	38	1	1	34	4.34122e-05	23035	1	FALSE	NA	NA	NA	NA	NA	NA
NC_045512.2	28781	G	C	23033	17985	38	1	1	68	4.34122e-05	23035	0.499989	FALSE	NA	NA	NA	NA	NA	NA
NC_045512.2	28782	G	A	22991	17953	38	1	0	68	4.34934e-05	22992	0.5	FALSE	NA	NA	NA	NA	NA	NA
NC_045512.2	28783	C	T	23846	18992	38	1	1	34	4.1934e-05	23847	1	FALSE	NA	NA	NA	NA	NA	NA
NC_045512.2	28784	T	C	23424	18608	38	1	1	34	4.26858e-05	23427	1	FALSE	NA	NA	NA	NA	NA	NA
NC_045512.2	28784	T	A	23424	18608	38	2	2	30	8.53716e-05	23427	0.999999	FALSE	NA	NA	NA	NA	NA	NA
NC_045512.2	28785	T	G	23905	19132	38	1	0	34	4.18288e-05	23907	1	FALSE	NA	NA	NA	NA	NA	NA
NC_045512.2	28785	T	C	23905	19132	38	1	1	34	4.18288e-05	23907	1	FALSE	NA	NA	NA	NA	NA	NA
NC_045512.2	28786	C	T	23458	19664	37	1	1	27	4.26276e-05	23459	1	FALSE	NA	NA	NA	NA	NA	NA
NC_045512.2	28787	T	C	24052	20415	37	1	1	34	4.15731e-05	24054	1	FALSE	NA	NA	NA	NA	NA	NA
NC_045512.2	28787	T	A	24052	20415	37	1	1	34	4.15731e-05	24054	1	FALSE	NA	NA	NA	NA	NA	NA
NC_045512.2	28788	A	G	24670	20791	37	6	6	34	0.000243151	24676	0.999838	FALSE	NA	NA	NA	NA	NA	NA
NC_045512.2	28789	C	T	24705	20860	38	2	2	34	8.09487e-05	24707	1	FALSE	NA	NA	NA	NA	NA	NA
NC_045512.2	28794	A	G	25136	21427	38	2	2	34	7.95608e-05	25138	1	FALSE	NA	NA	NA	NA	NA	NA
NC_045512.2	28795	A	T	25151	21406	38	5	4	34	0.000198728	25160	0.99997	FALSE	NA	NA	NA	NA	NA	NA
NC_045512.2	28795	A	G	25151	21406	38	4	4	34	0.000158983	25160	0.999992	FALSE	NA	NA	NA	NA	NA	NA
NC_045512.2	28796	G	T	25073	21511	37	9	7	51	0.00035878	25085	0.00195102	TRUE	NA	NA	NA	NA	NA	NA
NC_045512.2	28796	G	A	25073	21511	37	3	3	34	0.000119593	25085	0.999998	FALSE	NA	NA	NA	NA	NA	NA
NC_045512.2	28797	G	A	23908	20396	38	3	3	45	0.000125465	23911	0.50002	FALSE	NA	NA	NA	NA	NA	NA
NC_045512.2	28799	A	G	25231	21875	38	4	4	40	0.000158504	25236	0.343741	FALSE	NA	NA	NA	NA	NA	NA
NC_045512.2	28799	A	C	25231	21875	38	1	1	34	3.96259e-05	25236	1	FALSE	NA	NA	NA	NA	NA	NA
NC_045512.2	28800	G	A	25142	21786	38	1	0	68	3.97725e-05	25143	0.50001	FALSE	NA	NA	NA	NA	NA	NA
NC_045512.2	28801	C	T	25279	21967	38	2	1	34	7.91108e-05	25281	1	FALSE	NA	NA	NA	NA	NA	NA
NC_045512.2	28802	A	T	22814	19529	39	2	2	34	8.76232e-05	22825	0.999999	FALSE	NA	NA	NA	NA	NA	NA
NC_045512.2	28802	A	G	22814	19529	39	3	2	34	0.000131435	22825	0.99999	FALSE	NA	NA	NA	NA	NA	NA
NC_045512.2	28802	A	C	22814	19529	39	6	6	32	0.00026287	22825	0.999545	FALSE	NA	NA	NA	NA	NA	NA
NC_045512.2	28803	G	C	22849	19580	39	1	1	34	4.37637e-05	22850	1	FALSE	NA	NA	NA	NA	NA	NA
NC_045512.2	28804	A	T	24747	21930	39	1	1	26	4.0404e-05	24750	1	FALSE	NA	NA	NA	NA	NA	NA
NC_045512.2	28804	A	G	24747	21930	39	2	2	30	8.08081e-05	24750	1	FALSE	NA	NA	NA	NA	NA	NA
NC_045512.2	28805	G	A	24776	21948	39	1	0	68	4.036e-05	24777	0.50001	FALSE	NA	NA	NA	NA	NA	NA
NC_045512.2	28806	G	A	25200	22591	39	5	5	34	0.000198373	25205	0.99997	FALSE	NA	NA	NA	NA	NA	NA
NC_045512.2	28807	C	T	25142	22672	40	12	12	33	0.000477004	25157	0.989979	FALSE	NA	NA	NA	NA	NA	NA
NC_045512.2	28807	C	A	25142	22672	40	3	2	68	0.000119251	25157	0.124911	FALSE	NA	NA	NA	NA	NA	NA
NC_045512.2	28808	G	A	25124	22651	40	2	2	34	7.95988e-05	25126	1	FALSE	NA	NA	NA	NA	NA	NA
NC_045512.2	28809	G	A	25021	22649	40	2	2	34	7.99265e-05	25023	1	FALSE	NA	NA	NA	NA	NA	NA
NC_045512.2	28810	C	T	25093	22727	40	11	11	34	0.000438142	25106	0.994347	FALSE	NA	NA	NA	NA	NA	NA
NC_045512.2	28810	C	G	25093	22727	40	1	0	34	3.98311e-05	25106	1	FALSE	NA	NA	NA	NA	NA	NA
NC_045512.2	28810	C	A	25093	22727	40	1	1	34	3.98311e-05	25106	1	FALSE	NA	NA	NA	NA	NA	NA
NC_045512.2	28811	A	T	25006	22638	40	2	2	30	7.9968e-05	25010	1	FALSE	NA	NA	NA	NA	NA	NA
NC_045512.2	28811	A	G	25006	22638	40	1	1	34	3.9984e-05	25010	1	FALSE	NA	NA	NA	NA	NA	NA
NC_045512.2	28811	A	C	25006	22638	40	1	0	34	3.9984e-05	25010	1	FALSE	NA	NA	NA	NA	NA	NA
NC_045512.2	28812	G	A	25081	22715	40	1	1	34	3.98692e-05	25082	1	FALSE	NA	NA	NA	NA	NA	NA
NC_045512.2	28813	T	C	24996	22671	39	3	3	34	0.000120005	24999	0.999997	FALSE	NA	NA	NA	NA	NA	NA
NC_045512.2	28815	A	T	24821	22516	39	1	0	26	4.02771e-05	24828	1	FALSE	NA	NA	NA	NA	NA	NA
NC_045512.2	28815	A	G	24821	22516	39	6	5	39	0.000241663	24828	0.999838	FALSE	NA	NA	NA	NA	NA	NA
NC_045512.2	28816	A	T	24845	22638	39	4	3	42	0.000160966	24850	0.343741	FALSE	NA	NA	NA	NA	NA	NA
NC_045512.2	28816	A	G	24845	22638	39	1	1	34	4.02414e-05	24850	1	FALSE	NA	NA	NA	NA	NA	NA
NC_045512.2	28817	G	T	24815	22997	38	1	1	34	4.0295e-05	24817	1	FALSE	NA	NA	NA	NA	NA	NA
NC_045512.2	28817	G	C	24815	22997	38	1	1	26	4.0295e-05	24817	1	FALSE	NA	NA	NA	NA	NA	NA
NC_045512.2	28818	C	T	24723	23080	38	3	3	31	0.00012133	24726	0.999997	FALSE	NA	NA	NA	NA	NA	NA
NC_045512.2	28820	T	C	22134	20505	36	2	2	34	9.03506e-05	22136	0.999999	FALSE	NA	NA	NA	NA	NA	NA
NC_045512.2	28821	C	-T	23744	22170	38	1	0	20	4.21159e-05	23744	1	FALSE	NA	NA	NA	NA	NA	NA
NC_045512.2	28822	T	C	23634	22063	38	1	1	24	4.23101e-05	23635	1	FALSE	NA	NA	NA	NA	NA	NA
NC_045512.2	28823	T	C	18811	17242	34	1	1	34	5.31547e-05	18813	0.999998	FALSE	NA	NA	NA	NA	NA	NA
NC_045512.2	28823	T	A	18811	17242	34	1	1	26	5.31547e-05	18813	1	FALSE	NA	NA	NA	NA	NA	NA
NC_045512.2	28824	C	T	23613	22179	37	2	2	34	8.46919e-05	23615	0.999999	FALSE	NA	NA	NA	NA	NA	NA
NC_045512.2	28825	T	C	23329	21898	37	1	1	34	4.28633e-05	23330	1	FALSE	NA	NA	NA	NA	NA	NA
NC_045512.2	28825	T	-C	23329	21898	37	1	0	20	4.28633e-05	23330	1	FALSE	NA	NA	NA	NA	NA	NA
NC_045512.2	28828	T	C	22721	21420	37	2	2	34	8.80165e-05	22723	0.999999	FALSE	NA	NA	NA	NA	NA	NA
NC_045512.2	28829	T	C	22870	21572	37	2	2	34	8.74432e-05	22872	0.999999	FALSE	NA	NA	NA	NA	NA	NA
NC_045512.2	28831	C	T	22391	21172	37	2	2	34	8.93056e-05	22395	0.999999	FALSE	NA	NA	NA	NA	NA	NA
NC_045512.2	28831	C	A	22391	21172	37	2	2	34	8.93056e-05	22395	0.999999	FALSE	NA	NA	NA	NA	NA	NA
NC_045512.2	28832	T	C	21267	20057	37	13	12	38	0.000610845	21282	0.939333	FALSE	NA	NA	NA	NA	NA	NA
NC_045512.2	28832	T	A	21267	20057	37	2	2	30	9.39761e-05	21282	0.999997	FALSE	NA	NA	NA	NA	NA	NA
NC_045512.2	28833	C	G	21319	20108	37	1	1	34	4.69043e-05	21320	1	FALSE	NA	NA	NA	NA	NA	NA
NC_045512.2	28834	A	G	21227	20023	37	2	2	34	9.42107e-05	21229	0.999997	FALSE	NA	NA	NA	NA	NA	NA
NC_045512.2	28835	T	A	21214	20042	37	1	0	24	4.71365e-05	21215	1	FALSE	NA	NA	NA	NA	NA	NA
NC_045512.2	28838	C	T	20855	19745	37	1	1	68	4.79478e-05	20856	0.500012	FALSE	NA	NA	NA	NA	NA	NA
NC_045512.2	28840	T	A	20178	19079	37	1	1	26	4.95565e-05	20179	1	FALSE	NA	NA	NA	NA	NA	NA
NC_045512.2	28841	A	G	19851	18757	37	1	1	34	5.03728e-05	19852	0.999999	FALSE	NA	NA	NA	NA	NA	NA
NC_045512.2	28844	C	T	19573	18491	37	2	2	46	0.000102171	19575	0.500019	FALSE	NA	NA	NA	NA	NA	NA
NC_045512.2	28845	G	A	19411	18333	37	13	13	33	0.000669275	19424	0.892458	FALSE	NA	NA	NA	NA	NA	NA
NC_045512.2	28847	A	G	19289	18411	36	2	1	64	0.000103675	19291	0.250006	FALSE	NA	NA	NA	NA	NA	NA
NC_045512.2	28848	A	G	19270	18401	36	1	0	68	5.18914e-05	19271	0.500013	FALSE	NA	NA	NA	NA	NA	NA
NC_045512.2	28850	A	G	17157	16309	37	1	1	34	5.82819e-05	17158	0.999996	FALSE	NA	NA	NA	NA	NA	NA
NC_045512.2	28851	G	A	17123	16279	37	1	1	34	5.83976e-05	17124	0.999996	FALSE	NA	NA	NA	NA	NA	NA
NC_045512.2	28852	T	C	15605	14774	35	1	1	34	6.40779e-05	15606	0.999985	FALSE	NA	NA	NA	NA	NA	NA
NC_045512.2	28853	T	C	16439	15618	37	1	1	34	6.08273e-05	16440	0.999992	FALSE	NA	NA	NA	NA	NA	NA
NC_045512.2	28853	T	-C	16439	15618	37	1	0	20	6.08273e-05	16440	1	FALSE	NA	NA	NA	NA	NA	NA
NC_045512.2	28854	C	A	20832	15794	36	1	0	34	4.80008e-05	20833	1	FALSE	NA	NA	NA	NA	NA	NA
NC_045512.2	28855	A	G	20308	15569	36	2	1	34	9.84737e-05	20310	0.999995	FALSE	NA	NA	NA	NA	NA	NA
NC_045512.2	28856	A	G	20659	15625	36	1	1	34	4.84027e-05	20660	1	FALSE	NA	NA	NA	NA	NA	NA
NC_045512.2	28858	A	G	19924	15552	35	10	8	37	0.000501655	19934	0.969342	FALSE	NA	NA	NA	NA	NA	NA
NC_045512.2	28859	A	G	20585	15499	36	2	2	34	9.71487e-05	20587	0.999995	FALSE	NA	NA	NA	NA	NA	NA
NC_045512.2	28860	A	G	20135	14844	36	4	1	32	0.00019862	20139	0.999862	FALSE	NA	NA	NA	NA	NA	NA
NC_045512.2	28861	T	C	20007	14732	36	4	1	34	0.00019989	20011	0.999862	FALSE	NA	NA	NA	NA	NA	NA
NC_045512.2	28862	T	C	20095	14825	36	3	3	34	0.000149269	20098	0.999967	FALSE	NA	NA	NA	NA	NA	NA
NC_045512.2	28863	C	T	20079	14870	36	1	1	60	4.97958e-05	20082	0.499988	FALSE	NA	NA	NA	NA	NA	NA
NC_045512.2	28863	C	G	20079	14870	36	2	1	34	9.95917e-05	20082	0.999995	FALSE	NA	NA	NA	NA	NA	NA
NC_045512.2	28864	A	G	19970	14781	36	5	3	40	0.000250313	19975	0.109369	FALSE	NA	NA	NA	NA	NA	NA
NC_045512.2	28865	A	G	19832	14849	35	1	1	34	5.0421e-05	19833	0.999999	FALSE	NA	NA	NA	NA	NA	NA
NC_045512.2	28866	C	T	20278	14925	35	2	2	34	9.86193e-05	20280	0.999995	FALSE	NA	NA	NA	NA	NA	NA
NC_045512.2	28867	T	C	20013	14662	35	2	2	51	9.99201e-05	20016	0.249994	FALSE	NA	NA	NA	NA	NA	NA
NC_045512.2	28867	T	A	20013	14662	35	1	1	26	4.996e-05	20016	1	FALSE	NA	NA	NA	NA	NA	NA
NC_045512.2	28869	C	T	19460	14112	35	1	0	34	5.13822e-05	19462	0.999999	FALSE	NA	NA	NA	NA	NA	NA
NC_045512.2	28869	C	G	19460	14112	35	1	1	34	5.13822e-05	19462	0.999999	FALSE	NA	NA	NA	NA	NA	NA
NC_045512.2	28870	A	G	19528	14020	35	2	2	34	0.000102407	19530	0.99999	FALSE	NA	NA	NA	NA	NA	NA
NC_045512.2	28872	G	A	19436	13932	35	4	1	32	0.000205761	19440	0.999757	FALSE	NA	NA	NA	NA	NA	NA
NC_045512.2	28875	G	A	18267	12812	35	6	4	34	0.000328353	18273	0.996704	FALSE	NA	NA	NA	NA	NA	NA
NC_045512.2	28876	C	G	18314	12856	35	1	1	34	5.46001e-05	18315	0.999998	FALSE	NA	NA	NA	NA	NA	NA
NC_045512.2	28878	G	C	18067	12612	35	1	1	34	5.53465e-05	18068	0.999998	FALSE	NA	NA	NA	NA	NA	NA
NC_045512.2	28879	T	G	17473	12030	35	1	0	34	5.72279e-05	17474	0.999996	FALSE	NA	NA	NA	NA	NA	NA
NC_045512.2	28881	G	T	0	0	0	1	0	34	7.1449e-05	13996	0.00100029	TRUE	NA	NA	NA	NA	NA	NA
NC_045512.2	28881	G	A	0	0	0	13995	8857	35	0.999929	13996	0	TRUE	NA	NA	NA	NA	NA	NA
NC_045512.2	28882	G	A	0	0	0	13645	8845	34	1	13645	0	TRUE	NA	NA	NA	NA	NA	NA
NC_045512.2	28883	G	T	0	0	0	2	2	34	0.000142298	14055	1.21484e-06	TRUE	NA	NA	NA	NA	NA	NA
NC_045512.2	28883	G	C	0	0	0	14049	8902	35	0.999573	14055	0	TRUE	NA	NA	NA	NA	NA	NA
NC_045512.2	28883	G	A	0	0	0	4	4	34	0.000284596	14055	1.88115e-12	TRUE	NA	NA	NA	NA	NA	NA
NC_045512.2	28885	A	G	14888	8906	35	1	1	34	6.71637e-05	14889	0.99997	FALSE	NA	NA	NA	NA	NA	NA
NC_045512.2	28887	C	T	14969	8955	35	1	0	34	6.68003e-05	14970	0.99997	FALSE	NA	NA	NA	NA	NA	NA
NC_045512.2	28901	A	G	6711	478	36	1	1	68	0.000148987	6712	0.500037	FALSE	NA	NA	NA	NA	NA	NA
NC_045512.2	28904	G	A	6890	502	36	1	0	34	0.000145117	6891	0.992203	FALSE	NA	NA	NA	NA	NA	NA
NC_045512.2	28906	T	C	6891	504	36	3	0	34	0.000435161	6894	0.910263	FALSE	NA	NA	NA	NA	NA	NA
NC_045512.2	28907	G	A	7085	504	36	2	0	34	0.000282207	7087	0.980508	FALSE	NA	NA	NA	NA	NA	NA
NC_045512.2	28908	G	A	7090	536	37	3	0	34	0.000422952	7093	0.945399	FALSE	NA	NA	NA	NA	NA	NA
NC_045512.2	28910	A	G	7150	579	37	3	1	34	0.000419404	7153	0.945399	FALSE	NA	NA	NA	NA	NA	NA
NC_045512.2	28911	A	G	7221	579	37	1	0	26	0.000138466	7222	1	FALSE	NA	NA	NA	NA	NA	NA
NC_045512.2	28912	T	G	7317	586	37	3	0	34	0.000409836	7320	0.945397	FALSE	NA	NA	NA	NA	NA	NA
NC_045512.2	28913	G	A	7481	589	37	4	2	34	0.000534402	7485	0.886848	FALSE	NA	NA	NA	NA	NA	NA
NC_045512.2	28914	G	T	7524	606	37	1	0	34	0.000132873	7526	0.996101	FALSE	NA	NA	NA	NA	NA	NA
NC_045512.2	28914	G	A	7524	606	37	1	0	68	0.000132873	7526	0.5	FALSE	NA	NA	NA	NA	NA	NA
NC_045512.2	28915	C	T	7672	614	37	10	3	34	0.00130174	7682	0.314529	FALSE	NA	NA	NA	NA	NA	NA
NC_045512.2	28916	G	A	7736	619	37	2	0	34	0.000258465	7738	0.980505	FALSE	NA	NA	NA	NA	NA	NA
NC_045512.2	28922	G	A	7962	644	37	2	0	34	0.00025113	7964	0.980504	FALSE	NA	NA	NA	NA	NA	NA
NC_045512.2	28923	C	T	7956	660	37	1	0	34	0.000125676	7957	0.996103	FALSE	NA	NA	NA	NA	NA	NA
NC_045512.2	28924	T	G	7980	660	37	1	0	34	0.000125298	7981	0.996103	FALSE	NA	NA	NA	NA	NA	NA
NC_045512.2	28926	C	T	8350	674	37	4	0	34	0.000478813	8354	0.927103	FALSE	NA	NA	NA	NA	NA	NA
NC_045512.2	28927	T	C	8375	655	37	2	0	34	0.000238749	8377	0.989281	FALSE	NA	NA	NA	NA	NA	NA
NC_045512.2	28929	T	G	8430	693	37	1	0	34	0.00011861	8431	0.998052	FALSE	NA	NA	NA	NA	NA	NA
NC_045512.2	28930	T	C	8422	717	37	1	0	34	0.000118723	8423	0.998052	FALSE	NA	NA	NA	NA	NA	NA
NC_045512.2	28932	C	A	8662	725	37	2	0	34	0.00023084	8664	0.989281	FALSE	NA	NA	NA	NA	NA	NA
NC_045512.2	28933	T	C	8683	743	37	1	0	34	0.000115154	8684	0.998052	FALSE	NA	NA	NA	NA	NA	NA
NC_045512.2	28934	T	C	8607	705	38	1	0	34	0.000116171	8608	0.998052	FALSE	NA	NA	NA	NA	NA	NA
NC_045512.2	28935	T	C	8530	736	38	1	0	34	0.00011722	8531	0.998052	FALSE	NA	NA	NA	NA	NA	NA
NC_045512.2	28936	G	A	8463	757	38	1	0	34	0.000118147	8464	0.998052	FALSE	NA	NA	NA	NA	NA	NA
NC_045512.2	28939	G	T	8163	786	38	1	1	68	0.000122474	8165	0.5	FALSE	NA	NA	NA	NA	NA	NA
NC_045512.2	28939	G	A	8163	786	38	1	1	34	0.000122474	8165	0.998051	FALSE	NA	NA	NA	NA	NA	NA
NC_045512.2	28941	T	C	6120	1078	37	1	0	34	0.000163372	6121	0.992205	FALSE	NA	NA	NA	NA	NA	NA
NC_045512.2	28946	G	A	6533	1267	37	1	0	34	0.000153046	6534	0.992204	FALSE	NA	NA	NA	NA	NA	NA
NC_045512.2	28949	A	G	6069	1228	36	2	0	34	0.000329435	6071	0.964907	FALSE	NA	NA	NA	NA	NA	NA
NC_045512.2	28952	T	C	6227	1328	37	2	1	29	0.000321079	6229	1	FALSE	NA	NA	NA	NA	NA	NA
NC_045512.2	28959	A	T	6248	1295	37	1	1	26	0.000160026	6249	1	FALSE	NA	NA	NA	NA	NA	NA
NC_045512.2	28965	A	G	6212	1357	37	1	0	34	0.000160953	6213	0.992205	FALSE	NA	NA	NA	NA	NA	NA
NC_045512.2	28967	A	G	5435	1398	35	2	0	34	0.00036785	5437	0.937591	FALSE	NA	NA	NA	NA	NA	NA
NC_045512.2	28969	C	-A	6054	1368	37	1	0	20	0.00016518	6054	1	FALSE	NA	NA	NA	NA	NA	NA
NC_045512.2	28971	A	G	5937	1378	36	3	0	34	0.000505051	5940	0.855607	FALSE	NA	NA	NA	NA	NA	NA
NC_045512.2	28976	T	C	5791	1557	37	1	0	34	0.000172652	5792	0.984403	FALSE	NA	NA	NA	NA	NA	NA
NC_045512.2	28978	T	C	5831	1794	37	1	0	34	0.000171468	5832	0.984403	FALSE	NA	NA	NA	NA	NA	NA
NC_045512.2	28979	G	A	6054	1785	37	1	0	34	0.000165153	6055	0.992206	FALSE	NA	NA	NA	NA	NA	NA
NC_045512.2	28980	G	C	6160	1877	37	1	1	34	0.000162311	6161	0.992205	FALSE	NA	NA	NA	NA	NA	NA
NC_045512.2	28981	T	-A	6205	1977	37	3	0	20	0.000483481	6205	1	FALSE	NA	NA	NA	NA	NA	NA
NC_045512.2	28984	A	G	6035	2005	37	2	0	34	0.00033129	6037	0.964907	FALSE	NA	NA	NA	NA	NA	NA
NC_045512.2	28986	G	A	6296	2169	38	1	0	68	0.000158806	6297	0.50004	FALSE	NA	NA	NA	NA	NA	NA
NC_045512.2	28987	C	T	6626	2665	38	1	0	34	0.000150898	6627	0.992204	FALSE	NA	NA	NA	NA	NA	NA
NC_045512.2	28987	C	-CAA	6626	2665	38	18	0	20	0.00271616	6627	1	FALSE	NA	NA	NA	NA	NA	NA
NC_045512.2	28989	A	G	6585	2594	38	1	0	34	0.000151837	6586	0.992129	FALSE	NA	NA	NA	NA	NA	NA
NC_045512.2	28990	A	G	6323	2640	37	1	0	34	0.000158128	6324	0.992127	FALSE	NA	NA	NA	NA	NA	NA
NC_045512.2	28996	A	G	6556	2676	38	3	0	34	0.000457387	6559	0.910269	FALSE	NA	NA	NA	NA	NA	NA
NC_045512.2	28997	C	T	6503	2676	38	4	4	34	0.000614723	6507	0.828283	FALSE	NA	NA	NA	NA	NA	NA
NC_045512.2	28999	A	G	6520	2631	38	1	0	34	0.000153351	6521	0.992204	FALSE	NA	NA	NA	NA	NA	NA
NC_045512.2	29003	C	T	6587	2678	38	2	2	34	0.000303536	6589	0.964902	FALSE	NA	NA	NA	NA	NA	NA
NC_045512.2	29005	A	G	6561	2686	38	1	1	34	0.000152393	6562	0.992204	FALSE	NA	NA	NA	NA	NA	NA
NC_045512.2	29006	A	T	6376	2686	37	1	1	26	0.000156814	6377	1	FALSE	NA	NA	NA	NA	NA	NA
NC_045512.2	29008	T	G	6294	2667	37	1	0	26	0.000158856	6295	1	FALSE	NA	NA	NA	NA	NA	NA
NC_045512.2	29010	T	C	6465	2729	38	1	1	34	0.000154655	6466	0.992204	FALSE	NA	NA	NA	NA	NA	NA
NC_045512.2	29011	C	T	6503	2741	38	1	0	34	0.000153752	6504	0.992204	FALSE	NA	NA	NA	NA	NA	NA
NC_045512.2	29018	A	G	6432	3409	38	1	0	34	0.000155448	6433	0.992204	FALSE	NA	NA	NA	NA	NA	NA
NC_045512.2	29019	A	G	6784	3589	39	1	1	34	0.000147362	6786	0.9922	FALSE	NA	NA	NA	NA	NA	NA
NC_045512.2	29019	A	C	6784	3589	39	1	0	24	0.000147362	6786	1	FALSE	NA	NA	NA	NA	NA	NA
NC_045512.2	29020	A	G	6783	3594	39	1	0	34	0.000147406	6784	0.992204	FALSE	NA	NA	NA	NA	NA	NA
NC_045512.2	29021	T	A	6629	3568	38	2	2	30	0.000301614	6631	0.964901	FALSE	NA	NA	NA	NA	NA	NA
NC_045512.2	29023	T	A	6585	3517	38	1	1	26	0.000151837	6586	1	FALSE	NA	NA	NA	NA	NA	NA
NC_045512.2	29026	T	A	6410	3654	38	1	0	34	0.000155982	6411	0.992205	FALSE	NA	NA	NA	NA	NA	NA
NC_045512.2	29030	G	C	6444	3655	38	3	3	34	0.000465333	6447	0.910271	FALSE	NA	NA	NA	NA	NA	NA
NC_045512.2	29031	A	G	6382	3614	38	1	0	34	0.000156666	6383	0.992205	FALSE	NA	NA	NA	NA	NA	NA
NC_045512.2	29034	C	A	6452	3632	37	1	0	34	0.000154967	6453	0.992204	FALSE	NA	NA	NA	NA	NA	NA
NC_045512.2	29039	A	T	6660	3760	38	1	1	34	0.000150128	6661	0.992204	FALSE	NA	NA	NA	NA	NA	NA
NC_045512.2	29042	A	T	5630	3772	35	1	1	27	0.000177557	5632	1	FALSE	NA	NA	NA	NA	NA	NA
NC_045512.2	29042	A	G	5630	3772	35	1	1	34	0.000177557	5632	0.984396	FALSE	NA	NA	NA	NA	NA	NA
NC_045512.2	29043	A	G	6081	3687	37	1	0	26	0.00016442	6082	1	FALSE	NA	NA	NA	NA	NA	NA
NC_045512.2	29050	G	A	6508	4045	38	3	3	34	0.000460759	6511	0.91027	FALSE	NA	NA	NA	NA	NA	NA
NC_045512.2	29051	C	-A	6415	4131	37	1	0	20	0.000155885	6415	1	FALSE	NA	NA	NA	NA	NA	NA
NC_045512.2	29054	A	G	6586	4318	37	1	0	34	0.000151814	6587	0.992204	FALSE	NA	NA	NA	NA	NA	NA
NC_045512.2	29056	A	T	6554	4331	37	1	1	34	0.000152509	6557	0.992196	FALSE	NA	NA	NA	NA	NA	NA
NC_045512.2	29056	A	G	6554	4331	37	2	2	68	0.000305018	6557	0.249981	FALSE	NA	NA	NA	NA	NA	NA
NC_045512.2	29061	C	T	6798	4785	38	1	0	34	0.00014708	6799	0.992204	FALSE	NA	NA	NA	NA	NA	NA
NC_045512.2	29062	T	C	6748	4744	38	1	1	34	0.00014817	6749	0.992204	FALSE	NA	NA	NA	NA	NA	NA
NC_045512.2	29064	C	T	6892	4792	38	4	0	34	0.000580046	6896	0.828274	FALSE	NA	NA	NA	NA	NA	NA
NC_045512.2	29065	C	A	7082	4961	38	1	1	34	0.000141183	7083	0.996104	FALSE	NA	NA	NA	NA	NA	NA
NC_045512.2	29068	T	-A	7045	4976	38	1	0	20	0.000141945	7045	1	FALSE	NA	NA	NA	NA	NA	NA
NC_045512.2	29072	G	T	7302	5038	37	1	1	34	0.000136836	7308	0.996093	FALSE	NA	NA	NA	NA	NA	NA
NC_045512.2	29072	G	A	7302	5038	37	5	5	34	0.000684182	7308	0.806252	FALSE	NA	NA	NA	NA	NA	NA
NC_045512.2	29073	C	A	7509	5358	38	4	3	68	0.00053241	7513	0.0624917	FALSE	NA	NA	NA	NA	NA	NA
NC_045512.2	29075	T	C	7528	5346	38	2	2	34	0.000265604	7530	0.980506	FALSE	NA	NA	NA	NA	NA	NA
NC_045512.2	29076	A	G	7436	5336	38	1	1	34	0.000134463	7437	0.996103	FALSE	NA	NA	NA	NA	NA	NA
NC_045512.2	29079	A	G	7628	5267	38	1	1	34	0.000131079	7629	0.996103	FALSE	NA	NA	NA	NA	NA	NA
NC_045512.2	29081	G	A	7301	5168	38	2	1	34	0.00027386	7303	0.980507	FALSE	NA	NA	NA	NA	NA	NA
NC_045512.2	29082	T	C	6983	4843	37	1	1	34	0.000143184	6984	0.992203	FALSE	NA	NA	NA	NA	NA	NA
NC_045512.2	29086	A	G	7028	4957	38	5	5	34	0.000710934	7033	0.806324	FALSE	NA	NA	NA	NA	NA	NA
NC_045512.2	29093	T	C	6510	4599	38	1	1	38	0.000153586	6511	0.992204	FALSE	NA	NA	NA	NA	NA	NA
NC_045512.2	29097	G	A	6563	4722	38	4	2	51	0.000609106	6567	0.0624905	FALSE	NA	NA	NA	NA	NA	NA
NC_045512.2	29099	A	G	6529	4716	38	1	1	34	0.000153139	6530	0.992204	FALSE	NA	NA	NA	NA	NA	NA
NC_045512.2	29101	A	G	6939	5256	38	1	0	34	0.000144092	6940	0.992203	FALSE	NA	NA	NA	NA	NA	NA
NC_045512.2	29104	T	C	6946	5339	38	4	2	59	0.00057554	6950	0.062491	FALSE	NA	NA	NA	NA	NA	NA
NC_045512.2	29105	G	A	6900	5287	38	3	3	34	0.000434594	6903	0.910263	FALSE	NA	NA	NA	NA	NA	NA
NC_045512.2	29106	G	A	7174	5432	38	1	1	34	0.000139373	7175	0.996104	FALSE	NA	NA	NA	NA	NA	NA
NC_045512.2	29107	T	C	7205	5468	38	2	1	34	0.000277508	7207	0.980508	FALSE	NA	NA	NA	NA	NA	NA
NC_045512.2	29108	C	A	7409	5731	39	2	0	34	0.000269869	7411	0.980507	FALSE	NA	NA	NA	NA	NA	NA
NC_045512.2	29115	A	T	8099	6914	41	1	1	34	0.000123442	8101	0.998051	FALSE	NA	NA	NA	NA	NA	NA
NC_045512.2	29115	A	G	8099	6914	41	1	0	68	0.000123442	8101	0.5	FALSE	NA	NA	NA	NA	NA	NA
NC_045512.2	29117	A	G	8000	6881	39	1	1	34	0.000124969	8002	0.998051	FALSE	NA	NA	NA	NA	NA	NA
NC_045512.2	29117	A	C	8000	6881	39	1	0	24	0.000124969	8002	1	FALSE	NA	NA	NA	NA	NA	NA
NC_045512.2	29121	A	G	8092	7047	41	1	1	34	0.000123564	8093	0.998052	FALSE	NA	NA	NA	NA	NA	NA
NC_045512.2	29122	A	G	8101	7055	41	2	2	30	0.000246822	8103	0.989282	FALSE	NA	NA	NA	NA	NA	NA
NC_045512.2	29126	A	G	8090	7068	41	1	1	34	0.000123594	8091	0.998052	FALSE	NA	NA	NA	NA	NA	NA
NC_045512.2	29127	A	-T	8112	7094	41	6	0	20	0.000739645	8112	1	FALSE	NA	NA	NA	NA	NA	NA
NC_045512.2	29129	T	C	8036	7051	41	1	1	34	0.000124425	8037	0.998052	FALSE	NA	NA	NA	NA	NA	NA
NC_045512.2	29131	T	G	8016	7034	41	9	7	52	0.00112108	8028	0.00194656	TRUE	NA	NA	NA	NA	NA	NA
NC_045512.2	29131	T	C	8016	7034	41	3	2	45	0.000373692	8028	0.12479	FALSE	NA	NA	NA	NA	NA	NA
NC_045512.2	29131	T	-G	8016	7034	41	1	0	20	0.000124564	8028	1	FALSE	NA	NA	NA	NA	NA	NA
NC_045512.2	29133	G	A	8071	7128	41	1	1	34	0.000123885	8072	0.998052	FALSE	NA	NA	NA	NA	NA	NA
NC_045512.2	29134	G	T	8032	7106	41	1	0	68	0.00012444	8036	0.499938	FALSE	NA	NA	NA	NA	NA	NA
NC_045512.2	29134	G	A	8032	7106	41	3	1	68	0.00037332	8036	0.124977	FALSE	NA	NA	NA	NA	NA	NA
NC_045512.2	29135	G	A	8059	7235	40	1	1	34	0.000124069	8060	0.998052	FALSE	NA	NA	NA	NA	NA	NA
NC_045512.2	29138	C	A	7998	7226	40	2	2	34	0.00025	8000	0.989277	FALSE	NA	NA	NA	NA	NA	NA
NC_045512.2	29139	A	C	7777	7003	39	1	1	34	0.000128568	7778	0.996103	FALSE	NA	NA	NA	NA	NA	NA
NC_045512.2	29140	G	A	7809	7036	40	1	1	34	0.000128041	7810	0.996103	FALSE	NA	NA	NA	NA	NA	NA
NC_045512.2	29142	A	G	7784	7011	40	3	3	34	0.000385257	7787	0.945392	FALSE	NA	NA	NA	NA	NA	NA
NC_045512.2	29145	T	G	7525	6767	39	2	2	34	0.000265675	7528	0.980497	FALSE	NA	NA	NA	NA	NA	NA
NC_045512.2	29145	T	C	7525	6767	39	1	1	34	0.000132837	7528	0.996099	FALSE	NA	NA	NA	NA	NA	NA
NC_045512.2	29147	A	G	7426	6675	40	1	1	38	0.000134644	7427	0.996103	FALSE	NA	NA	NA	NA	NA	NA
NC_045512.2	29149	C	T	7420	6737	39	1	1	34	0.000134753	7421	0.996103	FALSE	NA	NA	NA	NA	NA	NA
NC_045512.2	29150	A	G	7063	6387	40	2	2	51	0.000282805	7072	0.24977	FALSE	NA	NA	NA	NA	NA	NA
NC_045512.2	29150	A	C	7063	6387	40	7	7	34	0.000989819	7072	0.604684	FALSE	NA	NA	NA	NA	NA	NA
NC_045512.2	29155	A	G	6777	6142	39	1	1	34	0.000147536	6778	0.992204	FALSE	NA	NA	NA	NA	NA	NA
NC_045512.2	29156	G	T	6758	6128	39	1	0	68	0.000147951	6759	0.500037	FALSE	NA	NA	NA	NA	NA	NA
NC_045512.2	29158	A	G	6772	6157	39	2	2	34	0.000295247	6774	0.9649	FALSE	NA	NA	NA	NA	NA	NA
NC_045512.2	29159	A	G	6745	6129	39	2	2	68	0.000296428	6747	0.250019	FALSE	NA	NA	NA	NA	NA	NA
NC_045512.2	29160	C	A	6761	6142	39	1	1	34	0.000147885	6762	0.992204	FALSE	NA	NA	NA	NA	NA	NA
NC_045512.2	29161	T	C	6169	5560	40	2	2	34	0.000324097	6171	0.964906	FALSE	NA	NA	NA	NA	NA	NA
NC_045512.2	29165	T	C	6172	5608	39	1	1	26	0.000161996	6173	1	FALSE	NA	NA	NA	NA	NA	NA
NC_045512.2	29166	A	G	16855	5229	34	3	0	34	0.000177936	16860	0.999637	FALSE	NA	NA	NA	NA	NA	NA
NC_045512.2	29166	A	C	16855	5229	34	2	1	34	0.000118624	16860	0.999928	FALSE	NA	NA	NA	NA	NA	NA
NC_045512.2	29167	C	T	17667	5778	35	4	2	34	0.00022636	17671	0.999258	FALSE	NA	NA	NA	NA	NA	NA
NC_045512.2	29169	A	G	17936	5853	36	1	1	34	5.57507e-05	17937	0.999996	FALSE	NA	NA	NA	NA	NA	NA
NC_045512.2	29172	A	G	17670	5468	35	1	0	34	5.65899e-05	17671	0.999996	FALSE	NA	NA	NA	NA	NA	NA
NC_045512.2	29174	T	C	17197	5777	36	2	0	34	0.000116286	17199	0.999962	FALSE	NA	NA	NA	NA	NA	NA
NC_045512.2	29175	G	A	17633	5856	37	5	0	32	0.000283479	17638	0.997835	FALSE	NA	NA	NA	NA	NA	NA
NC_045512.2	29177	C	T	17746	5927	37	3	1	45	0.000169024	17749	0.312511	FALSE	NA	NA	NA	NA	NA	NA
NC_045512.2	29178	C	A	17710	5863	37	2	0	34	0.000112918	17712	0.999962	FALSE	NA	NA	NA	NA	NA	NA
NC_045512.2	29179	G	A	17632	5776	37	27	10	37	0.00152897	17659	0.0869811	FALSE	NA	NA	NA	NA	NA	NA
NC_045512.2	29180	C	A	17784	6087	37	2	1	34	0.000112448	17786	0.999962	FALSE	NA	NA	NA	NA	NA	NA
NC_045512.2	29182	A	G	18017	6016	37	2	2	34	0.000110994	18019	0.99998	FALSE	NA	NA	NA	NA	NA	NA
NC_045512.2	29183	A	G	17895	6038	36	3	1	58	0.000167616	17898	0.125	FALSE	NA	NA	NA	NA	NA	NA
NC_045512.2	29186	G	C	18595	6015	37	1	0	34	5.37692e-05	18598	0.999998	FALSE	NA	NA	NA	NA	NA	NA
NC_045512.2	29186	G	A	18595	6015	37	2	0	34	0.000107538	18598	0.99998	FALSE	NA	NA	NA	NA	NA	NA
NC_045512.2	29187	C	T	18594	6033	37	1	0	34	5.37779e-05	18595	0.999998	FALSE	NA	NA	NA	NA	NA	NA
NC_045512.2	29188	A	G	18623	6050	37	4	1	34	0.000214742	18627	0.999574	FALSE	NA	NA	NA	NA	NA	NA
NC_045512.2	29190	A	G	19053	5936	37	1	0	26	5.24824e-05	19054	1	FALSE	NA	NA	NA	NA	NA	NA
NC_045512.2	29191	A	G	19630	6016	37	1	0	34	5.09398e-05	19631	0.999999	FALSE	NA	NA	NA	NA	NA	NA
NC_045512.2	29193	T	C	19466	5872	37	7	3	38	0.000359472	19473	0.995336	FALSE	NA	NA	NA	NA	NA	NA
NC_045512.2	29194	T	G	19326	5865	37	1	1	34	5.17304e-05	19331	0.999999	FALSE	NA	NA	NA	NA	NA	NA
NC_045512.2	29194	T	C	19326	5865	37	3	0	34	0.000155191	19331	0.99994	FALSE	NA	NA	NA	NA	NA	NA
NC_045512.2	29194	T	A	19326	5865	37	1	0	34	5.17304e-05	19331	0.999999	FALSE	NA	NA	NA	NA	NA	NA
NC_045512.2	29195	G	C	20258	5785	37	1	1	34	4.93486e-05	20264	1	FALSE	NA	NA	NA	NA	NA	NA
NC_045512.2	29195	G	A	20258	5785	37	5	0	34	0.000246743	20264	0.999546	FALSE	NA	NA	NA	NA	NA	NA
NC_045512.2	29196	C	T	20710	5821	37	3	2	45	0.000144837	20713	0.500023	FALSE	NA	NA	NA	NA	NA	NA
NC_045512.2	29200	C	T	20751	5567	37	4	0	34	0.000192725	20755	0.999862	FALSE	NA	NA	NA	NA	NA	NA
NC_045512.2	29201	A	G	20370	5221	37	1	0	34	4.90894e-05	20371	1	FALSE	NA	NA	NA	NA	NA	NA
NC_045512.2	29202	G	A	20908	5243	37	2	2	34	9.5648e-05	20910	0.999995	FALSE	NA	NA	NA	NA	NA	NA
NC_045512.2	29203	C	T	17187	1700	38	4	0	31	0.000232666	17192	0.999258	FALSE	NA	NA	NA	NA	NA	NA
NC_045512.2	29203	C	G	17187	1700	38	1	0	34	5.81666e-05	17192	0.999996	FALSE	NA	NA	NA	NA	NA	NA
NC_045512.2	29204	G	A	17410	1697	38	1	0	34	5.7435e-05	17411	0.999996	FALSE	NA	NA	NA	NA	NA	NA
NC_045512.2	29205	C	G	18045	1725	37	1	0	34	5.54139e-05	18046	0.999998	FALSE	NA	NA	NA	NA	NA	NA
NC_045512.2	29206	T	G	18037	1727	37	1	0	34	5.54354e-05	18039	0.999998	FALSE	NA	NA	NA	NA	NA	NA
NC_045512.2	29206	T	C	18037	1727	37	1	0	34	5.54354e-05	18039	0.999998	FALSE	NA	NA	NA	NA	NA	NA
NC_045512.2	29207	T	G	18135	1720	37	1	0	34	5.51359e-05	18137	0.999998	FALSE	NA	NA	NA	NA	NA	NA
NC_045512.2	29207	T	A	18135	1720	37	1	1	34	5.51359e-05	18137	0.999998	FALSE	NA	NA	NA	NA	NA	NA
NC_045512.2	29208	C	G	18176	1731	37	1	0	34	5.50146e-05	18177	0.999998	FALSE	NA	NA	NA	NA	NA	NA
NC_045512.2	29209	A	G	18127	1731	37	1	0	34	5.51633e-05	18128	0.999998	FALSE	NA	NA	NA	NA	NA	NA
NC_045512.2	29211	C	T	18355	1774	38	4	0	68	0.000217865	18360	0.0624898	FALSE	NA	NA	NA	NA	NA	NA
NC_045512.2	29211	C	G	18355	1774	38	1	0	34	5.44662e-05	18360	0.999998	FALSE	NA	NA	NA	NA	NA	NA
NC_045512.2	29212	G	C	18546	1776	38	1	1	34	5.39113e-05	18549	0.999998	FALSE	NA	NA	NA	NA	NA	NA
NC_045512.2	29212	G	A	18546	1776	38	2	0	34	0.000107823	18549	0.99998	FALSE	NA	NA	NA	NA	NA	NA
NC_045512.2	29213	T	C	18550	1782	38	1	0	34	5.39054e-05	18551	0.999998	FALSE	NA	NA	NA	NA	NA	NA
NC_045512.2	29216	T	C	19334	1785	37	2	0	34	0.000103434	19336	0.99999	FALSE	NA	NA	NA	NA	NA	NA
NC_045512.2	29217	T	C	19748	1797	37	1	0	68	5.06303e-05	19751	0.499987	FALSE	NA	NA	NA	NA	NA	NA
NC_045512.2	29217	T	A	19748	1797	37	2	0	34	0.000101261	19751	0.99999	FALSE	NA	NA	NA	NA	NA	NA
NC_045512.2	29218	C	T	19789	1796	37	3	1	34	0.000151576	19792	0.99994	FALSE	NA	NA	NA	NA	NA	NA
NC_045512.2	29220	G	A	19916	1795	37	4	2	42	0.000200803	19920	0.1875	FALSE	NA	NA	NA	NA	NA	NA
NC_045512.2	29221	A	G	19921	1804	37	2	0	46	0.000100386	19923	0.500019	FALSE	NA	NA	NA	NA	NA	NA
NC_045512.2	29222	A	G	20009	1803	37	2	1	47	9.9945e-05	20011	0.687528	FALSE	NA	NA	NA	NA	NA	NA
NC_045512.2	29223	T	G	20095	1857	37	1	0	34	4.97587e-05	20097	1	FALSE	NA	NA	NA	NA	NA	NA
NC_045512.2	29223	T	C	20095	1857	37	1	0	34	4.97587e-05	20097	1	FALSE	NA	NA	NA	NA	NA	NA
NC_045512.2	29224	G	T	20871	1914	37	2	1	43	9.5813e-05	20874	0.687509	FALSE	NA	NA	NA	NA	NA	NA
NC_045512.2	29224	G	A	20871	1914	37	1	0	34	4.79065e-05	20874	1	FALSE	NA	NA	NA	NA	NA	NA
NC_045512.2	29226	C	T	20955	1933	38	4	2	34	0.000190849	20959	0.999862	FALSE	NA	NA	NA	NA	NA	NA
NC_045512.2	29227	G	T	21027	1934	37	1	1	34	4.75534e-05	21029	1	FALSE	NA	NA	NA	NA	NA	NA
NC_045512.2	29227	G	A	21027	1934	37	1	0	34	4.75534e-05	21029	1	FALSE	NA	NA	NA	NA	NA	NA
NC_045512.2	29228	C	T	21036	1948	38	5	0	34	0.00023762	21042	0.999734	FALSE	NA	NA	NA	NA	NA	NA
NC_045512.2	29228	C	A	21036	1948	38	1	0	34	4.7524e-05	21042	1	FALSE	NA	NA	NA	NA	NA	NA
NC_045512.2	29229	G	C	21180	1942	37	1	0	34	4.71988e-05	21187	1	FALSE	NA	NA	NA	NA	NA	NA
NC_045512.2	29229	G	A	21180	1942	37	6	0	34	0.000283193	21187	0.999246	FALSE	NA	NA	NA	NA	NA	NA
NC_045512.2	29230	C	T	21367	1973	38	1	0	34	4.67968e-05	21369	1	FALSE	NA	NA	NA	NA	NA	NA
NC_045512.2	29230	C	G	21367	1973	38	1	0	26	4.67968e-05	21369	1	FALSE	NA	NA	NA	NA	NA	NA
NC_045512.2	29231	A	G	21371	1980	37	1	0	34	4.67902e-05	21372	1	FALSE	NA	NA	NA	NA	NA	NA
NC_045512.2	29233	T	C	21293	2015	37	3	0	34	0.000140872	21296	0.999982	FALSE	NA	NA	NA	NA	NA	NA
NC_045512.2	29235	G	T	22517	2015	37	1	1	34	4.4403e-05	22521	1	FALSE	NA	NA	NA	NA	NA	NA
NC_045512.2	29235	G	A	22517	2015	37	3	0	34	0.000133209	22521	0.99999	FALSE	NA	NA	NA	NA	NA	NA
NC_045512.2	29237	A	G	22563	2045	37	2	0	34	8.86328e-05	22565	0.999999	FALSE	NA	NA	NA	NA	NA	NA
NC_045512.2	29238	T	C	22584	2042	37	8	1	46	0.000354092	22593	0.054668	FALSE	NA	NA	NA	NA	NA	NA
NC_045512.2	29238	T	A	22584	2042	37	1	0	26	4.42615e-05	22593	1	FALSE	NA	NA	NA	NA	NA	NA
NC_045512.2	29239	G	A	22646	2043	37	5	0	34	0.000220741	22651	0.999845	FALSE	NA	NA	NA	NA	NA	NA
NC_045512.2	29240	G	C	22906	2055	37	1	0	34	4.36548e-05	22907	1	FALSE	NA	NA	NA	NA	NA	NA
NC_045512.2	29241	A	G	23223	2323	38	1	0	34	4.30589e-05	23224	1	FALSE	NA	NA	NA	NA	NA	NA
NC_045512.2	29242	A	T	23625	2323	38	1	0	34	4.23209e-05	23629	1	FALSE	NA	NA	NA	NA	NA	NA
NC_045512.2	29242	A	G	23625	2323	38	3	1	30	0.000126963	23629	0.999995	FALSE	NA	NA	NA	NA	NA	NA
NC_045512.2	29244	T	C	23643	2356	38	2	0	51	8.45845e-05	23645	0.250005	FALSE	NA	NA	NA	NA	NA	NA
NC_045512.2	29247	C	A	22330	2752	38	2	0	34	8.95576e-05	22332	0.999999	FALSE	NA	NA	NA	NA	NA	NA
NC_045512.2	29248	A	G	22306	2838	38	5	1	39	0.000224105	22311	0.999845	FALSE	NA	NA	NA	NA	NA	NA
NC_045512.2	29250	C	T	19688	3208	38	1	0	34	5.07846e-05	19691	0.999999	FALSE	NA	NA	NA	NA	NA	NA
NC_045512.2	29250	C	A	19688	3208	38	2	0	34	0.000101569	19691	0.99999	FALSE	NA	NA	NA	NA	NA	NA
NC_045512.2	29251	T	G	19741	3141	38	2	0	34	0.000101271	19749	0.99999	FALSE	NA	NA	NA	NA	NA	NA
NC_045512.2	29251	T	C	19741	3141	38	1	1	34	5.06355e-05	19749	0.999999	FALSE	NA	NA	NA	NA	NA	NA
NC_045512.2	29251	T	A	19741	3141	38	5	0	40	0.000253177	19749	0.109333	FALSE	NA	NA	NA	NA	NA	NA
NC_045512.2	29253	C	T	19727	3239	38	6	0	32	0.000304059	19733	0.997968	FALSE	NA	NA	NA	NA	NA	NA
NC_045512.2	29257	A	T	19553	3249	38	1	0	34	5.11404e-05	19554	0.999999	FALSE	NA	NA	NA	NA	NA	NA
NC_045512.2	29262	G	T	19696	3662	38	3	0	40	0.000152269	19702	0.312452	FALSE	NA	NA	NA	NA	NA	NA
NC_045512.2	29262	G	A	19696	3662	38	3	2	56	0.000152269	19702	0.124971	FALSE	NA	NA	NA	NA	NA	NA
NC_045512.2	29263	G	A	18534	3905	37	2	0	34	0.000107898	18536	0.99998	FALSE	NA	NA	NA	NA	NA	NA
NC_045512.2	29264	T	C	17786	3634	37	1	1	34	5.62208e-05	17787	0.999996	FALSE	NA	NA	NA	NA	NA	NA
NC_045512.2	29266	G	A	22069	4241	36	1	0	34	4.53104e-05	22070	1	FALSE	NA	NA	NA	NA	NA	NA
NC_045512.2	29267	A	T	22026	4344	36	1	1	26	4.53988e-05	22027	1	FALSE	NA	NA	NA	NA	NA	NA
NC_045512.2	29268	C	T	22154	4381	36	2	1	43	9.0269e-05	22156	0.687525	FALSE	NA	NA	NA	NA	NA	NA
NC_045512.2	29270	T	C	22286	4597	36	10	1	33	0.000448511	22296	0.989994	FALSE	NA	NA	NA	NA	NA	NA
NC_045512.2	29271	A	G	23723	4602	36	5	1	34	0.000210722	23728	0.99991	FALSE	NA	NA	NA	NA	NA	NA
NC_045512.2	29272	C	T	24051	5158	37	2	0	34	8.31497e-05	24053	1	FALSE	NA	NA	NA	NA	NA	NA
NC_045512.2	29274	C	T	24055	5141	37	8	0	34	0.000332461	24063	0.998953	FALSE	NA	NA	NA	NA	NA	NA
NC_045512.2	29275	A	G	22991	4170	37	2	1	34	8.6983e-05	22993	0.999999	FALSE	NA	NA	NA	NA	NA	NA
NC_045512.2	29276	G	A	23038	4131	37	2	0	34	8.68056e-05	23040	0.999999	FALSE	NA	NA	NA	NA	NA	NA
NC_045512.2	29278	T	C	22917	4189	37	1	0	34	4.36338e-05	22918	1	FALSE	NA	NA	NA	NA	NA	NA
NC_045512.2	29279	G	A	22947	4168	37	3	0	34	0.000130719	22950	0.99999	FALSE	NA	NA	NA	NA	NA	NA
NC_045512.2	29280	C	T	22515	3833	37	2	0	34	8.88218e-05	22517	0.999999	FALSE	NA	NA	NA	NA	NA	NA
NC_045512.2	29281	C	T	22482	3896	37	1	0	34	4.44781e-05	22483	1	FALSE	NA	NA	NA	NA	NA	NA
NC_045512.2	29282	A	T	22800	4215	37	1	0	46	4.38558e-05	22802	0.875008	FALSE	NA	NA	NA	NA	NA	NA
NC_045512.2	29282	A	G	22800	4215	37	1	0	34	4.38558e-05	22802	1	FALSE	NA	NA	NA	NA	NA	NA
NC_045512.2	29283	T	C	22770	4296	37	4	1	34	0.000175639	22774	0.999956	FALSE	NA	NA	NA	NA	NA	NA
NC_045512.2	29284	C	T	22550	4341	37	1	0	34	4.43439e-05	22551	1	FALSE	NA	NA	NA	NA	NA	NA
NC_045512.2	29284	C	+A	22550	4341	37	1	0	20	4.43439e-05	22551	1	FALSE	NA	NA	NA	NA	NA	NA
NC_045512.2	29286	A	T	22396	4283	37	2	1	68	8.92777e-05	22402	0.249961	FALSE	NA	NA	NA	NA	NA	NA
NC_045512.2	29286	A	G	22396	4283	37	4	0	34	0.000178555	22402	0.999956	FALSE	NA	NA	NA	NA	NA	NA
NC_045512.2	29289	T	C	22234	4182	37	1	0	34	4.49741e-05	22235	1	FALSE	NA	NA	NA	NA	NA	NA
NC_045512.2	29292	A	G	21923	4385	37	4	0	40	0.000182423	21927	0.343761	FALSE	NA	NA	NA	NA	NA	NA
NC_045512.2	29293	T	G	21738	4246	37	1	0	34	4.59939e-05	21742	1	FALSE	NA	NA	NA	NA	NA	NA
NC_045512.2	29293	T	C	21738	4246	37	2	0	34	9.19879e-05	21742	0.999997	FALSE	NA	NA	NA	NA	NA	NA
NC_045512.2	29293	T	A	21738	4246	37	1	1	34	4.59939e-05	21742	1	FALSE	NA	NA	NA	NA	NA	NA
NC_045512.2	29294	G	T	21892	4366	37	1	0	34	4.56767e-05	21893	1	FALSE	NA	NA	NA	NA	NA	NA
NC_045512.2	29295	A	T	21838	4378	37	1	0	26	4.57834e-05	21842	1	FALSE	NA	NA	NA	NA	NA	NA
NC_045512.2	29295	A	G	21838	4378	37	3	0	34	0.00013735	21842	0.999982	FALSE	NA	NA	NA	NA	NA	NA
NC_045512.2	29297	A	T	20785	4620	37	3	0	26	0.000144293	20791	1	FALSE	NA	NA	NA	NA	NA	NA
NC_045512.2	29297	A	G	20785	4620	37	3	3	34	0.000144293	20791	0.999967	FALSE	NA	NA	NA	NA	NA	NA
NC_045512.2	29298	A	G	20925	4671	37	3	1	30	0.000143349	20928	0.999967	FALSE	NA	NA	NA	NA	NA	NA
NC_045512.2	29299	A	G	20424	4575	36	3	0	34	0.000146864	20427	0.999967	FALSE	NA	NA	NA	NA	NA	NA
NC_045512.2	29300	G	T	20879	4552	37	2	0	34	9.57763e-05	20882	0.999995	FALSE	NA	NA	NA	NA	NA	NA
NC_045512.2	29300	G	C	20879	4552	37	1	0	26	4.78881e-05	20882	1	FALSE	NA	NA	NA	NA	NA	NA
NC_045512.2	29301	A	T	19717	4832	36	1	0	26	5.07125e-05	19719	1	FALSE	NA	NA	NA	NA	NA	NA
NC_045512.2	29301	A	G	19717	4832	36	1	0	26	5.07125e-05	19719	1	FALSE	NA	NA	NA	NA	NA	NA
NC_045512.2	29302	T	C	20880	4816	37	1	0	34	4.78904e-05	20881	1	FALSE	NA	NA	NA	NA	NA	NA
NC_045512.2	29304	C	T	20296	4838	37	3	0	34	0.000147776	20301	0.999967	FALSE	NA	NA	NA	NA	NA	NA
NC_045512.2	29304	C	G	20296	4838	37	1	1	34	4.92587e-05	20301	1	FALSE	NA	NA	NA	NA	NA	NA
NC_045512.2	29304	C	A	20296	4838	37	1	0	34	4.92587e-05	20301	1	FALSE	NA	NA	NA	NA	NA	NA
NC_045512.2	29305	A	G	20272	4824	37	3	0	54	0.000147965	20275	0.125	FALSE	NA	NA	NA	NA	NA	NA
NC_045512.2	29306	A	G	19737	5038	36	1	0	34	5.06637e-05	19738	0.999999	FALSE	NA	NA	NA	NA	NA	NA
NC_045512.2	29307	A	T	20081	5087	37	1	0	34	4.97958e-05	20082	1	FALSE	NA	NA	NA	NA	NA	NA
NC_045512.2	29309	T	C	20124	5163	37	1	1	34	4.9687e-05	20126	1	FALSE	NA	NA	NA	NA	NA	NA
NC_045512.2	29309	T	A	20124	5163	37	1	0	34	4.9687e-05	20126	1	FALSE	NA	NA	NA	NA	NA	NA
NC_045512.2	29310	T	C	20223	5312	37	1	1	34	4.94438e-05	20225	1	FALSE	NA	NA	NA	NA	NA	NA
NC_045512.2	29310	T	A	20223	5312	37	1	0	34	4.94438e-05	20225	1	FALSE	NA	NA	NA	NA	NA	NA
NC_045512.2	29311	C	T	20168	5461	37	1	0	34	4.95786e-05	20170	1	FALSE	NA	NA	NA	NA	NA	NA
NC_045512.2	29311	C	A	20168	5461	37	1	0	34	4.95786e-05	20170	1	FALSE	NA	NA	NA	NA	NA	NA
NC_045512.2	29312	A	G	20096	5413	37	4	1	34	0.000199005	20100	0.999862	FALSE	NA	NA	NA	NA	NA	NA
NC_045512.2	29313	A	G	19780	5464	37	2	1	30	0.000101102	19782	0.99999	FALSE	NA	NA	NA	NA	NA	NA
NC_045512.2	29314	A	T	19497	5481	36	1	0	26	5.12847e-05	19499	1	FALSE	NA	NA	NA	NA	NA	NA
NC_045512.2	29314	A	G	19497	5481	36	1	0	68	5.12847e-05	19499	0.5	FALSE	NA	NA	NA	NA	NA	NA
NC_045512.2	29316	A	G	19819	6226	37	2	0	30	0.000100903	19821	0.99999	FALSE	NA	NA	NA	NA	NA	NA
NC_045512.2	29317	T	A	20190	6249	37	1	1	26	4.9527e-05	20191	1	FALSE	NA	NA	NA	NA	NA	NA
NC_045512.2	29318	C	T	19858	6306	37	1	0	34	5.03525e-05	19860	0.999999	FALSE	NA	NA	NA	NA	NA	NA
NC_045512.2	29318	C	G	19858	6306	37	1	0	26	5.03525e-05	19860	1	FALSE	NA	NA	NA	NA	NA	NA
NC_045512.2	29319	A	T	19879	6293	37	2	0	34	0.000100599	19881	0.99999	FALSE	NA	NA	NA	NA	NA	NA
NC_045512.2	29320	A	T	19885	6292	37	1	1	26	5.0279e-05	19889	1	FALSE	NA	NA	NA	NA	NA	NA
NC_045512.2	29320	A	G	19885	6292	37	3	1	34	0.000150837	19889	0.99994	FALSE	NA	NA	NA	NA	NA	NA
NC_045512.2	29321	G	C	19835	6318	37	1	1	34	5.04083e-05	19838	0.999999	FALSE	NA	NA	NA	NA	NA	NA
NC_045512.2	29321	G	A	19835	6318	37	2	1	34	0.000100817	19838	0.99999	FALSE	NA	NA	NA	NA	NA	NA
NC_045512.2	29322	T	C	19774	6299	37	3	0	34	0.000151684	19778	0.99994	FALSE	NA	NA	NA	NA	NA	NA
NC_045512.2	29322	T	A	19774	6299	37	1	0	38	5.05612e-05	19778	0.999999	FALSE	NA	NA	NA	NA	NA	NA
NC_045512.2	29324	A	-T	20548	7407	38	3	0	20	0.000146	20548	1	FALSE	NA	NA	NA	NA	NA	NA
NC_045512.2	29326	T	C	19921	7578	38	1	0	34	5.01958e-05	19922	0.999999	FALSE	NA	NA	NA	NA	NA	NA
NC_045512.2	29327	T	C	20124	7774	38	2	2	34	9.93739e-05	20126	0.999995	FALSE	NA	NA	NA	NA	NA	NA
NC_045512.2	29328	T	C	20021	7785	38	1	0	34	4.99451e-05	20022	1	FALSE	NA	NA	NA	NA	NA	NA
NC_045512.2	29329	G	T	19960	7689	38	1	1	68	5.00977e-05	19961	0.500013	FALSE	NA	NA	NA	NA	NA	NA
NC_045512.2	29330	C	T	19755	7988	38	51	15	35	0.00257498	19806	8.20213e-05	TRUE	NA	NA	NA	NA	NA	NA
NC_045512.2	29331	T	C	19917	7994	38	4	1	34	0.000200783	19922	0.999757	FALSE	NA	NA	NA	NA	NA	NA
NC_045512.2	29331	T	A	19917	7994	38	1	1	26	5.01958e-05	19922	1	FALSE	NA	NA	NA	NA	NA	NA
NC_045512.2	29332	G	T	20474	7990	38	1	0	34	4.884e-05	20475	1	FALSE	NA	NA	NA	NA	NA	NA
NC_045512.2	29333	A	G	20457	7964	38	3	2	45	0.000146628	20460	0.500023	FALSE	NA	NA	NA	NA	NA	NA
NC_045512.2	29336	A	T	19741	8443	38	3	0	31	0.000151945	19744	0.99994	FALSE	NA	NA	NA	NA	NA	NA
NC_045512.2	29337	A	T	19991	8456	38	3	2	34	0.000150045	19994	0.99994	FALSE	NA	NA	NA	NA	NA	NA
NC_045512.2	29338	G	A	20576	8410	38	3	2	34	0.00014578	20579	0.999967	FALSE	NA	NA	NA	NA	NA	NA
NC_045512.2	29340	A	T	20742	8518	38	1	0	26	4.82067e-05	20744	1	FALSE	NA	NA	NA	NA	NA	NA
NC_045512.2	29340	A	G	20742	8518	38	1	0	34	4.82067e-05	20744	1	FALSE	NA	NA	NA	NA	NA	NA
NC_045512.2	29341	T	C	19425	7322	36	2	0	51	0.00010295	19427	0.250006	FALSE	NA	NA	NA	NA	NA	NA
NC_045512.2	29342	A	T	20130	8333	38	2	1	30	9.93443e-05	20132	0.999995	FALSE	NA	NA	NA	NA	NA	NA
NC_045512.2	29342	A	-T	20130	8333	38	1	0	20	4.96722e-05	20132	1	FALSE	NA	NA	NA	NA	NA	NA
NC_045512.2	29343	T	G	19692	8189	37	1	0	34	5.07743e-05	19695	0.999999	FALSE	NA	NA	NA	NA	NA	NA
NC_045512.2	29343	T	C	19692	8189	37	1	0	34	5.07743e-05	19695	0.999999	FALSE	NA	NA	NA	NA	NA	NA
NC_045512.2	29343	T	A	19692	8189	37	1	0	34	5.07743e-05	19695	0.999999	FALSE	NA	NA	NA	NA	NA	NA
NC_045512.2	29344	T	C	19881	8462	38	5	2	40	0.000251421	19887	0.109357	FALSE	NA	NA	NA	NA	NA	NA
NC_045512.2	29344	T	A	19881	8462	38	1	0	34	5.02841e-05	19887	0.999999	FALSE	NA	NA	NA	NA	NA	NA
NC_045512.2	29345	G	C	20005	8405	38	1	1	34	4.99775e-05	20009	1	FALSE	NA	NA	NA	NA	NA	NA
NC_045512.2	29345	G	A	20005	8405	38	3	3	31	0.000149933	20009	0.999967	FALSE	NA	NA	NA	NA	NA	NA
NC_045512.2	29346	A	T	19877	8404	38	2	2	34	0.000100609	19879	0.99999	FALSE	NA	NA	NA	NA	NA	NA
NC_045512.2	29347	C	T	19860	8362	38	5	1	34	0.000251699	19865	0.999231	FALSE	NA	NA	NA	NA	NA	NA
NC_045512.2	29348	G	C	19755	8250	38	1	1	34	5.05996e-05	19763	0.999999	FALSE	NA	NA	NA	NA	NA	NA
NC_045512.2	29348	G	A	19755	8250	38	7	7	31	0.000354197	19763	0.995334	FALSE	NA	NA	NA	NA	NA	NA
NC_045512.2	29350	A	T	19694	8226	38	1	0	26	5.07743e-05	19695	1	FALSE	NA	NA	NA	NA	NA	NA
NC_045512.2	29351	T	C	19863	8419	38	1	1	34	5.03423e-05	19864	0.999999	FALSE	NA	NA	NA	NA	NA	NA
NC_045512.2	29352	A	G	19683	8474	38	1	1	34	5.08027e-05	19684	0.999999	FALSE	NA	NA	NA	NA	NA	NA
NC_045512.2	29354	A	G	20137	9022	38	3	3	34	0.000148957	20140	0.999967	FALSE	NA	NA	NA	NA	NA	NA
NC_045512.2	29357	A	C	20880	9930	38	1	0	34	4.78904e-05	20881	1	FALSE	NA	NA	NA	NA	NA	NA
NC_045512.2	29358	C	G	20962	9967	39	2	0	51	9.54016e-05	20964	0.250006	FALSE	NA	NA	NA	NA	NA	NA
NC_045512.2	29359	A	G	20650	9791	39	1	0	34	4.84238e-05	20651	1	FALSE	NA	NA	NA	NA	NA	NA
NC_045512.2	29360	T	C	20703	9888	39	2	1	30	9.65904e-05	20706	0.999995	FALSE	NA	NA	NA	NA	NA	NA
NC_045512.2	29360	T	A	20703	9888	39	1	1	34	4.82952e-05	20706	1	FALSE	NA	NA	NA	NA	NA	NA
NC_045512.2	29361	T	C	20709	10141	39	1	1	34	4.82859e-05	20710	1	FALSE	NA	NA	NA	NA	NA	NA
NC_045512.2	29364	C	T	21643	10782	39	2	0	34	9.24001e-05	21645	0.999997	FALSE	NA	NA	NA	NA	NA	NA
NC_045512.2	29366	C	T	18895	11541	37	1	1	34	5.29213e-05	18896	0.999998	FALSE	NA	NA	NA	NA	NA	NA
NC_045512.2	29367	C	T	18780	11561	37	2	2	34	0.000106485	18782	0.99998	FALSE	NA	NA	NA	NA	NA	NA
NC_045512.2	29368	A	G	18850	11599	37	2	2	34	0.00010609	18852	0.99998	FALSE	NA	NA	NA	NA	NA	NA
NC_045512.2	29369	A	G	18376	11676	36	1	0	60	5.44158e-05	18377	0.500014	FALSE	NA	NA	NA	NA	NA	NA
NC_045512.2	29370	C	T	18501	11718	36	1	0	68	5.40365e-05	18506	0.499959	FALSE	NA	NA	NA	NA	NA	NA
NC_045512.2	29370	C	A	18501	11718	36	4	4	34	0.000216146	18506	0.999574	FALSE	NA	NA	NA	NA	NA	NA
NC_045512.2	29371	A	G	18041	11311	36	2	2	34	0.000110846	18043	0.99998	FALSE	NA	NA	NA	NA	NA	NA
NC_045512.2	29372	G	C	16993	11411	35	2	2	30	0.000117682	16995	0.999928	FALSE	NA	NA	NA	NA	NA	NA
NC_045512.2	29374	G	C	16970	11104	36	1	1	26	5.8924e-05	16971	1	FALSE	NA	NA	NA	NA	NA	NA
NC_045512.2	29376	C	A	17168	11431	36	1	1	34	5.82445e-05	17169	0.999996	FALSE	NA	NA	NA	NA	NA	NA
NC_045512.2	29377	T	C	17240	11516	36	5	0	34	0.000289922	17246	0.997834	FALSE	NA	NA	NA	NA	NA	NA
NC_045512.2	29377	T	A	17240	11516	36	1	1	34	5.79845e-05	17246	0.999996	FALSE	NA	NA	NA	NA	NA	NA
NC_045512.2	29377	T	-A	17240	11516	36	9	0	20	0.00052186	17246	1	FALSE	NA	NA	NA	NA	NA	NA
NC_045512.2	29378	A	G	17217	11483	36	8	6	38	0.000464441	17225	0.978335	FALSE	NA	NA	NA	NA	NA	NA
NC_045512.2	29379	A	G	17321	11571	36	1	0	34	5.77301e-05	17322	0.999996	FALSE	NA	NA	NA	NA	NA	NA
NC_045512.2	29382	A	G	17065	11515	36	5	2	34	0.000292912	17070	0.997835	FALSE	NA	NA	NA	NA	NA	NA
NC_045512.2	29383	G	C	16483	10970	36	1	1	34	6.06649e-05	16484	0.999992	FALSE	NA	NA	NA	NA	NA	NA
NC_045512.2	29385	A	T	16652	11169	36	1	1	34	6.00492e-05	16653	0.999992	FALSE	NA	NA	NA	NA	NA	NA
NC_045512.2	29386	C	-A	16647	11216	36	1	0	20	6.00709e-05	16647	1	FALSE	NA	NA	NA	NA	NA	NA
NC_045512.2	29387	A	G	16495	11096	36	1	0	34	6.06208e-05	16496	0.999992	FALSE	NA	NA	NA	NA	NA	NA
NC_045512.2	29388	A	G	16613	11157	36	1	0	34	6.01902e-05	16614	0.999992	FALSE	NA	NA	NA	NA	NA	NA
NC_045512.2	29389	A	G	16554	11340	35	1	1	34	6.04047e-05	16555	0.999992	FALSE	NA	NA	NA	NA	NA	NA
NC_045512.2	29390	A	G	16878	11464	36	2	2	34	0.000118483	16880	0.999928	FALSE	NA	NA	NA	NA	NA	NA
NC_045512.2	29391	A	G	16718	11551	36	3	2	34	0.000179415	16721	0.999637	FALSE	NA	NA	NA	NA	NA	NA
NC_045512.2	29393	A	G	16446	11493	35	1	0	34	6.08014e-05	16447	0.999992	FALSE	NA	NA	NA	NA	NA	NA
NC_045512.2	29395	G	-A	16824	11502	36	1	0	20	5.94389e-05	16824	1	FALSE	NA	NA	NA	NA	NA	NA
NC_045512.2	29400	C	T	17289	12120	36	5	5	32	0.000289118	17294	0.997835	FALSE	NA	NA	NA	NA	NA	NA
NC_045512.2	29401	T	C	16846	11670	36	2	2	34	0.000118708	16848	0.999928	FALSE	NA	NA	NA	NA	NA	NA
NC_045512.2	29404	T	C	17452	12172	36	2	1	34	0.000114587	17454	0.999962	FALSE	NA	NA	NA	NA	NA	NA
NC_045512.2	29406	A	G	17465	12237	36	2	2	30	0.000114502	17467	0.999962	FALSE	NA	NA	NA	NA	NA	NA
NC_045512.2	29407	A	T	17354	12144	36	1	0	26	5.76103e-05	17358	1	FALSE	NA	NA	NA	NA	NA	NA
NC_045512.2	29407	A	G	17354	12144	36	3	3	34	0.000172831	17358	0.999799	FALSE	NA	NA	NA	NA	NA	NA
NC_045512.2	29409	C	T	20588	15691	37	1	1	34	4.85696e-05	20589	1	FALSE	NA	NA	NA	NA	NA	NA
NC_045512.2	29412	A	G	20220	15386	37	3	3	34	0.000148346	20223	0.999967	FALSE	NA	NA	NA	NA	NA	NA
NC_045512.2	29413	A	T	20239	15372	37	1	1	34	4.93998e-05	20243	1	FALSE	NA	NA	NA	NA	NA	NA
NC_045512.2	29413	A	G	20239	15372	37	2	2	34	9.87996e-05	20243	0.999995	FALSE	NA	NA	NA	NA	NA	NA
NC_045512.2	29413	A	C	20239	15372	37	1	1	34	4.93998e-05	20243	1	FALSE	NA	NA	NA	NA	NA	NA
NC_045512.2	29414	G	T	20271	15350	37	1	0	34	4.93291e-05	20272	1	FALSE	NA	NA	NA	NA	NA	NA
NC_045512.2	29415	C	T	21388	16423	37	3	3	31	0.000140246	21391	0.999982	FALSE	NA	NA	NA	NA	NA	NA
NC_045512.2	29417	T	C	21037	16045	38	1	1	34	4.7533e-05	21038	1	FALSE	NA	NA	NA	NA	NA	NA
NC_045512.2	29419	A	T	12609	10559	38	13117	10990	39	0.509814	25729	0	TRUE	NA	NA	NA	NA	NA	NA
NC_045512.2	29419	A	C	12609	10559	38	3	3	34	0.0001166	25729	0.998516	FALSE	NA	NA	NA	NA	NA	NA
NC_045512.2	29420	C	T	26497	22490	39	1	0	34	3.77387e-05	26498	1	FALSE	NA	NA	NA	NA	NA	NA
NC_045512.2	29421	C	T	26547	22532	39	1	1	34	3.76662e-05	26549	1	FALSE	NA	NA	NA	NA	NA	NA
NC_045512.2	29421	C	G	26547	22532	39	1	1	34	3.76662e-05	26549	1	FALSE	NA	NA	NA	NA	NA	NA
NC_045512.2	29422	G	C	26333	22318	39	1	1	34	3.79564e-05	26346	1	FALSE	NA	NA	NA	NA	NA	NA
NC_045512.2	29422	G	A	26333	22318	39	12	7	39	0.000455477	26346	0.99309	FALSE	NA	NA	NA	NA	NA	NA
NC_045512.2	29423	C	T	26393	22389	39	1	1	34	3.78874e-05	26394	1	FALSE	NA	NA	NA	NA	NA	NA
NC_045512.2	29424	A	G	24964	20965	40	1	1	34	4.00561e-05	24965	1	FALSE	NA	NA	NA	NA	NA	NA
NC_045512.2	29426	A	G	24815	20874	39	1	1	68	4.02966e-05	24816	0.50001	FALSE	NA	NA	NA	NA	NA	NA
NC_045512.2	29427	G	C	24893	20902	40	1	1	26	4.01687e-05	24895	1	FALSE	NA	NA	NA	NA	NA	NA
NC_045512.2	29427	G	A	24893	20902	40	1	1	68	4.01687e-05	24895	0.5	FALSE	NA	NA	NA	NA	NA	NA
NC_045512.2	29428	A	G	24487	20792	38	2	2	34	8.1666e-05	24490	1	FALSE	NA	NA	NA	NA	NA	NA
NC_045512.2	29428	A	C	24487	20792	38	1	1	34	4.0833e-05	24490	1	FALSE	NA	NA	NA	NA	NA	NA
NC_045512.2	29429	C	A	24801	20836	40	1	1	34	4.03193e-05	24802	1	FALSE	NA	NA	NA	NA	NA	NA
NC_045512.2	29430	A	T	24521	20584	40	8	8	34	0.000326065	24535	0.99895	FALSE	NA	NA	NA	NA	NA	NA
NC_045512.2	29430	A	G	24521	20584	40	3	3	34	0.000122274	24535	0.999997	FALSE	NA	NA	NA	NA	NA	NA
NC_045512.2	29430	A	C	24521	20584	40	3	3	34	0.000122274	24535	0.999997	FALSE	NA	NA	NA	NA	NA	NA
NC_045512.2	29432	A	G	24446	20504	40	2	2	34	8.18063e-05	24448	1	FALSE	NA	NA	NA	NA	NA	NA
NC_045512.2	29433	A	G	24296	20694	39	4	3	42	0.000164609	24300	0.34376	FALSE	NA	NA	NA	NA	NA	NA
NC_045512.2	29435	A	G	24102	20521	39	1	1	34	4.14886e-05	24103	1	FALSE	NA	NA	NA	NA	NA	NA
NC_045512.2	29436	A	G	23654	20083	39	2	2	46	8.45451e-05	23656	0.687524	FALSE	NA	NA	NA	NA	NA	NA
NC_045512.2	29437	A	G	23844	20296	39	1	0	34	4.19375e-05	23845	1	FALSE	NA	NA	NA	NA	NA	NA
NC_045512.2	29439	A	G	23317	20175	38	4	3	42	0.000171519	23321	0.34376	FALSE	NA	NA	NA	NA	NA	NA
NC_045512.2	29440	G	C	23178	20046	38	1	1	34	4.31369e-05	23182	1	FALSE	NA	NA	NA	NA	NA	NA
NC_045512.2	29440	G	A	23178	20046	38	3	2	31	0.000129411	23182	0.999995	FALSE	NA	NA	NA	NA	NA	NA
NC_045512.2	29441	C	T	23260	20292	38	1	1	68	4.29904e-05	23261	0.500011	FALSE	NA	NA	NA	NA	NA	NA
NC_045512.2	29442	A	G	23122	20173	38	6	3	38	0.000259426	23128	0.999728	FALSE	NA	NA	NA	NA	NA	NA
NC_045512.2	29443	A	G	23093	20138	38	2	1	30	8.65988e-05	23095	0.999999	FALSE	NA	NA	NA	NA	NA	NA
NC_045512.2	29444	A	C	22241	20010	36	1	1	26	4.496e-05	22242	1	FALSE	NA	NA	NA	NA	NA	NA
NC_045512.2	29446	T	C	21827	18998	38	1	1	34	4.58106e-05	21829	1	FALSE	NA	NA	NA	NA	NA	NA
NC_045512.2	29446	T	A	21827	18998	38	1	1	26	4.58106e-05	21829	1	FALSE	NA	NA	NA	NA	NA	NA
NC_045512.2	29447	G	C	22798	19975	38	2	2	34	8.77155e-05	22801	0.999999	FALSE	NA	NA	NA	NA	NA	NA
NC_045512.2	29447	G	A	22798	19975	38	1	1	34	4.38577e-05	22801	1	FALSE	NA	NA	NA	NA	NA	NA
NC_045512.2	29448	T	C	22503	19687	38	3	3	34	0.000133292	22507	0.99999	FALSE	NA	NA	NA	NA	NA	NA
NC_045512.2	29448	T	A	22503	19687	38	1	1	68	4.44306e-05	22507	0.499978	FALSE	NA	NA	NA	NA	NA	NA
NC_045512.2	29449	G	C	22651	19831	38	1	1	34	4.41462e-05	22652	1	FALSE	NA	NA	NA	NA	NA	NA
NC_045512.2	29450	A	T	22398	19684	38	1	1	34	4.46429e-05	22400	1	FALSE	NA	NA	NA	NA	NA	NA
NC_045512.2	29450	A	G	22398	19684	38	1	1	34	4.46429e-05	22400	1	FALSE	NA	NA	NA	NA	NA	NA
NC_045512.2	29451	C	T	22448	20003	38	3	3	34	0.000133624	22451	0.99999	FALSE	NA	NA	NA	NA	NA	NA
NC_045512.2	29452	T	A	21661	19178	37	1	1	26	4.61638e-05	21662	1	FALSE	NA	NA	NA	NA	NA	NA
NC_045512.2	29454	T	C	21408	18976	38	2	2	34	9.34143e-05	21410	0.999997	FALSE	NA	NA	NA	NA	NA	NA
NC_045512.2	29455	T	C	19586	17155	35	1	1	34	5.10543e-05	19587	0.999999	FALSE	NA	NA	NA	NA	NA	NA
NC_045512.2	29456	C	G	21237	18888	38	1	1	34	4.70854e-05	21238	1	FALSE	NA	NA	NA	NA	NA	NA
NC_045512.2	29457	T	C	20225	17891	38	6	6	34	0.00029656	20232	0.998757	FALSE	NA	NA	NA	NA	NA	NA
NC_045512.2	29457	T	A	20225	17891	38	1	1	34	4.94267e-05	20232	1	FALSE	NA	NA	NA	NA	NA	NA
NC_045512.2	29458	T	G	19084	16759	36	1	1	34	5.23725e-05	19094	0.999999	FALSE	NA	NA	NA	NA	NA	NA
NC_045512.2	29458	T	C	19084	16759	36	7	6	38	0.000366607	19094	0.99533	FALSE	NA	NA	NA	NA	NA	NA
NC_045512.2	29458	T	A	19084	16759	36	2	2	34	0.000104745	19094	0.99999	FALSE	NA	NA	NA	NA	NA	NA
NC_045512.2	29459	C	G	20111	17818	38	1	1	34	4.97216e-05	20112	1	FALSE	NA	NA	NA	NA	NA	NA
NC_045512.2	29459	C	-CTG	20111	17818	38	1	0	20	4.97216e-05	20112	1	FALSE	NA	NA	NA	NA	NA	NA
NC_045512.2	29460	C	G	19543	17525	37	1	1	34	5.11666e-05	19544	0.999999	FALSE	NA	NA	NA	NA	NA	NA
NC_045512.2	29461	T	A	19358	17339	37	1	1	26	5.16556e-05	19359	1	FALSE	NA	NA	NA	NA	NA	NA
NC_045512.2	29462	G	T	18982	16970	37	1	1	34	5.26787e-05	18983	0.999998	FALSE	NA	NA	NA	NA	NA	NA
NC_045512.2	29463	C	G	18858	17245	37	1	1	34	5.30251e-05	18859	0.999998	FALSE	NA	NA	NA	NA	NA	NA
NC_045512.2	29464	T	G	18184	16588	37	1	1	34	5.49813e-05	18188	0.999998	FALSE	NA	NA	NA	NA	NA	NA
NC_045512.2	29464	T	C	18184	16588	37	2	1	29	0.000109963	18188	1	FALSE	NA	NA	NA	NA	NA	NA
NC_045512.2	29464	T	A	18184	16588	37	1	1	34	5.49813e-05	18188	0.999998	FALSE	NA	NA	NA	NA	NA	NA
NC_045512.2	29465	G	T	18114	16513	37	1	1	34	5.51785e-05	18123	0.999998	FALSE	NA	NA	NA	NA	NA	NA
NC_045512.2	29465	G	C	18114	16513	37	6	6	34	0.000331071	18123	0.996701	FALSE	NA	NA	NA	NA	NA	NA
NC_045512.2	29465	G	A	18114	16513	37	2	1	68	0.000110357	18123	0.24991	FALSE	NA	NA	NA	NA	NA	NA
NC_045512.2	29466	C	G	18138	16566	37	1	1	34	5.51298e-05	18139	0.999998	FALSE	NA	NA	NA	NA	NA	NA
NC_045512.2	29467	A	T	17999	16431	37	1	1	34	5.55525e-05	18001	0.999998	FALSE	NA	NA	NA	NA	NA	NA
NC_045512.2	29467	A	G	17999	16431	37	1	1	34	5.55525e-05	18001	0.999998	FALSE	NA	NA	NA	NA	NA	NA
NC_045512.2	29469	A	T	17913	16444	36	1	1	34	5.5816e-05	17916	0.999996	FALSE	NA	NA	NA	NA	NA	NA
NC_045512.2	29469	A	G	17913	16444	36	1	1	34	5.5816e-05	17916	0.999996	FALSE	NA	NA	NA	NA	NA	NA
NC_045512.2	29469	A	C	17913	16444	36	1	1	34	5.5816e-05	17916	0.999996	FALSE	NA	NA	NA	NA	NA	NA
NC_045512.2	29469	A	-T	17913	16444	36	1	0	20	5.5816e-05	17916	1	FALSE	NA	NA	NA	NA	NA	NA
NC_045512.2	29470	T	C	17756	16292	36	1	0	68	5.63158e-05	17757	0.5	FALSE	NA	NA	NA	NA	NA	NA
NC_045512.2	29471	T	C	17469	16008	36	3	2	45	0.000171703	17472	0.312511	FALSE	NA	NA	NA	NA	NA	NA
NC_045512.2	29473	G	T	17519	16066	36	4	4	34	0.000228271	17523	0.999258	FALSE	NA	NA	NA	NA	NA	NA
NC_045512.2	29474	G	A	17501	16073	36	4	4	34	0.000228506	17505	0.999258	FALSE	NA	NA	NA	NA	NA	NA
NC_045512.2	29475	A	G	17424	16202	36	3	3	34	0.000172127	17429	0.999799	FALSE	NA	NA	NA	NA	NA	NA
NC_045512.2	29475	A	C	17424	16202	36	2	2	34	0.000114751	17429	0.999962	FALSE	NA	NA	NA	NA	NA	NA
NC_045512.2	29476	T	G	17388	16168	36	1	1	27	5.75076e-05	17389	1	FALSE	NA	NA	NA	NA	NA	NA
NC_045512.2	29477	G	A	17026	15819	36	1	1	68	5.87303e-05	17027	0.500015	FALSE	NA	NA	NA	NA	NA	NA
NC_045512.2	29479	T	G	16885	15698	36	1	0	20	5.92171e-05	16887	1	FALSE	NA	NA	NA	NA	NA	NA
NC_045512.2	29479	T	C	16885	15698	36	1	1	34	5.92171e-05	16887	0.999992	FALSE	NA	NA	NA	NA	NA	NA
NC_045512.2	29480	T	C	17379	15679	36	3	2	45	0.000172592	17382	0.312511	FALSE	NA	NA	NA	NA	NA	NA
NC_045512.2	29481	T	C	16062	14331	34	1	1	34	6.22549e-05	16063	0.999992	FALSE	NA	NA	NA	NA	NA	NA
NC_045512.2	29482	C	T	17392	15642	36	1	1	34	5.74944e-05	17393	0.999996	FALSE	NA	NA	NA	NA	NA	NA
NC_045512.2	29483	T	C	17341	15593	36	1	1	34	5.76635e-05	17342	0.999996	FALSE	NA	NA	NA	NA	NA	NA
NC_045512.2	29484	C	T	17287	15554	36	1	1	34	5.78436e-05	17288	0.999996	FALSE	NA	NA	NA	NA	NA	NA
NC_045512.2	29486	A	G	17117	15351	36	7	7	34	0.000408783	17124	0.988699	FALSE	NA	NA	NA	NA	NA	NA
NC_045512.2	29487	A	G	17159	15417	36	3	3	34	0.000174805	17162	0.9998	FALSE	NA	NA	NA	NA	NA	NA
NC_045512.2	29488	A	G	17085	15339	35	1	1	34	5.85274e-05	17086	0.999996	FALSE	NA	NA	NA	NA	NA	NA
NC_045512.2	29490	A	G	17026	15124	36	1	1	34	5.87268e-05	17028	0.999996	FALSE	NA	NA	NA	NA	NA	NA
NC_045512.2	29490	A	C	17026	15124	36	1	1	34	5.87268e-05	17028	0.999996	FALSE	NA	NA	NA	NA	NA	NA
NC_045512.2	29491	A	T	16865	14983	36	1	1	60	5.92909e-05	16866	0.500015	FALSE	NA	NA	NA	NA	NA	NA
NC_045512.2	29493	T	C	16724	14978	36	2	1	34	0.000119574	16726	0.999928	FALSE	NA	NA	NA	NA	NA	NA
NC_045512.2	29494	G	A	16771	15010	36	1	1	34	5.96232e-05	16772	0.999992	FALSE	NA	NA	NA	NA	NA	NA
NC_045512.2	29495	C	T	16739	14972	36	2	2	34	0.000119446	16744	0.999928	FALSE	NA	NA	NA	NA	NA	NA
NC_045512.2	29495	C	G	16739	14972	36	3	0	34	0.000179169	16744	0.999637	FALSE	NA	NA	NA	NA	NA	NA
NC_045512.2	29496	A	G	16446	14674	35	2	2	34	0.000121595	16448	0.999928	FALSE	NA	NA	NA	NA	NA	NA
NC_045512.2	29497	A	G	16674	14831	35	1	1	34	5.99628e-05	16677	0.999992	FALSE	NA	NA	NA	NA	NA	NA
NC_045512.2	29497	A	C	16674	14831	35	2	2	34	0.000119926	16677	0.999928	FALSE	NA	NA	NA	NA	NA	NA
NC_045512.2	29499	A	G	15917	14155	35	4	4	34	0.00025124	15921	0.997794	FALSE	NA	NA	NA	NA	NA	NA
NC_045512.2	29500	A	G	16000	14177	35	1	1	34	6.24961e-05	16001	0.999992	FALSE	NA	NA	NA	NA	NA	NA
NC_045512.2	29500	A	+T	16000	14177	35	3	0	20	0.000187488	16001	1	FALSE	NA	NA	NA	NA	NA	NA
NC_045512.2	29501	T	C	16198	14139	35	1	1	34	6.17284e-05	16200	0.999992	FALSE	NA	NA	NA	NA	NA	NA
NC_045512.2	29501	T	A	16198	14139	35	1	1	34	6.17284e-05	16200	0.999992	FALSE	NA	NA	NA	NA	NA	NA
NC_045512.2	29504	A	T	15747	13773	35	1	1	34	6.35001e-05	15748	0.999985	FALSE	NA	NA	NA	NA	NA	NA
NC_045512.2	29505	T	C	15519	13538	35	3	2	28	0.000193274	15522	1	FALSE	NA	NA	NA	NA	NA	NA
NC_045512.2	29506	G	A	15734	13719	35	3	3	34	0.000190634	15737	0.999346	FALSE	NA	NA	NA	NA	NA	NA
NC_045512.2	29507	A	T	15519	13547	35	1	1	34	6.44288e-05	15521	0.999985	FALSE	NA	NA	NA	NA	NA	NA
NC_045512.2	29507	A	G	15519	13547	35	1	1	34	6.44288e-05	15521	0.999985	FALSE	NA	NA	NA	NA	NA	NA
NC_045512.2	29510	A	C	0	0	0	1392	91	35	1	1392	0	TRUE	NA	NA	NA	NA	NA	NA
NC_045512.2	29512	T	C	1638	96	35	1	0	34	0.000610128	1639	0.750229	FALSE	NA	NA	NA	NA	NA	NA
NC_045512.2	29514	C	G	795	111	32	1	0	26	0.00125471	797	0.996162	FALSE	NA	NA	NA	NA	NA	NA
NC_045512.2	29514	C	A	795	111	32	1	1	34	0.00125471	797	0.5	FALSE	NA	NA	NA	NA	NA	NA
NC_045512.2	29517	A	T	953	125	32	1	0	34	0.00104822	954	0.500262	FALSE	NA	NA	NA	NA	NA	NA
NC_045512.2	29518	C	G	883	130	33	18	0	27	0.0199778	901	0.059986	FALSE	NA	NA	NA	NA	NA	NA
NC_045512.2	29519	T	C	1815	118	35	1	0	34	0.000550661	1816	0.750207	FALSE	NA	NA	NA	NA	NA	NA
NC_045512.2	29531	T	C	2316	140	35	4	0	34	0.00172414	2320	0.343851	FALSE	NA	NA	NA	NA	NA	NA
NC_045512.2	29540	G	A	2603	175	36	1	0	34	0.000384025	2604	0.875144	FALSE	NA	NA	NA	NA	NA	NA
NC_045512.2	29541	C	T	2605	185	36	5	0	34	0.00191571	2610	0.226562	FALSE	NA	NA	NA	NA	NA	NA
NC_045512.2	29542	A	G	2686	186	36	1	0	34	0.000372162	2687	0.87514	FALSE	NA	NA	NA	NA	NA	NA
NC_045512.2	29561	G	T	3194	304	37	1	0	34	0.000312989	3195	0.937598	FALSE	NA	NA	NA	NA	NA	NA
NC_045512.2	29564	T	C	3119	332	37	3	0	34	0.000960922	3122	0.656475	FALSE	NA	NA	NA	NA	NA	NA
NC_045512.2	29565	A	G	3300	336	37	1	0	26	0.000302939	3301	1	FALSE	NA	NA	NA	NA	NA	NA
NC_045512.2	29566	T	C	3252	345	37	1	0	34	0.000307409	3253	0.937596	FALSE	NA	NA	NA	NA	NA	NA
NC_045512.2	29567	A	T	3037	354	36	1	0	26	0.000329164	3038	1	FALSE	NA	NA	NA	NA	NA	NA
NC_045512.2	29569	A	T	3037	361	37	1	0	68	0.000329164	3038	0.500082	FALSE	NA	NA	NA	NA	NA	NA
NC_045512.2	29578	C	T	3029	366	37	1	0	68	0.000330033	3030	0.500083	FALSE	NA	NA	NA	NA	NA	NA
NC_045512.2	29580	C	-T	3014	377	37	1	0	20	0.000331785	3014	1	FALSE	NA	NA	NA	NA	NA	NA
NC_045512.2	29581	T	C	2981	374	37	9	0	37	0.00301003	2990	0.0325936	FALSE	NA	NA	NA	NA	NA	NA
NC_045512.2	29583	T	C	2977	384	37	1	0	34	0.000335796	2978	0.875126	FALSE	NA	NA	NA	NA	NA	NA
NC_045512.2	29589	T	C	2934	445	38	2	0	30	0.000681199	2936	0.687692	FALSE	NA	NA	NA	NA	NA	NA
NC_045512.2	29590	T	C	2865	453	37	1	0	34	0.000348918	2866	0.875131	FALSE	NA	NA	NA	NA	NA	NA
NC_045512.2	29596	A	G	2948	633	38	1	0	34	0.000339098	2949	0.875127	FALSE	NA	NA	NA	NA	NA	NA
NC_045512.2	29598	A	T	3028	708	40	1	0	26	0.000330142	3029	1	FALSE	NA	NA	NA	NA	NA	NA
NC_045512.2	29599	T	C	3085	709	40	2	0	30	0.000647878	3087	0.812703	FALSE	NA	NA	NA	NA	NA	NA
NC_045512.2	29610	T	C	3163	805	39	1	0	34	0.000316056	3164	0.937599	FALSE	NA	NA	NA	NA	NA	NA
NC_045512.2	29619	T	C	2893	874	39	1	0	34	0.000345543	2894	0.87513	FALSE	NA	NA	NA	NA	NA	NA
NC_045512.2	29621	A	G	2840	894	38	1	0	34	0.000351989	2841	0.875132	FALSE	NA	NA	NA	NA	NA	NA
NC_045512.2	29629	T	C	2621	998	37	1	0	34	0.000381388	2622	0.875143	FALSE	NA	NA	NA	NA	NA	NA
NC_045512.2	29630	A	T	2675	998	38	2	0	34	0.000747105	2677	0.68771	FALSE	NA	NA	NA	NA	NA	NA
NC_045512.2	29637	T	C	2577	1026	38	1	1	34	0.000387898	2578	0.875145	FALSE	NA	NA	NA	NA	NA	NA
NC_045512.2	29640	C	G	2602	1065	38	1	1	34	0.000384172	2603	0.875144	FALSE	NA	NA	NA	NA	NA	NA
NC_045512.2	29643	A	G	2570	1104	38	1	0	26	0.000388954	2571	1	FALSE	NA	NA	NA	NA	NA	NA
NC_045512.2	29652	T	A	2498	1173	37	1	1	34	0.00040016	2499	0.87515	FALSE	NA	NA	NA	NA	NA	NA
NC_045512.2	29665	T	C	2366	1175	36	1	0	34	0.000422476	2367	0.875158	FALSE	NA	NA	NA	NA	NA	NA
NC_045512.2	29674	G	A	2482	1520	38	2	2	34	0.000805153	2484	0.687727	FALSE	NA	NA	NA	NA	NA	NA
NC_045512.2	29675	C	T	2488	1538	38	1	1	34	0.000401768	2489	0.875151	FALSE	NA	NA	NA	NA	NA	NA
NC_045512.2	29688	G	T	2786	1785	39	1	1	34	0.000358809	2787	0.875135	FALSE	NA	NA	NA	NA	NA	NA
NC_045512.2	29710	T	C	2609	2086	38	2	2	34	0.00076599	2611	0.687716	FALSE	NA	NA	NA	NA	NA	NA
NC_045512.2	29720	A	T	2807	2350	39	1	1	34	0.000355872	2810	0.875	FALSE	NA	NA	NA	NA	NA	NA
NC_045512.2	29720	A	G	2807	2350	39	2	2	34	0.000711744	2810	0.687567	FALSE	NA	NA	NA	NA	NA	NA
NC_045512.2	29733	C	-GAGGCCACGCGGAGTACGATCGAGTG	2692	2338	38	2185	0	20	0.811664	2692	0	TRUE	NA	NA	NA	NA	NA	NA
NC_045512.2	29734	G	T	0	0	0	16	13	34	1	16	5.05938e-39	TRUE	NA	NA	NA	NA	NA	NA
NC_045512.2	29766	G	C	2279	2101	36	1	1	34	0.000438596	2280	0.875164	FALSE	NA	NA	NA	NA	NA	NA
NC_045512.2	29767	A	G	2271	2094	36	1	1	34	0.000440141	2272	0.875165	FALSE	NA	NA	NA	NA	NA	NA
NC_045512.2	29784	C	T	2271	2093	36	1	1	34	0.000440141	2272	0.875165	FALSE	NA	NA	NA	NA	NA	NA
NC_045512.2	29792	A	T	2209	2035	36	2	2	34	0.000904568	2211	0.687755	FALSE	NA	NA	NA	NA	NA	NA
NC_045512.2	29800	G	T	1727	1577	36	1	1	34	0.000578704	1728	0.750217	FALSE	NA	NA	NA	NA	NA	NA
NC_045512.2	29804	T	C	1580	1468	36	1	1	24	0.000632511	1581	0.999985	FALSE	NA	NA	NA	NA	NA	NA
