REGION	POS	REF	ALT	REF_DP	REF_RV	REF_QUAL	ALT_DP	ALT_RV	ALT_QUAL	ALT_FREQ	TOTAL_DP	PVAL	PASS	GFF_FEATURE	REF_CODON	REF_AA	ALT_CODON	ALT_AA	POS_AA
NC_045512.2	14	A	+T	58	0	33	2	0	20	0.0344828	58	0.260831	FALSE	NA	NA	NA	NA	NA	NA
NC_045512.2	14	A	+C	58	0	33	44	0	20	0.758621	58	4.06029e-11	TRUE	NA	NA	NA	NA	NA	NA
NC_045512.2	44	C	T	0	0	0	58	0	33	1	58	3.25668e-34	TRUE	NA	NA	NA	NA	NA	NA
NC_045512.2	86	G	A	58	0	33	1	0	34	0.0169492	59	0.504274	FALSE	NA	NA	NA	NA	NA	NA
NC_045512.2	185	G	A	1762	690	33	1	0	34	0.000567215	1763	0.750213	FALSE	NA	NA	NA	NA	NA	NA
NC_045512.2	187	A	G	1767	693	33	1	1	34	0.000565611	1768	0.750212	FALSE	NA	NA	NA	NA	NA	NA
NC_045512.2	188	G	T	1776	699	33	2	0	34	0.00112486	1778	0.500211	FALSE	NA	NA	NA	NA	NA	NA
NC_045512.2	190	C	G	1767	691	33	1	0	34	0.000565611	1768	0.750212	FALSE	NA	NA	NA	NA	NA	NA
NC_045512.2	191	T	G	1768	691	33	1	0	26	0.000565291	1769	0.999996	FALSE	NA	NA	NA	NA	NA	NA
NC_045512.2	192	G	-C	1761	685	33	2	0	20	0.00113572	1761	0.999964	FALSE	NA	NA	NA	NA	NA	NA
NC_045512.2	192	G	+C	1761	685	33	2	0	20	0.00113572	1761	0.999964	FALSE	NA	NA	NA	NA	NA	NA
NC_045512.2	197	C	T	1758	679	33	4	2	34	0.00226886	1763	0.187323	FALSE	NA	NA	NA	NA	NA	NA
NC_045512.2	197	C	A	1758	679	33	1	0	34	0.000567215	1763	0.749645	FALSE	NA	NA	NA	NA	NA	NA
NC_045512.2	199	G	A	1777	701	33	2	1	34	0.00112423	1779	0.500211	FALSE	NA	NA	NA	NA	NA	NA
NC_045512.2	205	T	A	1775	699	33	1	1	26	0.000563063	1776	0.999996	FALSE	NA	NA	NA	NA	NA	NA
NC_045512.2	217	C	G	1774	700	33	2	0	30	0.00112613	1776	0.500211	FALSE	NA	NA	NA	NA	NA	NA
NC_045512.2	226	A	G	1781	814	37	1	0	34	0.000561167	1782	0.75021	FALSE	NA	NA	NA	NA	NA	NA
NC_045512.2	234	T	G	1789	822	37	1	0	34	0.000558659	1790	0.75021	FALSE	NA	NA	NA	NA	NA	NA
NC_045512.2	236	G	C	1850	816	37	1	1	34	0.000540249	1851	0.750203	FALSE	NA	NA	NA	NA	NA	NA
NC_045512.2	241	C	T	74	7	33	1790	816	37	0.9603	1864	0	TRUE	NA	NA	NA	NA	NA	NA
NC_045512.2	243	T	C	1859	829	37	3	1	30	0.00161117	1862	0.312601	FALSE	NA	NA	NA	NA	NA	NA
NC_045512.2	254	C	G	1860	823	37	2	0	26	0.00107411	1862	0.999981	FALSE	NA	NA	NA	NA	NA	NA
NC_045512.2	256	G	A	1860	821	37	2	1	34	0.00107411	1862	0.500202	FALSE	NA	NA	NA	NA	NA	NA
NC_045512.2	279	T	C	1862	832	37	1	1	27	0.000536769	1863	0.999998	FALSE	NA	NA	NA	NA	NA	NA
NC_045512.2	288	T	C	1858	831	37	1	1	26	0.000537924	1859	0.999998	FALSE	NA	NA	NA	NA	NA	NA
NC_045512.2	294	A	G	1861	831	37	2	1	34	0.00107354	1863	0.500201	FALSE	NA	NA	NA	NA	NA	NA
NC_045512.2	301	A	T	1851	825	37	1	0	34	0.000539957	1852	0.750203	FALSE	NA	NA	NA	NA	NA	NA
NC_045512.2	303	A	G	1857	825	37	2	1	34	0.00107585	1859	0.500202	FALSE	NA	NA	NA	NA	NA	NA
NC_045512.2	310	A	T	1728	828	36	1	0	34	0.000578369	1729	0.750217	FALSE	NA	NA	NA	NA	NA	NA
NC_045512.2	314	A	-G	1825	824	37	1	0	20	0.000547945	1825	0.999998	FALSE	NA	NA	NA	NA	NA	NA
NC_045512.2	319	G	A	1846	952	41	1	1	34	0.000541419	1847	0.750203	FALSE	NA	NA	NA	NA	NA	NA
NC_045512.2	321	C	T	1820	940	41	9	9	33	0.00492072	1829	0.0106821	FALSE	NA	NA	NA	NA	NA	NA
NC_045512.2	337	C	G	477	433	36	1	0	34	0.00209205	478	0.500524	FALSE	NA	NA	NA	NA	NA	NA
NC_045512.2	341	G	C	475	430	36	1	1	34	0.00210084	476	0.500526	FALSE	NA	NA	NA	NA	NA	NA
NC_045512.2	349	A	T	612	477	35	1	1	26	0.00163132	613	0.992365	FALSE	NA	NA	NA	NA	NA	NA
NC_045512.2	393	G	A	381	291	33	1	1	34	0.0026178	382	0.500655	FALSE	NA	NA	NA	NA	NA	NA
NC_045512.2	409	T	-G	647	336	36	1	0	20	0.0015456	647	0.992397	FALSE	NA	NA	NA	NA	NA	NA
NC_045512.2	411	G	A	650	339	36	2	1	68	0.00306748	652	0.250192	FALSE	NA	NA	NA	NA	NA	NA
NC_045512.2	413	A	G	653	343	36	1	1	34	0.00152905	654	0.500383	FALSE	NA	NA	NA	NA	NA	NA
NC_045512.2	413	A	-C	653	343	36	3	0	20	0.00458716	654	0.912029	FALSE	NA	NA	NA	NA	NA	NA
NC_045512.2	414	C	+T	652	342	36	1	0	20	0.00152672	655	0.992271	FALSE	NA	NA	NA	NA	NA	NA
NC_045512.2	434	G	-A	657	344	36	2	0	20	0.00304414	657	0.965752	FALSE	NA	NA	NA	NA	NA	NA
NC_045512.2	439	A	G	655	342	36	2	1	34	0.00304414	657	0.25019	FALSE	NA	NA	NA	NA	NA	NA
NC_045512.2	443	G	-T	656	344	36	4	0	20	0.00609756	656	0.832165	FALSE	NA	NA	NA	NA	NA	NA
NC_045512.2	444	T	G	645	340	36	4	0	34	0.00616333	649	0.0618286	FALSE	NA	NA	NA	NA	NA	NA
NC_045512.2	467	T	C	309	49	39	3	3	34	0.00961538	312	0.124999	FALSE	NA	NA	NA	NA	NA	NA
NC_045512.2	482	C	A	309	126	49	1	1	24	0.00322581	310	0.938507	FALSE	NA	NA	NA	NA	NA	NA
NC_045512.2	500	G	A	764	204	40	1	0	68	0.00130719	765	0.500327	FALSE	NA	NA	NA	NA	NA	NA
NC_045512.2	503	C	T	765	206	40	1	0	34	0.00130548	766	0.500327	FALSE	NA	NA	NA	NA	NA	NA
NC_045512.2	508	T	-G	749	203	39	20	0	20	0.0267023	749	0.0109773	FALSE	NA	NA	NA	NA	NA	NA
NC_045512.2	519	T	C	766	208	40	1	0	38	0.00130378	767	0.500326	FALSE	NA	NA	NA	NA	NA	NA
NC_045512.2	531	T	C	763	206	40	1	0	24	0.0013089	764	0.996185	FALSE	NA	NA	NA	NA	NA	NA
NC_045512.2	534	C	T	764	207	39	1	0	34	0.00130719	765	0.500327	FALSE	NA	NA	NA	NA	NA	NA
NC_045512.2	542	G	A	764	203	39	1	0	34	0.00130719	765	0.500327	FALSE	NA	NA	NA	NA	NA	NA
NC_045512.2	544	A	G	767	209	39	1	0	34	0.00130208	768	0.500326	FALSE	NA	NA	NA	NA	NA	NA
NC_045512.2	578	G	A	1103	362	37	34	0	33	0.0299033	1137	8.39559e-10	TRUE	NA	NA	NA	NA	NA	NA
NC_045512.2	582	T	G	1137	362	37	1	0	26	0.000878735	1138	0.999764	FALSE	NA	NA	NA	NA	NA	NA
NC_045512.2	583	C	T	1136	362	37	1	0	34	0.000879507	1137	0.75033	FALSE	NA	NA	NA	NA	NA	NA
NC_045512.2	584	C	-T	1141	363	37	3	0	20	0.00262927	1141	0.993775	FALSE	NA	NA	NA	NA	NA	NA
NC_045512.2	585	T	G	1137	366	37	2	0	34	0.00175593	1139	0.499342	FALSE	NA	NA	NA	NA	NA	NA
NC_045512.2	586	T	-G	1139	366	37	1	0	20	0.000877963	1139	0.999765	FALSE	NA	NA	NA	NA	NA	NA
NC_045512.2	597	T	C	1137	360	37	2	1	68	0.00175593	1139	0.25011	FALSE	NA	NA	NA	NA	NA	NA
NC_045512.2	607	A	G	1111	364	37	2	0	34	0.00179695	1113	0.500337	FALSE	NA	NA	NA	NA	NA	NA
NC_045512.2	612	T	C	1129	364	37	1	0	34	0.000883392	1132	0.749889	FALSE	NA	NA	NA	NA	NA	NA
NC_045512.2	612	T	A	1129	364	37	2	0	34	0.00176678	1132	0.5	FALSE	NA	NA	NA	NA	NA	NA
NC_045512.2	614	G	T	1138	365	37	1	0	24	0.000877193	1140	0.999763	FALSE	NA	NA	NA	NA	NA	NA
NC_045512.2	614	G	A	1138	365	37	1	0	26	0.000877193	1140	0.999763	FALSE	NA	NA	NA	NA	NA	NA
NC_045512.2	626	G	A	1135	363	37	1	1	34	0.000880282	1136	0.75033	FALSE	NA	NA	NA	NA	NA	NA
NC_045512.2	643	C	T	690	229	33	1	0	34	0.00144718	691	0.500362	FALSE	NA	NA	NA	NA	NA	NA
NC_045512.2	647	A	G	690	226	33	1	0	34	0.00144718	691	0.500362	FALSE	NA	NA	NA	NA	NA	NA
NC_045512.2	652	A	G	694	275	36	2	0	34	0.00287356	696	0.25018	FALSE	NA	NA	NA	NA	NA	NA
NC_045512.2	653	G	A	716	278	37	1	1	26	0.0013947	717	0.996191	FALSE	NA	NA	NA	NA	NA	NA
NC_045512.2	664	C	T	875	629	50	1	1	26	0.00114155	876	0.998097	FALSE	NA	NA	NA	NA	NA	NA
NC_045512.2	668	A	C	876	634	50	1	0	68	0.00114025	877	0.500285	FALSE	NA	NA	NA	NA	NA	NA
NC_045512.2	670	T	G	0	0	0	879	635	50	1	879	0	TRUE	NA	NA	NA	NA	NA	NA
NC_045512.2	672	A	G	977	646	48	2	2	34	0.0020429	979	0.250128	FALSE	NA	NA	NA	NA	NA	NA
NC_045512.2	676	C	T	981	650	48	2	2	34	0.00203459	983	0.250127	FALSE	NA	NA	NA	NA	NA	NA
NC_045512.2	685	A	-AAGTCATTT	980	649	48	145	0	20	0.147959	980	7.93566e-31	TRUE	NA	NA	NA	NA	NA	NA
NC_045512.2	693	T	C	814	537	47	2	1	34	0.00245098	816	0.210963	FALSE	NA	NA	NA	NA	NA	NA
NC_045512.2	694	T	C	837	558	48	1	1	68	0.00119332	838	0.46044	FALSE	NA	NA	NA	NA	NA	NA
NC_045512.2	699	T	C	982	653	48	1	1	34	0.00101729	983	0.500254	FALSE	NA	NA	NA	NA	NA	NA
NC_045512.2	712	T	A	746	426	53	1	1	34	0.00133869	747	0.500335	FALSE	NA	NA	NA	NA	NA	NA
NC_045512.2	732	A	T	570	446	37	145	145	33	0.202797	715	7.28718e-48	TRUE	NA	NA	NA	NA	NA	NA
NC_045512.2	736	T	C	729	595	37	1	1	34	0.00136986	730	0.500343	FALSE	NA	NA	NA	NA	NA	NA
NC_045512.2	740	G	+A	726	640	33	98	0	20	0.134986	726	1.44693e-20	TRUE	NA	NA	NA	NA	NA	NA
NC_045512.2	744	A	C	725	639	33	3	3	34	0.00412088	728	0.125	FALSE	NA	NA	NA	NA	NA	NA
NC_045512.2	775	C	A	955	763	34	1	1	34	0.00104603	956	0.500262	FALSE	NA	NA	NA	NA	NA	NA
NC_045512.2	777	G	A	957	763	34	3	3	34	0.003125	960	0.125	FALSE	NA	NA	NA	NA	NA	NA
NC_045512.2	778	T	C	959	764	34	1	0	34	0.00104167	960	0.500261	FALSE	NA	NA	NA	NA	NA	NA
NC_045512.2	786	T	C	930	749	34	26	14	33	0.0271967	956	1.27158e-08	TRUE	NA	NA	NA	NA	NA	NA
NC_045512.2	801	G	C	955	763	34	2	2	34	0.00208986	957	0.250131	FALSE	NA	NA	NA	NA	NA	NA
NC_045512.2	805	G	T	947	759	34	13	5	47	0.0135276	961	0.000117179	TRUE	NA	NA	NA	NA	NA	NA
NC_045512.2	805	G	A	947	759	34	1	1	34	0.00104058	961	0.496855	FALSE	NA	NA	NA	NA	NA	NA
NC_045512.2	869	A	G	999	545	34	2	1	34	0.001998	1001	0.500375	FALSE	NA	NA	NA	NA	NA	NA
NC_045512.2	876	T	C	1013	542	34	1	1	34	0.000986193	1014	0.75037	FALSE	NA	NA	NA	NA	NA	NA
NC_045512.2	877	T	A	958	484	34	1	1	26	0.00104275	959	0.999051	FALSE	NA	NA	NA	NA	NA	NA
NC_045512.2	879	T	C	1014	542	34	1	1	34	0.000985222	1015	0.75037	FALSE	NA	NA	NA	NA	NA	NA
NC_045512.2	880	A	G	1007	544	34	2	1	34	0.00198216	1009	0.500372	FALSE	NA	NA	NA	NA	NA	NA
NC_045512.2	886	T	C	1017	546	34	2	1	34	0.00196271	1019	0.500368	FALSE	NA	NA	NA	NA	NA	NA
NC_045512.2	894	A	G	1017	546	34	1	0	34	0.000982318	1018	0.750369	FALSE	NA	NA	NA	NA	NA	NA
NC_045512.2	895	A	C	1010	547	34	1	1	26	0.00098912	1011	0.999527	FALSE	NA	NA	NA	NA	NA	NA
NC_045512.2	902	T	G	1020	550	34	1	0	34	0.000979432	1021	0.750367	FALSE	NA	NA	NA	NA	NA	NA
NC_045512.2	907	T	C	999	528	34	2	1	34	0.001998	1001	0.500375	FALSE	NA	NA	NA	NA	NA	NA
NC_045512.2	908	T	C	1015	551	34	2	1	34	0.00196657	1017	0.500369	FALSE	NA	NA	NA	NA	NA	NA
NC_045512.2	915	A	T	1019	548	34	1	1	34	0.000980392	1020	0.750368	FALSE	NA	NA	NA	NA	NA	NA
NC_045512.2	928	T	C	777	417	33	4	2	34	0.00512164	781	0.0624197	FALSE	NA	NA	NA	NA	NA	NA
NC_045512.2	931	T	C	791	430	33	1	1	34	0.00126263	792	0.500316	FALSE	NA	NA	NA	NA	NA	NA
NC_045512.2	942	G	A	783	426	33	5	4	34	0.00634518	788	0.0311506	FALSE	NA	NA	NA	NA	NA	NA
NC_045512.2	948	T	C	778	422	33	10	5	34	0.0126904	788	0.000954968	TRUE	NA	NA	NA	NA	NA	NA
NC_045512.2	961	T	+G	782	427	33	1	0	20	0.00127877	782	0.996203	FALSE	NA	NA	NA	NA	NA	NA
NC_045512.2	963	A	C	779	431	33	1	1	34	0.00128205	780	0.500321	FALSE	NA	NA	NA	NA	NA	NA
NC_045512.2	969	A	G	756	423	33	20	9	34	0.0257732	776	8.53469e-07	TRUE	NA	NA	NA	NA	NA	NA
NC_045512.2	973	T	C	812	439	33	2	1	30	0.002457	814	0.250154	FALSE	NA	NA	NA	NA	NA	NA
NC_045512.2	976	A	G	806	439	33	2	1	34	0.00247525	808	0.250155	FALSE	NA	NA	NA	NA	NA	NA
NC_045512.2	984	G	A	806	435	34	2	1	34	0.00247525	808	0.250155	FALSE	NA	NA	NA	NA	NA	NA
NC_045512.2	998	T	A	31	9	34	331	0	33	0.914365	362	6.77894e-171	TRUE	NA	NA	NA	NA	NA	NA
NC_045512.2	1026	C	+T	30	9	34	5	0	20	0.166667	30	0.0425774	FALSE	NA	NA	NA	NA	NA	NA
NC_045512.2	1074	G	T	138	26	36	2	0	34	0.0142857	140	0.250896	FALSE	NA	NA	NA	NA	NA	NA
NC_045512.2	1084	T	C	139	26	36	1	0	34	0.00714286	140	0.501792	FALSE	NA	NA	NA	NA	NA	NA
NC_045512.2	1094	T	C	139	25	36	1	1	34	0.00714286	140	0.501792	FALSE	NA	NA	NA	NA	NA	NA
NC_045512.2	1104	T	G	123	17	37	5	0	34	0.0390625	128	0.03063	FALSE	NA	NA	NA	NA	NA	NA
NC_045512.2	1119	A	T	126	65	57	82	81	33	0.394231	208	1.13608e-29	TRUE	NA	NA	NA	NA	NA	NA
NC_045512.2	1154	A	G	313	145	43	3	3	68	0.00949367	316	0.124999	FALSE	NA	NA	NA	NA	NA	NA
NC_045512.2	1191	C	T	257	135	44	60	25	52	0.189274	317	4.37463e-20	TRUE	NA	NA	NA	NA	NA	NA
NC_045512.2	1203	A	C	321	152	48	1	0	26	0.00310559	322	0.93847	FALSE	NA	NA	NA	NA	NA	NA
NC_045512.2	1216	T	G	324	211	38	1	0	34	0.00307692	325	0.50077	FALSE	NA	NA	NA	NA	NA	NA
NC_045512.2	1241	T	-G	325	212	38	1	0	20	0.00307692	325	0.938839	FALSE	NA	NA	NA	NA	NA	NA
NC_045512.2	1263	C	T	305	199	37	19	11	68	0.058642	324	1.49749e-06	TRUE	NA	NA	NA	NA	NA	NA
NC_045512.2	1270	T	G	60	30	59	82	0	33	0.577465	142	1.36519e-32	TRUE	NA	NA	NA	NA	NA	NA
NC_045512.2	1283	A	C	56	38	50	1	1	26	0.0175439	57	0.504425	FALSE	NA	NA	NA	NA	NA	NA
NC_045512.2	1399	A	G	481	128	47	2	1	68	0.00414079	483	0.250259	FALSE	NA	NA	NA	NA	NA	NA
NC_045512.2	1399	A	-G	481	128	47	2	0	20	0.00414079	483	0.891839	FALSE	NA	NA	NA	NA	NA	NA
NC_045512.2	1414	T	C	473	125	46	1	0	34	0.0021097	474	0.500528	FALSE	NA	NA	NA	NA	NA	NA
NC_045512.2	1420	C	G	476	131	48	2	0	34	0.0041841	478	0.250262	FALSE	NA	NA	NA	NA	NA	NA
NC_045512.2	1423	A	G	480	130	48	1	1	24	0.002079	481	0.969236	FALSE	NA	NA	NA	NA	NA	NA
NC_045512.2	1425	A	G	476	130	48	1	0	26	0.00209644	477	0.96924	FALSE	NA	NA	NA	NA	NA	NA
NC_045512.2	1436	T	G	436	105	49	15	0	30	0.0332594	451	2.75708e-05	TRUE	NA	NA	NA	NA	NA	NA
NC_045512.2	1439	G	A	427	124	46	2	0	51	0.004662	429	0.250292	FALSE	NA	NA	NA	NA	NA	NA
NC_045512.2	1445	A	G	428	123	46	1	1	34	0.002331	429	0.500583	FALSE	NA	NA	NA	NA	NA	NA
NC_045512.2	1448	A	G	429	124	46	1	0	34	0.00232558	430	0.500582	FALSE	NA	NA	NA	NA	NA	NA
NC_045512.2	1452	T	A	438	225	58	188	188	33	0.300319	626	1.85356e-64	TRUE	NA	NA	NA	NA	NA	NA
NC_045512.2	1457	C	T	896	429	47	1	1	34	0.00111483	897	0.500279	FALSE	NA	NA	NA	NA	NA	NA
NC_045512.2	1458	G	C	901	435	47	1	1	27	0.00110865	902	0.999053	FALSE	NA	NA	NA	NA	NA	NA
NC_045512.2	1470	G	A	896	428	46	2	2	68	0.00222717	898	0.250139	FALSE	NA	NA	NA	NA	NA	NA
NC_045512.2	1475	A	G	897	439	47	1	0	68	0.00111359	898	0.500279	FALSE	NA	NA	NA	NA	NA	NA
NC_045512.2	1476	T	C	720	348	45	184	93	55	0.20354	904	1.4013e-60	TRUE	NA	NA	NA	NA	NA	NA
NC_045512.2	1492	T	C	905	439	47	1	1	34	0.00110375	906	0.500276	FALSE	NA	NA	NA	NA	NA	NA
NC_045512.2	1510	T	G	897	436	47	1	0	27	0.00111359	898	0.998095	FALSE	NA	NA	NA	NA	NA	NA
NC_045512.2	1525	T	G	907	444	47	1	0	34	0.00110132	908	0.500275	FALSE	NA	NA	NA	NA	NA	NA
NC_045512.2	1537	T	C	690	357	47	10	4	54	0.0142857	700	0.000952266	TRUE	NA	NA	NA	NA	NA	NA
NC_045512.2	1545	C	A	567	458	35	2	0	53	0.00351494	569	0.25022	FALSE	NA	NA	NA	NA	NA	NA
NC_045512.2	1548	G	C	690	454	37	1	1	34	0.00144718	691	0.500362	FALSE	NA	NA	NA	NA	NA	NA
NC_045512.2	1568	C	A	846	528	36	1	0	68	0.00118064	847	0.500295	FALSE	NA	NA	NA	NA	NA	NA
NC_045512.2	1590	G	A	848	531	36	2	1	34	0.00235294	850	0.250147	FALSE	NA	NA	NA	NA	NA	NA
NC_045512.2	1593	C	T	848	530	36	1	1	34	0.00117786	849	0.500295	FALSE	NA	NA	NA	NA	NA	NA
NC_045512.2	1595	G	A	848	528	36	1	1	34	0.00117786	849	0.500295	FALSE	NA	NA	NA	NA	NA	NA
NC_045512.2	1599	G	A	849	543	37	1	1	34	0.00117647	850	0.500294	FALSE	NA	NA	NA	NA	NA	NA
NC_045512.2	1600	T	G	811	506	36	1	1	34	0.00123153	812	0.500308	FALSE	NA	NA	NA	NA	NA	NA
NC_045512.2	1627	C	T	70	48	38	179	125	34	0.718876	249	2.27892e-77	TRUE	NA	NA	NA	NA	NA	NA
NC_045512.2	1630	A	G	246	173	35	1	1	34	0.00404858	247	0.501014	FALSE	NA	NA	NA	NA	NA	NA
NC_045512.2	1639	A	T	248	171	35	2	2	34	0.008	250	0.250501	FALSE	NA	NA	NA	NA	NA	NA
NC_045512.2	1668	A	C	247	171	35	1	1	34	0.00403226	248	0.50101	FALSE	NA	NA	NA	NA	NA	NA
NC_045512.2	1693	T	C	21	21	36	2	2	34	0.0869565	23	0.255556	FALSE	NA	NA	NA	NA	NA	NA
NC_045512.2	1880	G	-A	161	3	34	2	0	20	0.0124224	161	0.506987	FALSE	NA	NA	NA	NA	NA	NA
NC_045512.2	1883	G	C	162	3	33	1	0	34	0.00613497	163	0.501538	FALSE	NA	NA	NA	NA	NA	NA
NC_045512.2	1901	T	C	171	3	34	1	0	34	0.00581395	172	0.501458	FALSE	NA	NA	NA	NA	NA	NA
NC_045512.2	1901	T	-C	171	3	34	1	0	20	0.00581395	172	0.752187	FALSE	NA	NA	NA	NA	NA	NA
NC_045512.2	1904	A	G	171	3	33	1	0	34	0.00581395	172	0.501458	FALSE	NA	NA	NA	NA	NA	NA
NC_045512.2	1912	C	A	170	3	34	1	0	34	0.00584795	171	0.501466	FALSE	NA	NA	NA	NA	NA	NA
NC_045512.2	1921	T	C	154	2	34	14	0	34	0.0833333	168	4.80267e-05	TRUE	NA	NA	NA	NA	NA	NA
NC_045512.2	1945	T	-G	387	121	55	32	0	20	0.0826873	387	4.15671e-07	TRUE	NA	NA	NA	NA	NA	NA
NC_045512.2	1946	G	-T	356	108	55	4	0	20	0.0103359	387	0.461772	FALSE	NA	NA	NA	NA	NA	NA
NC_045512.2	1950	T	C	386	126	56	2	0	34	0.00515464	388	0.250323	FALSE	NA	NA	NA	NA	NA	NA
NC_045512.2	1969	A	G	387	125	56	1	1	68	0.00257732	388	0.500645	FALSE	NA	NA	NA	NA	NA	NA
NC_045512.2	1979	G	A	387	126	56	1	0	34	0.00257732	388	0.500645	FALSE	NA	NA	NA	NA	NA	NA
NC_045512.2	1997	C	G	386	126	57	1	0	26	0.00258398	387	0.938307	FALSE	NA	NA	NA	NA	NA	NA
NC_045512.2	2036	G	C	378	244	52	1	1	34	0.00263852	379	0.500661	FALSE	NA	NA	NA	NA	NA	NA
NC_045512.2	2039	A	G	378	245	52	1	0	27	0.00263852	379	0.938324	FALSE	NA	NA	NA	NA	NA	NA
NC_045512.2	2046	A	G	434	237	52	36	25	49	0.0765957	470	7.53891e-12	TRUE	NA	NA	NA	NA	NA	NA
NC_045512.2	2055	T	C	466	259	51	1	1	34	0.00214133	467	0.500536	FALSE	NA	NA	NA	NA	NA	NA
NC_045512.2	2063	T	C	475	268	52	1	1	68	0.00210084	476	0.500526	FALSE	NA	NA	NA	NA	NA	NA
NC_045512.2	2066	A	G	475	270	52	1	0	68	0.00210084	476	0.500526	FALSE	NA	NA	NA	NA	NA	NA
NC_045512.2	2067	T	C	473	267	52	1	1	24	0.0021097	474	0.969243	FALSE	NA	NA	NA	NA	NA	NA
NC_045512.2	2071	A	G	475	268	52	1	1	34	0.00210084	476	0.500526	FALSE	NA	NA	NA	NA	NA	NA
NC_045512.2	2073	G	A	475	268	52	1	1	34	0.00210084	476	0.500526	FALSE	NA	NA	NA	NA	NA	NA
NC_045512.2	2077	T	C	470	267	52	4	0	34	0.00843882	474	0.0623674	FALSE	NA	NA	NA	NA	NA	NA
NC_045512.2	2078	G	-T	475	268	52	2	0	20	0.00421053	475	0.892834	FALSE	NA	NA	NA	NA	NA	NA
NC_045512.2	2080	T	-G	476	270	52	2	0	20	0.00420168	476	0.89283	FALSE	NA	NA	NA	NA	NA	NA
NC_045512.2	2107	T	C	204	131	41	2	1	68	0.00970874	206	0.250608	FALSE	NA	NA	NA	NA	NA	NA
NC_045512.2	2115	T	C	199	126	41	2	2	34	0.00995025	201	0.250623	FALSE	NA	NA	NA	NA	NA	NA
NC_045512.2	2147	C	+T	313	159	44	3	0	20	0.00958466	313	0.662972	FALSE	NA	NA	NA	NA	NA	NA
NC_045512.2	2167	G	A	308	151	44	8	8	34	0.0253165	316	0.00378286	TRUE	NA	NA	NA	NA	NA	NA
NC_045512.2	2179	T	C	314	158	44	1	0	34	0.0031746	315	0.500795	FALSE	NA	NA	NA	NA	NA	NA
NC_045512.2	2206	A	G	266	106	46	1	1	68	0.00374532	267	0.500938	FALSE	NA	NA	NA	NA	NA	NA
NC_045512.2	2219	A	G	249	100	45	17	7	60	0.0639098	266	6.05339e-06	TRUE	NA	NA	NA	NA	NA	NA
NC_045512.2	2270	A	G	264	106	46	1	1	34	0.00377358	265	0.500945	FALSE	NA	NA	NA	NA	NA	NA
NC_045512.2	2282	G	A	285	133	62	1	1	60	0.0034965	286	0.500876	FALSE	NA	NA	NA	NA	NA	NA
NC_045512.2	2283	A	G	285	136	62	1	0	68	0.0034965	286	0.500876	FALSE	NA	NA	NA	NA	NA	NA
NC_045512.2	2291	C	T	284	189	51	1	0	68	0.00350877	285	0.500879	FALSE	NA	NA	NA	NA	NA	NA
NC_045512.2	2308	T	C	286	188	51	1	1	34	0.00348432	287	0.500873	FALSE	NA	NA	NA	NA	NA	NA
NC_045512.2	2343	T	G	181	128	48	1	0	34	0.00549451	182	0.501377	FALSE	NA	NA	NA	NA	NA	NA
NC_045512.2	2344	C	G	180	136	45	2	0	34	0.010989	182	0.250689	FALSE	NA	NA	NA	NA	NA	NA
NC_045512.2	2358	C	A	179	133	45	3	3	34	0.0164835	182	0.124997	FALSE	NA	NA	NA	NA	NA	NA
NC_045512.2	2386	A	G	209	153	49	1	0	34	0.0047619	210	0.501193	FALSE	NA	NA	NA	NA	NA	NA
NC_045512.2	2399	C	G	209	154	49	1	0	27	0.0047619	210	0.876788	FALSE	NA	NA	NA	NA	NA	NA
NC_045512.2	2421	A	-G	208	152	50	4	0	20	0.0192308	208	0.353929	FALSE	NA	NA	NA	NA	NA	NA
NC_045512.2	2447	G	C	126	46	47	12	10	45	0.0869565	138	0.000198858	TRUE	NA	NA	NA	NA	NA	NA
NC_045512.2	2494	G	T	136	55	47	2	1	68	0.0144928	138	0.250909	FALSE	NA	NA	NA	NA	NA	NA
NC_045512.2	2513	G	A	135	55	47	2	2	34	0.0145985	137	0.250916	FALSE	NA	NA	NA	NA	NA	NA
NC_045512.2	2528	G	+A	374	156	59	1	0	20	0.0026738	374	0.938665	FALSE	NA	NA	NA	NA	NA	NA
NC_045512.2	2531	G	A	373	155	58	2	1	64	0.00533333	375	0.250334	FALSE	NA	NA	NA	NA	NA	NA
NC_045512.2	2554	A	G	373	155	59	1	0	68	0.0026738	374	0.500669	FALSE	NA	NA	NA	NA	NA	NA
NC_045512.2	2577	G	T	372	154	58	1	1	27	0.00266667	375	0.937668	FALSE	NA	NA	NA	NA	NA	NA
NC_045512.2	2577	G	C	372	154	58	2	2	27	0.00533333	375	0.813338	FALSE	NA	NA	NA	NA	NA	NA
NC_045512.2	2580	A	T	374	158	59	1	0	27	0.00266667	375	0.938333	FALSE	NA	NA	NA	NA	NA	NA
NC_045512.2	2586	T	C	372	154	56	1	1	68	0.00268097	373	0.500671	FALSE	NA	NA	NA	NA	NA	NA
NC_045512.2	2592	C	A	335	128	59	30	0	31	0.0821918	365	5.21861e-10	TRUE	NA	NA	NA	NA	NA	NA
NC_045512.2	2618	A	G	307	145	53	27	10	52	0.0808383	334	4.49174e-09	TRUE	NA	NA	NA	NA	NA	NA
NC_045512.2	2619	T	A	333	154	53	1	1	27	0.00299401	334	0.938435	FALSE	NA	NA	NA	NA	NA	NA
NC_045512.2	2623	C	G	338	190	59	32	0	34	0.0864865	370	1.2081e-10	TRUE	NA	NA	NA	NA	NA	NA
NC_045512.2	2635	G	A	699	238	51	1	1	34	0.00142857	700	0.500357	FALSE	NA	NA	NA	NA	NA	NA
NC_045512.2	2643	T	G	699	239	51	1	0	34	0.00142857	700	0.500357	FALSE	NA	NA	NA	NA	NA	NA
NC_045512.2	2647	A	G	701	239	50	1	0	27	0.0014245	702	0.996193	FALSE	NA	NA	NA	NA	NA	NA
NC_045512.2	2657	A	G	696	236	51	1	1	24	0.00143472	697	0.992344	FALSE	NA	NA	NA	NA	NA	NA
NC_045512.2	2658	A	G	697	238	51	1	1	34	0.00143266	698	0.500358	FALSE	NA	NA	NA	NA	NA	NA
NC_045512.2	2659	G	A	698	238	51	1	1	68	0.00143062	699	0.500358	FALSE	NA	NA	NA	NA	NA	NA
NC_045512.2	2660	T	G	698	239	51	1	0	34	0.00143062	699	0.500358	FALSE	NA	NA	NA	NA	NA	NA
NC_045512.2	2671	T	C	698	239	51	2	2	34	0.00285714	700	0.250179	FALSE	NA	NA	NA	NA	NA	NA
NC_045512.2	2675	C	G	444	84	46	1	0	34	0.00224719	445	0.500562	FALSE	NA	NA	NA	NA	NA	NA
NC_045512.2	2680	T	C	421	108	42	1	0	34	0.00236967	422	0.500593	FALSE	NA	NA	NA	NA	NA	NA
NC_045512.2	2693	A	G	423	111	42	1	0	34	0.00235849	424	0.50059	FALSE	NA	NA	NA	NA	NA	NA
NC_045512.2	2703	T	C	440	240	59	3	1	68	0.00677201	443	0.125	FALSE	NA	NA	NA	NA	NA	NA
NC_045512.2	2713	A	C	495	239	53	1	1	34	0.00201613	496	0.500505	FALSE	NA	NA	NA	NA	NA	NA
NC_045512.2	2729	A	T	506	247	57	1	0	46	0.00197239	507	0.500494	FALSE	NA	NA	NA	NA	NA	NA
NC_045512.2	2734	T	C	504	243	56	2	2	27	0.00395257	506	0.938472	FALSE	NA	NA	NA	NA	NA	NA
NC_045512.2	2741	G	A	505	244	57	1	1	34	0.00197628	506	0.500495	FALSE	NA	NA	NA	NA	NA	NA
NC_045512.2	2773	C	G	331	138	58	2	0	34	0.00600601	333	0.250376	FALSE	NA	NA	NA	NA	NA	NA
NC_045512.2	2783	A	C	322	282	38	1	1	34	0.00309598	323	0.500775	FALSE	NA	NA	NA	NA	NA	NA
NC_045512.2	2790	C	T	0	0	0	326	286	38	1	326	3.42628e-195	TRUE	NA	NA	NA	NA	NA	NA
NC_045512.2	2793	T	C	325	286	38	1	1	24	0.00306748	326	0.938458	FALSE	NA	NA	NA	NA	NA	NA
NC_045512.2	2794	T	C	326	287	39	1	0	34	0.0030581	327	0.500766	FALSE	NA	NA	NA	NA	NA	NA
NC_045512.2	2795	G	-A	327	287	38	42	0	20	0.12844	327	1.67088e-09	TRUE	NA	NA	NA	NA	NA	NA
NC_045512.2	2807	A	-G	326	287	39	9	0	20	0.0276074	326	0.0786883	FALSE	NA	NA	NA	NA	NA	NA
NC_045512.2	2814	A	G	325	286	39	1	1	34	0.00306748	326	0.500768	FALSE	NA	NA	NA	NA	NA	NA
NC_045512.2	2836	C	T	326	288	39	1	0	34	0.0030581	327	0.500766	FALSE	NA	NA	NA	NA	NA	NA
NC_045512.2	2879	G	T	245	77	37	1	0	34	0.00406504	246	0.501018	FALSE	NA	NA	NA	NA	NA	NA
NC_045512.2	2881	C	T	245	76	36	1	1	34	0.00406504	246	0.501018	FALSE	NA	NA	NA	NA	NA	NA
NC_045512.2	2881	C	-T	245	76	36	2	0	20	0.00813008	246	0.691315	FALSE	NA	NA	NA	NA	NA	NA
NC_045512.2	2891	G	T	244	76	37	2	0	34	0.00813008	246	0.250509	FALSE	NA	NA	NA	NA	NA	NA
NC_045512.2	2926	T	C	249	115	48	1	1	34	0.004	250	0.501002	FALSE	NA	NA	NA	NA	NA	NA
NC_045512.2	2930	T	C	200	73	53	1	1	26	0.00497512	201	0.876868	FALSE	NA	NA	NA	NA	NA	NA
NC_045512.2	2933	C	T	582	141	40	1	0	34	0.00171527	583	0.500429	FALSE	NA	NA	NA	NA	NA	NA
NC_045512.2	2935	T	-AC	580	141	40	5	0	20	0.00862069	580	0.629926	FALSE	NA	NA	NA	NA	NA	NA
NC_045512.2	2956	A	-G	586	147	41	26	0	20	0.0443686	586	0.000130189	TRUE	NA	NA	NA	NA	NA	NA
NC_045512.2	2958	A	G	573	144	40	1	0	68	0.00174216	574	0.500436	FALSE	NA	NA	NA	NA	NA	NA
NC_045512.2	2966	A	G	588	149	41	1	0	34	0.00169779	589	0.500425	FALSE	NA	NA	NA	NA	NA	NA
NC_045512.2	2980	C	T	583	147	41	2	1	34	0.0034188	585	0.250214	FALSE	NA	NA	NA	NA	NA	NA
NC_045512.2	2981	T	A	586	147	41	1	0	26	0.00170358	587	0.984654	FALSE	NA	NA	NA	NA	NA	NA
NC_045512.2	2985	T	C	576	147	41	1	0	34	0.0017331	577	0.500434	FALSE	NA	NA	NA	NA	NA	NA
NC_045512.2	3007	T	C	589	151	41	1	0	34	0.00169492	590	0.500424	FALSE	NA	NA	NA	NA	NA	NA
NC_045512.2	3009	A	G	586	151	41	3	0	31	0.00509338	589	0.125	FALSE	NA	NA	NA	NA	NA	NA
NC_045512.2	3034	T	A	526	344	47	1	0	26	0.00189753	527	0.984685	FALSE	NA	NA	NA	NA	NA	NA
NC_045512.2	3037	C	T	0	0	0	522	338	47	1	522	4.29763e-313	TRUE	NA	NA	NA	NA	NA	NA
NC_045512.2	3039	A	-C	528	344	48	63	0	20	0.119318	528	2.42374e-13	TRUE	NA	NA	NA	NA	NA	NA
NC_045512.2	3053	G	T	469	315	46	59	31	61	0.111742	528	3.30241e-19	TRUE	NA	NA	NA	NA	NA	NA
NC_045512.2	3056	G	-A	528	345	48	2	0	20	0.00378788	528	0.939043	FALSE	NA	NA	NA	NA	NA	NA
NC_045512.2	3094	A	G	290	289	33	1	1	34	0.00343643	291	0.500861	FALSE	NA	NA	NA	NA	NA	NA
NC_045512.2	3113	G	T	442	299	33	6	0	32	0.0133929	448	0.0154676	FALSE	NA	NA	NA	NA	NA	NA
NC_045512.2	3118	T	C	450	300	34	1	0	34	0.00221729	451	0.500555	FALSE	NA	NA	NA	NA	NA	NA
NC_045512.2	3120	A	G	444	294	34	1	1	34	0.00224719	445	0.500562	FALSE	NA	NA	NA	NA	NA	NA
NC_045512.2	3124	T	G	444	294	33	1	0	34	0.00224719	445	0.500562	FALSE	NA	NA	NA	NA	NA	NA
NC_045512.2	3125	G	T	430	297	34	16	0	33	0.0358744	446	1.35494e-05	TRUE	NA	NA	NA	NA	NA	NA
NC_045512.2	3132	A	G	448	298	34	1	0	34	0.00222717	449	0.500557	FALSE	NA	NA	NA	NA	NA	NA
NC_045512.2	3270	T	A	181	176	35	1	1	26	0.00549451	182	0.752066	FALSE	NA	NA	NA	NA	NA	NA
NC_045512.2	3300	T	C	216	177	35	1	1	34	0.00460829	217	0.501155	FALSE	NA	NA	NA	NA	NA	NA
NC_045512.2	3325	T	A	71	33	38	1	0	34	0.0138889	72	0.503497	FALSE	NA	NA	NA	NA	NA	NA
NC_045512.2	3348	T	C	95	52	39	1	1	34	0.0104167	96	0.502618	FALSE	NA	NA	NA	NA	NA	NA
NC_045512.2	3361	A	G	94	53	40	4	2	34	0.0408163	98	0.061844	FALSE	NA	NA	NA	NA	NA	NA
NC_045512.2	3455	T	A	76	30	36	1	0	34	0.012987	77	0.503268	FALSE	NA	NA	NA	NA	NA	NA
NC_045512.2	3508	T	A	91	46	62	1	0	20	0.0108696	92	0.502732	FALSE	NA	NA	NA	NA	NA	NA
NC_045512.2	3515	C	T	91	45	63	1	1	68	0.0108696	92	0.502732	FALSE	NA	NA	NA	NA	NA	NA
NC_045512.2	3533	T	C	91	45	63	1	1	68	0.0108696	92	0.502732	FALSE	NA	NA	NA	NA	NA	NA
NC_045512.2	3610	T	-C	511	250	37	2	0	20	0.00391389	511	0.939094	FALSE	NA	NA	NA	NA	NA	NA
NC_045512.2	3611	C	-A	506	251	37	2	0	20	0.00393701	508	0.938468	FALSE	NA	NA	NA	NA	NA	NA
NC_045512.2	3621	G	A	492	241	37	22	12	33	0.0428016	514	1.93666e-07	TRUE	NA	NA	NA	NA	NA	NA
NC_045512.2	3660	A	G	432	195	34	1	0	34	0.00230947	433	0.500578	FALSE	NA	NA	NA	NA	NA	NA
NC_045512.2	3662	A	G	395	195	32	2	1	34	0.00503778	397	0.250315	FALSE	NA	NA	NA	NA	NA	NA
NC_045512.2	3693	T	C	432	221	37	2	1	34	0.00460829	434	0.250288	FALSE	NA	NA	NA	NA	NA	NA
NC_045512.2	3702	C	G	432	221	37	1	0	34	0.00230947	433	0.500578	FALSE	NA	NA	NA	NA	NA	NA
NC_045512.2	3720	G	A	444	218	37	4	2	34	0.00892857	448	0.0623596	FALSE	NA	NA	NA	NA	NA	NA
NC_045512.2	3727	T	G	448	221	37	1	0	34	0.00222717	449	0.500557	FALSE	NA	NA	NA	NA	NA	NA
NC_045512.2	3841	A	G	17	14	34	1	1	34	0.0555556	18	0.514286	FALSE	NA	NA	NA	NA	NA	NA
NC_045512.2	3853	A	T	18	16	37	7	7	34	0.28	25	0.005596	TRUE	NA	NA	NA	NA	NA	NA
NC_045512.2	3859	A	G	46	22	39	6	6	32	0.115385	52	0.0142383	FALSE	NA	NA	NA	NA	NA	NA
NC_045512.2	3866	C	-A	53	29	39	1	0	20	0.0188679	53	0.509434	FALSE	NA	NA	NA	NA	NA	NA
NC_045512.2	3921	A	T	37	15	38	1	1	68	0.0263158	38	0.506667	FALSE	NA	NA	NA	NA	NA	NA
NC_045512.2	3927	C	T	17	5	44	21	11	35	0.552632	38	1.36823e-08	TRUE	NA	NA	NA	NA	NA	NA
NC_045512.2	4005	A	G	17	11	63	4	0	32	0.190476	21	0.0590994	FALSE	NA	NA	NA	NA	NA	NA
NC_045512.2	4048	C	T	137	15	35	1	0	34	0.00724638	138	0.501818	FALSE	NA	NA	NA	NA	NA	NA
NC_045512.2	4136	G	C	223	113	67	1	1	27	0.00446429	224	0.876676	FALSE	NA	NA	NA	NA	NA	NA
NC_045512.2	4148	G	-T	224	114	66	1	0	20	0.00446429	224	0.877502	FALSE	NA	NA	NA	NA	NA	NA
NC_045512.2	4174	T	-A	223	114	67	2	0	20	0.00896861	223	0.693371	FALSE	NA	NA	NA	NA	NA	NA
NC_045512.2	4184	G	A	0	0	0	223	114	66	1	223	2.91489e-133	TRUE	NA	NA	NA	NA	NA	NA
NC_045512.2	4193	A	G	227	110	65	5	3	66	0.0215517	232	0.0309103	FALSE	NA	NA	NA	NA	NA	NA
NC_045512.2	4262	G	A	230	169	48	1	1	34	0.004329	231	0.501085	FALSE	NA	NA	NA	NA	NA	NA
NC_045512.2	4263	G	T	208	149	49	24	24	33	0.103004	233	3.18449e-08	TRUE	NA	NA	NA	NA	NA	NA
NC_045512.2	4263	G	A	208	149	49	1	1	34	0.00429185	233	0.473923	FALSE	NA	NA	NA	NA	NA	NA
NC_045512.2	4291	A	G	93	12	41	2	0	34	0.0210526	95	0.251323	FALSE	NA	NA	NA	NA	NA	NA
NC_045512.2	4310	T	C	90	11	41	4	1	42	0.0425532	94	0.0618153	FALSE	NA	NA	NA	NA	NA	NA
NC_045512.2	4321	C	T	0	0	0	95	12	41	1	95	2.20465e-56	TRUE	NA	NA	NA	NA	NA	NA
NC_045512.2	4358	C	T	94	15	38	1	0	34	0.0105263	95	0.502646	FALSE	NA	NA	NA	NA	NA	NA
NC_045512.2	4369	T	C	93	13	38	2	2	34	0.0210526	95	0.251323	FALSE	NA	NA	NA	NA	NA	NA
NC_045512.2	4385	A	G	153	78	47	1	0	68	0.00649351	154	0.501629	FALSE	NA	NA	NA	NA	NA	NA
NC_045512.2	4395	A	G	149	75	47	1	1	26	0.00666667	150	0.752508	FALSE	NA	NA	NA	NA	NA	NA
NC_045512.2	4398	T	C	153	75	49	1	1	68	0.00649351	154	0.501629	FALSE	NA	NA	NA	NA	NA	NA
NC_045512.2	4428	T	C	126	60	49	2	1	68	0.015625	128	0.25098	FALSE	NA	NA	NA	NA	NA	NA
NC_045512.2	4434	C	T	126	87	38	2	2	34	0.015625	128	0.25098	FALSE	NA	NA	NA	NA	NA	NA
NC_045512.2	4443	T	-G	164	107	36	2	0	20	0.0121951	164	0.50686	FALSE	NA	NA	NA	NA	NA	NA
NC_045512.2	4459	A	T	160	106	35	1	1	26	0.00621118	161	0.752336	FALSE	NA	NA	NA	NA	NA	NA
NC_045512.2	4473	A	G	161	106	35	2	1	34	0.0122699	163	0.250769	FALSE	NA	NA	NA	NA	NA	NA
NC_045512.2	4524	C	-T	162	106	35	2	0	20	0.0123457	162	0.506944	FALSE	NA	NA	NA	NA	NA	NA
NC_045512.2	4549	A	+C	244	110	36	3	0	20	0.0122951	244	0.507684	FALSE	NA	NA	NA	NA	NA	NA
NC_045512.2	4573	C	G	241	110	36	3	0	34	0.0122951	244	0.124998	FALSE	NA	NA	NA	NA	NA	NA
NC_045512.2	4585	T	A	231	100	36	1	0	34	0.00431034	232	0.50108	FALSE	NA	NA	NA	NA	NA	NA
NC_045512.2	4608	T	G	231	111	33	1	0	26	0.00431034	232	0.876618	FALSE	NA	NA	NA	NA	NA	NA
NC_045512.2	4679	C	T	248	126	37	2	2	34	0.008	250	0.250501	FALSE	NA	NA	NA	NA	NA	NA
NC_045512.2	4712	G	A	91	58	38	6	2	66	0.0618557	97	0.0148902	FALSE	NA	NA	NA	NA	NA	NA
NC_045512.2	4810	C	T	128	49	35	5	2	34	0.037594	133	0.0306537	FALSE	NA	NA	NA	NA	NA	NA
NC_045512.2	4891	C	-A	205	50	45	2	0	20	0.0097561	205	0.693886	FALSE	NA	NA	NA	NA	NA	NA
NC_045512.2	4893	C	-A	207	50	45	1	0	20	0.00483092	207	0.877706	FALSE	NA	NA	NA	NA	NA	NA
NC_045512.2	4894	A	-T	205	50	45	6	0	20	0.0291262	206	0.151795	FALSE	NA	NA	NA	NA	NA	NA
NC_045512.2	4904	G	T	194	49	45	12	1	47	0.0582524	206	0.000213255	TRUE	NA	NA	NA	NA	NA	NA
NC_045512.2	4916	A	G	188	49	44	19	1	50	0.0917874	207	1.29715e-06	TRUE	NA	NA	NA	NA	NA	NA
NC_045512.2	4921	C	+T	207	50	45	10	0	20	0.0483092	207	0.0223582	FALSE	NA	NA	NA	NA	NA	NA
NC_045512.2	4984	A	G	218	131	49	19	11	51	0.0801688	237	1.36494e-06	TRUE	NA	NA	NA	NA	NA	NA
NC_045512.2	4997	A	G	235	141	49	1	1	34	0.00423729	236	0.501062	FALSE	NA	NA	NA	NA	NA	NA
NC_045512.2	5024	T	C	235	142	49	1	1	34	0.00423729	236	0.501062	FALSE	NA	NA	NA	NA	NA	NA
NC_045512.2	5032	A	T	162	92	48	1	0	26	0.00613497	163	0.752308	FALSE	NA	NA	NA	NA	NA	NA
NC_045512.2	5034	A	T	167	100	49	8	8	34	0.0457143	175	0.00368379	TRUE	NA	NA	NA	NA	NA	NA
NC_045512.2	5072	G	C	185	141	34	1	1	34	0.00537634	186	0.501348	FALSE	NA	NA	NA	NA	NA	NA
NC_045512.2	5104	T	G	32	22	33	1	0	34	0.030303	33	0.507692	FALSE	NA	NA	NA	NA	NA	NA
NC_045512.2	5138	G	A	32	23	35	2	1	34	0.0588235	34	0.253731	FALSE	NA	NA	NA	NA	NA	NA
NC_045512.2	5157	C	-T	83	32	39	2	0	20	0.0240964	83	0.257557	FALSE	NA	NA	NA	NA	NA	NA
NC_045512.2	5173	C	A	80	32	40	3	0	34	0.0361446	83	0.124986	FALSE	NA	NA	NA	NA	NA	NA
NC_045512.2	5185	T	A	52	9	43	7	0	31	0.118644	59	0.00687875	TRUE	NA	NA	NA	NA	NA	NA
NC_045512.2	5247	T	C	131	47	57	1	1	24	0.00757576	132	0.752852	FALSE	NA	NA	NA	NA	NA	NA
NC_045512.2	5249	A	G	131	48	59	1	0	68	0.00757576	132	0.501901	FALSE	NA	NA	NA	NA	NA	NA
NC_045512.2	5284	C	T	118	48	63	4	2	66	0.0327869	122	0.061976	FALSE	NA	NA	NA	NA	NA	NA
NC_045512.2	5288	T	C	121	49	62	1	1	68	0.00819672	122	0.502058	FALSE	NA	NA	NA	NA	NA	NA
NC_045512.2	5309	A	G	121	69	52	1	0	34	0.00819672	122	0.502058	FALSE	NA	NA	NA	NA	NA	NA
NC_045512.2	5380	T	C	514	146	49	1	0	34	0.00194175	515	0.500486	FALSE	NA	NA	NA	NA	NA	NA
NC_045512.2	5383	A	C	512	145	49	1	1	24	0.00194932	513	0.984694	FALSE	NA	NA	NA	NA	NA	NA
NC_045512.2	5386	T	-G	517	146	49	2	0	20	0.00386847	517	0.939076	FALSE	NA	NA	NA	NA	NA	NA
NC_045512.2	5420	A	G	495	130	50	4	0	34	0.00801603	499	0.0623741	FALSE	NA	NA	NA	NA	NA	NA
NC_045512.2	5423	A	T	500	250	65	53	53	31	0.0958409	553	3.15091e-17	TRUE	NA	NA	NA	NA	NA	NA
NC_045512.2	5430	T	C	653	320	59	2	1	57	0.00305344	655	0.250191	FALSE	NA	NA	NA	NA	NA	NA
NC_045512.2	5471	T	C	663	329	59	1	1	24	0.00150602	664	0.992351	FALSE	NA	NA	NA	NA	NA	NA
NC_045512.2	5478	A	G	662	331	58	1	0	27	0.0015083	663	0.992352	FALSE	NA	NA	NA	NA	NA	NA
NC_045512.2	5479	T	A	663	330	59	1	1	24	0.00150602	664	0.992351	FALSE	NA	NA	NA	NA	NA	NA
NC_045512.2	5481	C	T	662	330	59	1	0	34	0.0015083	663	0.500377	FALSE	NA	NA	NA	NA	NA	NA
NC_045512.2	5490	A	C	665	333	58	1	1	27	0.0015015	666	0.992351	FALSE	NA	NA	NA	NA	NA	NA
NC_045512.2	5496	G	C	664	331	59	1	1	27	0.00150376	665	0.992351	FALSE	NA	NA	NA	NA	NA	NA
NC_045512.2	5504	G	C	664	331	59	1	1	34	0.00150376	665	0.500376	FALSE	NA	NA	NA	NA	NA	NA
NC_045512.2	5506	C	T	664	331	59	1	1	68	0.00150376	665	0.500376	FALSE	NA	NA	NA	NA	NA	NA
NC_045512.2	5510	A	G	663	332	59	2	1	34	0.00300752	665	0.250188	FALSE	NA	NA	NA	NA	NA	NA
NC_045512.2	5511	A	G	660	332	58	1	0	68	0.00151286	661	0.500379	FALSE	NA	NA	NA	NA	NA	NA
NC_045512.2	5527	T	C	390	319	35	1	1	34	0.00255754	391	0.50064	FALSE	NA	NA	NA	NA	NA	NA
NC_045512.2	5534	C	-A	469	328	35	28	0	20	0.0597015	469	1.4985e-05	TRUE	NA	NA	NA	NA	NA	NA
NC_045512.2	5536	A	G	471	328	35	1	0	34	0.00211864	472	0.50053	FALSE	NA	NA	NA	NA	NA	NA
NC_045512.2	5551	T	A	467	327	35	2	1	30	0.00426439	469	0.250267	FALSE	NA	NA	NA	NA	NA	NA
NC_045512.2	5581	C	T	94	21	38	1	0	34	0.0105263	95	0.502646	FALSE	NA	NA	NA	NA	NA	NA
NC_045512.2	5596	A	T	87	19	37	1	0	68	0.0113636	88	0.502857	FALSE	NA	NA	NA	NA	NA	NA
NC_045512.2	5620	A	G	147	51	52	1	1	34	0.00675676	148	0.501695	FALSE	NA	NA	NA	NA	NA	NA
NC_045512.2	5623	T	C	152	52	53	1	0	68	0.00653595	153	0.501639	FALSE	NA	NA	NA	NA	NA	NA
NC_045512.2	5667	A	G	153	52	50	1	0	60	0.00649351	154	0.501629	FALSE	NA	NA	NA	NA	NA	NA
NC_045512.2	5673	C	-T	154	52	51	1	0	20	0.00649351	154	0.754051	FALSE	NA	NA	NA	NA	NA	NA
NC_045512.2	5674	T	C	124	31	52	1	0	68	0.008	125	0.5	FALSE	NA	NA	NA	NA	NA	NA
NC_045512.2	5687	T	-C	126	72	35	1	0	20	0.00793651	126	0.754948	FALSE	NA	NA	NA	NA	NA	NA
NC_045512.2	5727	T	C	169	119	45	1	1	34	0.00588235	170	0.501475	FALSE	NA	NA	NA	NA	NA	NA
NC_045512.2	5736	C	T	168	119	45	2	1	30	0.0117647	170	0.250737	FALSE	NA	NA	NA	NA	NA	NA
NC_045512.2	5836	A	-G	133	87	40	2	0	20	0.0150376	133	0.508458	FALSE	NA	NA	NA	NA	NA	NA
NC_045512.2	5837	G	A	126	80	39	7	7	34	0.0526316	133	0.00701622	TRUE	NA	NA	NA	NA	NA	NA
NC_045512.2	5845	A	T	129	88	38	1	0	34	0.00769231	130	0.501931	FALSE	NA	NA	NA	NA	NA	NA
NC_045512.2	5849	C	A	47	18	49	15	0	32	0.241935	62	1.32704e-05	TRUE	NA	NA	NA	NA	NA	NA
NC_045512.2	5938	A	G	83	40	41	1	0	34	0.0119048	84	0.502994	FALSE	NA	NA	NA	NA	NA	NA
NC_045512.2	6001	T	C	82	52	33	1	1	34	0.0120482	83	0.50303	FALSE	NA	NA	NA	NA	NA	NA
NC_045512.2	6174	T	G	48	9	47	1	0	34	0.0204082	49	0.505155	FALSE	NA	NA	NA	NA	NA	NA
NC_045512.2	6312	C	-A	259	109	43	2	0	20	0.00772201	259	0.692557	FALSE	NA	NA	NA	NA	NA	NA
NC_045512.2	6316	A	G	250	105	43	6	3	56	0.0232558	258	0.0149916	FALSE	NA	NA	NA	NA	NA	NA
NC_045512.2	6316	A	C	250	105	43	2	1	34	0.00775194	258	0.24462	FALSE	NA	NA	NA	NA	NA	NA
NC_045512.2	6319	A	+G	257	107	43	2	0	20	0.0077821	257	0.692596	FALSE	NA	NA	NA	NA	NA	NA
NC_045512.2	6385	C	T	189	126	44	1	0	68	0.00526316	190	0.501319	FALSE	NA	NA	NA	NA	NA	NA
NC_045512.2	6419	G	-T	191	127	44	2	0	20	0.0104712	191	0.50589	FALSE	NA	NA	NA	NA	NA	NA
NC_045512.2	6496	T	-A	86	58	56	1	0	20	0.0116279	86	0.505814	FALSE	NA	NA	NA	NA	NA	NA
NC_045512.2	6652	T	-G	230	106	35	63	0	20	0.273913	230	3.12095e-15	TRUE	NA	NA	NA	NA	NA	NA
NC_045512.2	6655	T	C	228	106	35	2	1	34	0.00869565	230	0.250545	FALSE	NA	NA	NA	NA	NA	NA
NC_045512.2	6685	T	A	230	107	35	1	0	34	0.004329	231	0.501085	FALSE	NA	NA	NA	NA	NA	NA
NC_045512.2	6695	C	T	205	99	34	22	9	35	0.0969163	227	1.46845e-07	TRUE	NA	NA	NA	NA	NA	NA
NC_045512.2	6696	C	T	210	101	34	18	9	34	0.0789474	228	2.80142e-06	TRUE	NA	NA	NA	NA	NA	NA
NC_045512.2	6696	C	+T	210	101	34	69	0	20	0.302632	228	1.30194e-17	TRUE	NA	NA	NA	NA	NA	NA
NC_045512.2	6745	T	C	230	117	35	1	1	27	0.004329	231	0.876625	FALSE	NA	NA	NA	NA	NA	NA
NC_045512.2	6761	A	G	225	116	36	2	1	34	0.00881057	227	0.250552	FALSE	NA	NA	NA	NA	NA	NA
NC_045512.2	6946	A	G	31	5	45	5	4	66	0.138889	36	0.028955	FALSE	NA	NA	NA	NA	NA	NA
NC_045512.2	6979	T	G	33	16	63	7	4	68	0.175	40	0.00643158	TRUE	NA	NA	NA	NA	NA	NA
NC_045512.2	7011	C	-T	40	21	62	4	0	20	0.1	40	0.0738733	FALSE	NA	NA	NA	NA	NA	NA
NC_045512.2	7250	T	C	72	38	38	2	1	30	0.027027	74	0.251701	FALSE	NA	NA	NA	NA	NA	NA
NC_045512.2	7273	G	-T	75	40	39	4	0	20	0.0533333	75	0.0684578	FALSE	NA	NA	NA	NA	NA	NA
NC_045512.2	7298	G	A	66	40	34	4	2	34	0.0571429	70	0.0615712	FALSE	NA	NA	NA	NA	NA	NA
NC_045512.2	7319	A	G	69	41	34	1	1	34	0.0142857	70	0.503597	FALSE	NA	NA	NA	NA	NA	NA
NC_045512.2	7416	A	G	597	139	33	1	0	34	0.00167224	598	0.500418	FALSE	NA	NA	NA	NA	NA	NA
NC_045512.2	7440	A	G	590	138	33	1	0	34	0.00169205	591	0.500423	FALSE	NA	NA	NA	NA	NA	NA
NC_045512.2	7467	T	-A	627	271	49	1	0	20	0.0015949	627	0.992404	FALSE	NA	NA	NA	NA	NA	NA
NC_045512.2	7469	G	C	627	270	49	1	1	34	0.00159236	628	0.500398	FALSE	NA	NA	NA	NA	NA	NA
NC_045512.2	7477	T	C	617	270	49	5	3	32	0.00803859	622	0.031124	FALSE	NA	NA	NA	NA	NA	NA
NC_045512.2	7486	A	C	626	273	49	1	1	27	0.0015949	627	0.992361	FALSE	NA	NA	NA	NA	NA	NA
NC_045512.2	7493	A	T	629	276	49	1	0	24	0.0015873	630	0.99236	FALSE	NA	NA	NA	NA	NA	NA
NC_045512.2	7513	T	A	626	275	49	1	0	24	0.0015949	627	0.992361	FALSE	NA	NA	NA	NA	NA	NA
NC_045512.2	7540	T	C	320	304	35	1	1	34	0.00311526	321	0.50078	FALSE	NA	NA	NA	NA	NA	NA
NC_045512.2	7588	T	-A	377	341	35	1	0	20	0.00265252	377	0.938656	FALSE	NA	NA	NA	NA	NA	NA
NC_045512.2	7721	C	T	279	94	36	2	1	30	0.00711744	281	0.250446	FALSE	NA	NA	NA	NA	NA	NA
NC_045512.2	7731	A	G	278	92	36	4	2	34	0.0141844	282	0.0622762	FALSE	NA	NA	NA	NA	NA	NA
NC_045512.2	7736	G	T	279	95	36	2	0	34	0.00711744	281	0.250446	FALSE	NA	NA	NA	NA	NA	NA
NC_045512.2	7752	T	C	260	76	36	2	1	34	0.00763359	262	0.250478	FALSE	NA	NA	NA	NA	NA	NA
NC_045512.2	7759	T	A	260	76	37	2	1	34	0.00763359	262	0.250478	FALSE	NA	NA	NA	NA	NA	NA
NC_045512.2	7760	G	T	259	76	36	2	1	34	0.00766284	261	0.25048	FALSE	NA	NA	NA	NA	NA	NA
NC_045512.2	7770	A	T	260	76	37	2	1	34	0.00763359	262	0.250478	FALSE	NA	NA	NA	NA	NA	NA
NC_045512.2	7795	A	G	260	126	43	2	1	34	0.00763359	262	0.250478	FALSE	NA	NA	NA	NA	NA	NA
NC_045512.2	7799	A	G	255	127	41	1	0	68	0.00390625	256	0.500978	FALSE	NA	NA	NA	NA	NA	NA
NC_045512.2	7852	T	C	292	131	42	1	0	68	0.00341297	293	0.500855	FALSE	NA	NA	NA	NA	NA	NA
NC_045512.2	7899	G	A	135	115	41	1	1	34	0.00735294	136	0.501845	FALSE	NA	NA	NA	NA	NA	NA
NC_045512.2	7948	C	T	211	41	35	20	10	68	0.0865801	231	6.48758e-07	TRUE	NA	NA	NA	NA	NA	NA
NC_045512.2	7956	T	C	229	65	33	2	0	51	0.00865801	231	0.250542	FALSE	NA	NA	NA	NA	NA	NA
NC_045512.2	7962	G	A	232	65	34	1	0	34	0.00429185	233	0.501075	FALSE	NA	NA	NA	NA	NA	NA
NC_045512.2	7969	T	C	231	64	34	1	0	34	0.00431034	232	0.50108	FALSE	NA	NA	NA	NA	NA	NA
NC_045512.2	8040	A	T	230	105	55	1	1	34	0.004329	231	0.501085	FALSE	NA	NA	NA	NA	NA	NA
NC_045512.2	8065	A	G	196	89	58	1	0	34	0.00507614	197	0.501272	FALSE	NA	NA	NA	NA	NA	NA
NC_045512.2	8082	T	C	199	90	58	1	0	24	0.005	200	0.87594	FALSE	NA	NA	NA	NA	NA	NA
NC_045512.2	8084	G	C	195	88	58	1	0	34	0.00505051	198	0.498728	FALSE	NA	NA	NA	NA	NA	NA
NC_045512.2	8084	G	A	195	88	58	2	1	34	0.010101	198	0.249364	FALSE	NA	NA	NA	NA	NA	NA
NC_045512.2	8106	C	G	267	199	35	1	0	34	0.00373134	268	0.500935	FALSE	NA	NA	NA	NA	NA	NA
NC_045512.2	8140	C	T	248	194	35	22	4	34	0.0814815	270	1.59171e-07	TRUE	NA	NA	NA	NA	NA	NA
NC_045512.2	8170	A	T	86	48	40	1	1	34	0.0114943	87	0.50289	FALSE	NA	NA	NA	NA	NA	NA
NC_045512.2	8240	C	T	119	66	47	1	0	68	0.00833333	120	0.502092	FALSE	NA	NA	NA	NA	NA	NA
NC_045512.2	8251	C	-A	140	30	47	1	0	20	0.00714286	140	0.754455	FALSE	NA	NA	NA	NA	NA	NA
NC_045512.2	8300	A	T	136	40	41	1	0	34	0.00729927	137	0.501832	FALSE	NA	NA	NA	NA	NA	NA
NC_045512.2	8331	G	C	202	97	44	4	4	42	0.0194175	206	0.0621925	FALSE	NA	NA	NA	NA	NA	NA
NC_045512.2	8332	T	-GCTTGTA	207	101	44	4	0	20	0.0193237	207	0.353978	FALSE	NA	NA	NA	NA	NA	NA
NC_045512.2	8354	C	G	142	110	37	8	0	28	0.0533333	150	0.0185853	FALSE	NA	NA	NA	NA	NA	NA
NC_045512.2	8369	C	T	177	75	45	1	0	34	0.00561798	178	0.501408	FALSE	NA	NA	NA	NA	NA	NA
NC_045512.2	8419	C	T	190	133	35	2	1	34	0.0104167	192	0.250653	FALSE	NA	NA	NA	NA	NA	NA
NC_045512.2	8428	G	C	135	95	36	57	38	33	0.296875	192	6.08155e-20	TRUE	NA	NA	NA	NA	NA	NA
NC_045512.2	8454	G	A	189	133	35	2	2	34	0.0104712	191	0.250656	FALSE	NA	NA	NA	NA	NA	NA
NC_045512.2	8637	C	T	116	13	34	1	0	34	0.00854701	117	0.502146	FALSE	NA	NA	NA	NA	NA	NA
NC_045512.2	8674	A	G	105	9	33	2	0	30	0.0186916	107	0.251174	FALSE	NA	NA	NA	NA	NA	NA
NC_045512.2	8702	G	A	270	118	60	1	0	68	0.00369004	271	0.500924	FALSE	NA	NA	NA	NA	NA	NA
NC_045512.2	8704	T	-G	271	118	60	32	0	20	0.118081	271	9.16788e-08	TRUE	NA	NA	NA	NA	NA	NA
NC_045512.2	8731	T	G	269	119	61	1	0	27	0.0037037	270	0.87639	FALSE	NA	NA	NA	NA	NA	NA
NC_045512.2	8747	G	T	246	107	62	7	4	66	0.027668	253	0.00759593	TRUE	NA	NA	NA	NA	NA	NA
NC_045512.2	8761	T	C	237	154	52	3	1	68	0.0125	240	0.124998	FALSE	NA	NA	NA	NA	NA	NA
NC_045512.2	8782	C	T	290	176	51	1	1	34	0.00343643	291	0.500861	FALSE	NA	NA	NA	NA	NA	NA
NC_045512.2	8798	T	C	293	180	51	1	0	24	0.00340136	294	0.876277	FALSE	NA	NA	NA	NA	NA	NA
NC_045512.2	8816	T	A	293	179	50	1	1	24	0.00340136	294	0.876277	FALSE	NA	NA	NA	NA	NA	NA
NC_045512.2	8827	T	-G	294	180	51	1	0	20	0.00340136	294	0.876908	FALSE	NA	NA	NA	NA	NA	NA
NC_045512.2	8834	G	A	293	180	51	1	1	34	0.00340136	294	0.500852	FALSE	NA	NA	NA	NA	NA	NA
NC_045512.2	8873	C	T	140	83	43	1	1	68	0.0070922	141	0.501779	FALSE	NA	NA	NA	NA	NA	NA
NC_045512.2	8882	A	G	138	83	43	1	1	34	0.00719424	139	0.501805	FALSE	NA	NA	NA	NA	NA	NA
NC_045512.2	8965	A	G	145	77	34	2	1	34	0.0136054	147	0.250853	FALSE	NA	NA	NA	NA	NA	NA
NC_045512.2	8995	A	C	39	22	60	93	93	32	0.704545	132	5.77586e-40	TRUE	NA	NA	NA	NA	NA	NA
NC_045512.2	9015	C	T	271	129	37	2	1	34	0.00732601	273	0.250459	FALSE	NA	NA	NA	NA	NA	NA
NC_045512.2	9042	C	A	272	130	37	2	1	34	0.00729927	274	0.250457	FALSE	NA	NA	NA	NA	NA	NA
NC_045512.2	9054	T	C	275	133	37	1	0	34	0.00362319	276	0.500907	FALSE	NA	NA	NA	NA	NA	NA
NC_045512.2	9082	A	G	268	140	33	2	1	34	0.00740741	270	0.250464	FALSE	NA	NA	NA	NA	NA	NA
NC_045512.2	9105	G	-T	270	141	33	11	0	20	0.0407407	270	0.0128588	FALSE	NA	NA	NA	NA	NA	NA
NC_045512.2	9129	T	C	316	159	35	4	2	34	0.0125	320	0.062303	FALSE	NA	NA	NA	NA	NA	NA
NC_045512.2	9135	T	C	320	160	35	2	1	34	0.00621118	322	0.250389	FALSE	NA	NA	NA	NA	NA	NA
NC_045512.2	9138	A	+T	318	158	35	7	0	20	0.0220126	318	0.180359	FALSE	NA	NA	NA	NA	NA	NA
NC_045512.2	9147	T	G	74	20	42	87	0	31	0.540373	161	7.65851e-34	TRUE	NA	NA	NA	NA	NA	NA
NC_045512.2	9162	A	C	69	28	34	1	1	34	0.0142857	70	0.503597	FALSE	NA	NA	NA	NA	NA	NA
NC_045512.2	9192	T	C	69	28	33	1	1	34	0.0142857	70	0.503597	FALSE	NA	NA	NA	NA	NA	NA
NC_045512.2	9202	T	C	74	45	46	1	1	34	0.0133333	75	0.503356	FALSE	NA	NA	NA	NA	NA	NA
NC_045512.2	9214	C	T	215	79	38	6	3	34	0.0271493	221	0.0153049	FALSE	NA	NA	NA	NA	NA	NA
NC_045512.2	9217	T	-A	218	81	38	4	0	20	0.0183486	218	0.35346	FALSE	NA	NA	NA	NA	NA	NA
NC_045512.2	9220	G	A	217	79	38	3	2	31	0.0136364	220	0.124998	FALSE	NA	NA	NA	NA	NA	NA
NC_045512.2	9224	G	C	218	80	38	2	2	34	0.00909091	220	0.250569	FALSE	NA	NA	NA	NA	NA	NA
NC_045512.2	9247	T	G	218	81	38	2	1	34	0.00909091	220	0.250569	FALSE	NA	NA	NA	NA	NA	NA
NC_045512.2	9280	A	G	218	103	42	11	6	47	0.0480349	229	0.000442432	TRUE	NA	NA	NA	NA	NA	NA
NC_045512.2	9318	T	C	227	110	42	1	1	34	0.00438596	228	0.501099	FALSE	NA	NA	NA	NA	NA	NA
NC_045512.2	9339	A	+T	219	110	41	2	0	20	0.00913242	219	0.693478	FALSE	NA	NA	NA	NA	NA	NA
NC_045512.2	9344	C	T	104	69	33	121	40	49	0.537778	225	8.25741e-47	TRUE	NA	NA	NA	NA	NA	NA
NC_045512.2	9397	A	G	404	181	36	2	1	34	0.00492611	406	0.250308	FALSE	NA	NA	NA	NA	NA	NA
NC_045512.2	9402	C	T	397	174	36	7	7	34	0.0173267	404	0.00767697	TRUE	NA	NA	NA	NA	NA	NA
NC_045512.2	9408	T	C	333	115	37	4	2	34	0.0118694	337	0.062313	FALSE	NA	NA	NA	NA	NA	NA
NC_045512.2	9424	A	G	0	0	0	340	184	44	1	340	1.30349e-203	TRUE	NA	NA	NA	NA	NA	NA
NC_045512.2	9440	T	C	395	196	45	2	1	34	0.00503778	397	0.250315	FALSE	NA	NA	NA	NA	NA	NA
NC_045512.2	9456	T	C	376	190	46	22	7	33	0.0552764	398	1.81955e-07	TRUE	NA	NA	NA	NA	NA	NA
NC_045512.2	9505	T	C	182	67	59	1	1	68	0.00546448	183	0.50137	FALSE	NA	NA	NA	NA	NA	NA
NC_045512.2	9534	C	T	0	0	0	179	148	44	1	179	8.08344e-107	TRUE	NA	NA	NA	NA	NA	NA
NC_045512.2	9541	C	-TG	180	148	44	1	0	20	0.00555556	180	0.753466	FALSE	NA	NA	NA	NA	NA	NA
NC_045512.2	9545	T	C	178	146	43	1	1	34	0.00558659	179	0.501401	FALSE	NA	NA	NA	NA	NA	NA
NC_045512.2	9580	T	C	39	39	33	1	1	34	0.025	40	0.506329	FALSE	NA	NA	NA	NA	NA	NA
NC_045512.2	9662	A	-C	55	42	33	4	0	20	0.0727273	55	0.0706856	FALSE	NA	NA	NA	NA	NA	NA
NC_045512.2	9731	T	A	15	8	38	10	0	32	0.4	25	0.000397765	TRUE	NA	NA	NA	NA	NA	NA
NC_045512.2	9758	G	A	101	15	37	1	0	34	0.00980392	102	0.502463	FALSE	NA	NA	NA	NA	NA	NA
NC_045512.2	9758	G	-T	101	15	37	3	0	20	0.0294118	102	0.321759	FALSE	NA	NA	NA	NA	NA	NA
NC_045512.2	9793	A	C	101	16	38	1	1	68	0.00980392	102	0.502463	FALSE	NA	NA	NA	NA	NA	NA
NC_045512.2	9827	G	-A	88	10	39	1	0	20	0.0113636	88	0.505682	FALSE	NA	NA	NA	NA	NA	NA
NC_045512.2	9834	A	G	87	44	61	1	0	24	0.0113636	88	0.502857	FALSE	NA	NA	NA	NA	NA	NA
NC_045512.2	9871	G	A	218	69	53	1	0	34	0.00456621	219	0.501144	FALSE	NA	NA	NA	NA	NA	NA
NC_045512.2	9903	A	G	194	59	53	1	1	68	0.00512821	195	0.501285	FALSE	NA	NA	NA	NA	NA	NA
NC_045512.2	9904	G	C	195	97	60	126	126	31	0.392523	321	2.99739e-45	TRUE	NA	NA	NA	NA	NA	NA
NC_045512.2	9912	A	-T	541	272	41	4	0	20	0.00739372	541	0.751529	FALSE	NA	NA	NA	NA	NA	NA
NC_045512.2	9939	G	A	543	272	41	1	0	52	0.00183824	544	0.50046	FALSE	NA	NA	NA	NA	NA	NA
NC_045512.2	9941	T	C	537	267	41	5	3	40	0.00922509	542	0.0311053	FALSE	NA	NA	NA	NA	NA	NA
NC_045512.2	9950	G	C	540	269	41	3	3	34	0.00552486	543	0.125	FALSE	NA	NA	NA	NA	NA	NA
NC_045512.2	9995	T	C	419	221	33	1	1	34	0.00238095	420	0.500596	FALSE	NA	NA	NA	NA	NA	NA
NC_045512.2	10007	G	A	425	235	34	1	1	34	0.00234742	426	0.500588	FALSE	NA	NA	NA	NA	NA	NA
NC_045512.2	10012	T	C	429	253	36	1	1	34	0.00232558	430	0.500582	FALSE	NA	NA	NA	NA	NA	NA
NC_045512.2	10029	C	T	1	0	68	414	245	35	0.99759	415	4.18708e-246	TRUE	NA	NA	NA	NA	NA	NA
NC_045512.2	10046	G	-T	429	256	36	5	0	20	0.011655	429	0.508604	FALSE	NA	NA	NA	NA	NA	NA
NC_045512.2	10051	G	A	422	253	36	2	1	34	0.00471698	424	0.250295	FALSE	NA	NA	NA	NA	NA	NA
NC_045512.2	10057	T	A	52	51	34	1	0	26	0.0188679	53	0.504762	FALSE	NA	NA	NA	NA	NA	NA
NC_045512.2	10116	C	A	67	60	37	1	1	34	0.0147059	68	0.503704	FALSE	NA	NA	NA	NA	NA	NA
NC_045512.2	10147	G	A	15	10	51	1	0	34	0.0625	16	0.516129	FALSE	NA	NA	NA	NA	NA	NA
NC_045512.2	10171	A	G	436	204	34	2	1	34	0.00456621	438	0.250286	FALSE	NA	NA	NA	NA	NA	NA
NC_045512.2	10198	C	T	9	8	37	426	187	34	0.97931	435	1.56757e-242	TRUE	NA	NA	NA	NA	NA	NA
NC_045512.2	10247	A	T	429	208	36	1	0	34	0.00232558	430	0.500582	FALSE	NA	NA	NA	NA	NA	NA
NC_045512.2	10282	G	A	442	208	38	12	6	34	0.0264317	454	0.00022985	TRUE	NA	NA	NA	NA	NA	NA
NC_045512.2	10364	G	A	278	76	37	5	5	34	0.0176678	283	0.030972	FALSE	NA	NA	NA	NA	NA	NA
NC_045512.2	10367	C	G	281	80	37	1	0	34	0.0035461	282	0.500888	FALSE	NA	NA	NA	NA	NA	NA
NC_045512.2	10369	C	T	195	80	38	83	0	33	0.298561	278	8.8615e-29	TRUE	NA	NA	NA	NA	NA	NA
NC_045512.2	10379	G	C	282	80	36	1	1	34	0.00353357	283	0.500885	FALSE	NA	NA	NA	NA	NA	NA
NC_045512.2	10411	T	C	223	45	33	1	0	34	0.00446429	224	0.501119	FALSE	NA	NA	NA	NA	NA	NA
NC_045512.2	10447	G	A	0	0	0	215	113	49	1	215	1.87577e-128	TRUE	NA	NA	NA	NA	NA	NA
NC_045512.2	10449	C	A	0	0	0	226	113	51	1	226	4.58502e-135	TRUE	NA	NA	NA	NA	NA	NA
NC_045512.2	10475	C	G	144	68	60	1	0	34	0.00689655	145	0.50173	FALSE	NA	NA	NA	NA	NA	NA
NC_045512.2	10486	A	C	152	143	34	1	1	34	0.00653595	153	0.501639	FALSE	NA	NA	NA	NA	NA	NA
NC_045512.2	10495	T	C	151	142	34	1	1	26	0.00657895	152	0.752475	FALSE	NA	NA	NA	NA	NA	NA
NC_045512.2	10548	T	C	151	142	35	2	2	34	0.0130719	153	0.25082	FALSE	NA	NA	NA	NA	NA	NA
NC_045512.2	10564	A	C	151	142	35	2	2	34	0.0130719	153	0.25082	FALSE	NA	NA	NA	NA	NA	NA
NC_045512.2	10582	C	T	48	26	33	2	2	34	0.04	50	0.252525	FALSE	NA	NA	NA	NA	NA	NA
NC_045512.2	10595	T	C	50	28	33	1	1	34	0.0196078	51	0.50495	FALSE	NA	NA	NA	NA	NA	NA
NC_045512.2	10734	T	C	89	49	43	1	0	68	0.0111111	90	0.502793	FALSE	NA	NA	NA	NA	NA	NA
NC_045512.2	10760	A	G	189	69	39	1	1	68	0.00526316	190	0.501319	FALSE	NA	NA	NA	NA	NA	NA
NC_045512.2	10763	T	G	193	71	39	1	0	34	0.00515464	194	0.501292	FALSE	NA	NA	NA	NA	NA	NA
NC_045512.2	10781	A	G	184	70	38	2	0	30	0.0107527	186	0.250674	FALSE	NA	NA	NA	NA	NA	NA
NC_045512.2	10833	C	G	342	142	48	1	1	20	0.00291545	343	0.93841	FALSE	NA	NA	NA	NA	NA	NA
NC_045512.2	10835	G	-T	344	144	49	1	0	20	0.00290698	344	0.938766	FALSE	NA	NA	NA	NA	NA	NA
NC_045512.2	10851	C	A	343	142	49	2	2	34	0.0057971	345	0.250363	FALSE	NA	NA	NA	NA	NA	NA
NC_045512.2	10852	T	C	342	143	49	1	1	68	0.00291545	343	0.50073	FALSE	NA	NA	NA	NA	NA	NA
NC_045512.2	10909	T	G	391	216	56	1	0	24	0.00255102	392	0.938297	FALSE	NA	NA	NA	NA	NA	NA
NC_045512.2	10916	G	T	348	196	56	45	22	56	0.114504	393	7.92622e-15	TRUE	NA	NA	NA	NA	NA	NA
NC_045512.2	10944	T	C	393	218	56	1	1	46	0.00253807	394	0.500635	FALSE	NA	NA	NA	NA	NA	NA
NC_045512.2	10953	G	A	392	217	56	1	1	34	0.00254453	393	0.500637	FALSE	NA	NA	NA	NA	NA	NA
NC_045512.2	10970	C	-A	241	165	52	2	0	20	0.00829876	241	0.692934	FALSE	NA	NA	NA	NA	NA	NA
NC_045512.2	11010	G	A	243	167	52	1	0	68	0.00409836	244	0.501027	FALSE	NA	NA	NA	NA	NA	NA
NC_045512.2	11014	G	A	240	165	53	2	1	47	0.00826446	242	0.250518	FALSE	NA	NA	NA	NA	NA	NA
NC_045512.2	11053	G	C	133	59	38	18	9	62	0.119205	151	2.36834e-06	TRUE	NA	NA	NA	NA	NA	NA
NC_045512.2	11075	T	C	145	60	41	9	9	34	0.0584416	154	0.00178402	TRUE	NA	NA	NA	NA	NA	NA
NC_045512.2	11079	T	C	153	69	41	1	0	68	0.00649351	154	0.501629	FALSE	NA	NA	NA	NA	NA	NA
NC_045512.2	11104	T	C	93	47	52	2	1	34	0.0210526	95	0.251323	FALSE	NA	NA	NA	NA	NA	NA
NC_045512.2	11117	A	G	309	126	38	1	0	34	0.00322581	310	0.500808	FALSE	NA	NA	NA	NA	NA	NA
NC_045512.2	11165	G	A	306	126	38	1	1	68	0.00325733	307	0.500816	FALSE	NA	NA	NA	NA	NA	NA
NC_045512.2	11178	T	-G	309	156	43	31	0	20	0.100324	309	8.55854e-07	TRUE	NA	NA	NA	NA	NA	NA
NC_045512.2	11179	G	T	277	141	43	1	1	34	0.00359712	278	0.474403	FALSE	NA	NA	NA	NA	NA	NA
NC_045512.2	11180	T	C	298	147	42	2	0	68	0.00666667	300	0.250417	FALSE	NA	NA	NA	NA	NA	NA
NC_045512.2	11192	T	C	285	124	43	1	0	34	0.0034965	286	0.500876	FALSE	NA	NA	NA	NA	NA	NA
NC_045512.2	11196	T	C	290	127	44	2	2	27	0.00684932	292	0.689434	FALSE	NA	NA	NA	NA	NA	NA
NC_045512.2	11197	T	C	292	128	44	1	1	68	0.00341297	293	0.500855	FALSE	NA	NA	NA	NA	NA	NA
NC_045512.2	11199	C	T	215	99	37	77	50	44	0.263699	292	2.33666e-26	TRUE	NA	NA	NA	NA	NA	NA
NC_045512.2	11205	T	C	290	148	39	2	1	34	0.00684932	292	0.250429	FALSE	NA	NA	NA	NA	NA	NA
NC_045512.2	11215	T	C	290	147	39	2	1	34	0.00684932	292	0.250429	FALSE	NA	NA	NA	NA	NA	NA
NC_045512.2	11287	G	-TCTGGTTTT	106	91	39	106	0	20	1	106	7.60282e-23	TRUE	NA	NA	NA	NA	NA	NA
NC_045512.2	11297	A	C	102	87	39	1	1	34	0.00970874	103	0.502439	FALSE	NA	NA	NA	NA	NA	NA
NC_045512.2	11347	T	A	46	38	44	1	0	68	0.0212766	47	0.505376	FALSE	NA	NA	NA	NA	NA	NA
NC_045512.2	11364	T	A	44	44	33	1	1	34	0.0222222	45	0.505618	FALSE	NA	NA	NA	NA	NA	NA
NC_045512.2	11370	A	G	146	51	37	3	0	34	0.0201342	149	0.124996	FALSE	NA	NA	NA	NA	NA	NA
NC_045512.2	11374	T	C	148	50	37	1	1	34	0.00671141	149	0.501684	FALSE	NA	NA	NA	NA	NA	NA
NC_045512.2	11375	G	A	145	51	37	2	0	34	0.0136054	147	0.250853	FALSE	NA	NA	NA	NA	NA	NA
NC_045512.2	11390	T	C	103	9	39	1	0	34	0.00961538	104	0.502415	FALSE	NA	NA	NA	NA	NA	NA
NC_045512.2	11485	T	C	208	65	54	1	0	34	0.00478469	209	0.501199	FALSE	NA	NA	NA	NA	NA	NA
NC_045512.2	11489	T	C	208	64	51	1	1	27	0.00478469	209	0.876796	FALSE	NA	NA	NA	NA	NA	NA
NC_045512.2	11521	G	-T	238	151	51	1	0	20	0.00420168	238	0.877355	FALSE	NA	NA	NA	NA	NA	NA
NC_045512.2	11558	T	C	238	151	50	1	1	68	0.0041841	239	0.501048	FALSE	NA	NA	NA	NA	NA	NA
NC_045512.2	11571	T	A	127	49	59	1	1	24	0.0078125	128	0.752941	FALSE	NA	NA	NA	NA	NA	NA
NC_045512.2	11580	C	-T	153	67	59	4	0	20	0.0261438	153	0.19574	FALSE	NA	NA	NA	NA	NA	NA
NC_045512.2	11581	T	A	147	64	60	1	0	68	0.00675676	148	0.494983	FALSE	NA	NA	NA	NA	NA	NA
NC_045512.2	11726	A	G	243	40	44	1	0	34	0.00409836	244	0.501027	FALSE	NA	NA	NA	NA	NA	NA
NC_045512.2	11731	T	C	242	40	44	1	0	24	0.00411523	243	0.876545	FALSE	NA	NA	NA	NA	NA	NA
NC_045512.2	11746	A	G	786	146	44	1	0	34	0.00127065	787	0.500318	FALSE	NA	NA	NA	NA	NA	NA
NC_045512.2	11747	C	-T	797	147	45	3	0	20	0.00376412	797	0.946735	FALSE	NA	NA	NA	NA	NA	NA
NC_045512.2	11749	A	G	793	147	45	3	0	56	0.00376884	796	0.125	FALSE	NA	NA	NA	NA	NA	NA
NC_045512.2	11750	C	T	796	147	45	1	0	34	0.00125471	797	0.500314	FALSE	NA	NA	NA	NA	NA	NA
NC_045512.2	11754	C	T	793	148	45	1	0	34	0.00125945	794	0.500315	FALSE	NA	NA	NA	NA	NA	NA
NC_045512.2	11757	C	T	794	145	45	3	2	58	0.00376412	797	0.125	FALSE	NA	NA	NA	NA	NA	NA
NC_045512.2	11760	A	-G	798	147	45	54	0	20	0.0676692	798	5.40499e-10	TRUE	NA	NA	NA	NA	NA	NA
NC_045512.2	11771	G	T	797	146	45	1	1	68	0.00125313	798	0.500313	FALSE	NA	NA	NA	NA	NA	NA
NC_045512.2	11772	A	G	787	147	44	1	0	34	0.00126904	788	0.500317	FALSE	NA	NA	NA	NA	NA	NA
NC_045512.2	11773	T	C	793	146	45	1	1	68	0.00125945	794	0.500315	FALSE	NA	NA	NA	NA	NA	NA
NC_045512.2	11778	T	G	794	147	45	1	0	34	0.00125786	795	0.500315	FALSE	NA	NA	NA	NA	NA	NA
NC_045512.2	11780	A	G	795	147	45	2	0	51	0.00250941	797	0.250157	FALSE	NA	NA	NA	NA	NA	NA
NC_045512.2	11781	A	G	696	141	46	101	6	37	0.126725	797	1.42824e-32	TRUE	NA	NA	NA	NA	NA	NA
NC_045512.2	11784	T	C	795	146	45	1	0	34	0.00125628	796	0.500314	FALSE	NA	NA	NA	NA	NA	NA
NC_045512.2	11792	A	G	779	147	45	3	0	34	0.00383632	782	0.125	FALSE	NA	NA	NA	NA	NA	NA
NC_045512.2	11812	C	T	790	146	45	1	0	34	0.00126422	791	0.500316	FALSE	NA	NA	NA	NA	NA	NA
NC_045512.2	11813	A	G	792	148	45	1	0	68	0.00126103	793	0.500315	FALSE	NA	NA	NA	NA	NA	NA
NC_045512.2	11841	A	G	731	429	61	1	0	68	0.00136612	732	0.500342	FALSE	NA	NA	NA	NA	NA	NA
NC_045512.2	11842	G	A	729	427	61	1	1	68	0.00136986	730	0.500343	FALSE	NA	NA	NA	NA	NA	NA
NC_045512.2	11877	T	A	721	421	56	1	0	20	0.00138504	722	0.99619	FALSE	NA	NA	NA	NA	NA	NA
NC_045512.2	11887	A	G	729	430	61	1	0	68	0.00136986	730	0.500343	FALSE	NA	NA	NA	NA	NA	NA
NC_045512.2	11891	T	C	533	283	65	1	1	27	0.00187266	534	0.984681	FALSE	NA	NA	NA	NA	NA	NA
NC_045512.2	11894	C	T	531	372	52	2	2	60	0.00375235	533	0.250235	FALSE	NA	NA	NA	NA	NA	NA
NC_045512.2	11896	A	G	531	501	37	1	1	34	0.0018797	532	0.50047	FALSE	NA	NA	NA	NA	NA	NA
NC_045512.2	11899	A	C	528	498	37	1	1	34	0.00189036	529	0.500473	FALSE	NA	NA	NA	NA	NA	NA
NC_045512.2	11907	T	C	533	503	37	1	1	34	0.00187266	534	0.500469	FALSE	NA	NA	NA	NA	NA	NA
NC_045512.2	11917	A	G	532	503	37	1	1	68	0.00187617	533	0.500469	FALSE	NA	NA	NA	NA	NA	NA
NC_045512.2	11920	T	C	526	497	37	1	1	34	0.00189753	527	0.500475	FALSE	NA	NA	NA	NA	NA	NA
NC_045512.2	11924	T	C	531	503	37	64	64	31	0.107563	595	9.55999e-21	TRUE	NA	NA	NA	NA	NA	NA
NC_045512.2	11928	G	A	703	589	36	1	0	26	0.00142045	704	0.996193	FALSE	NA	NA	NA	NA	NA	NA
NC_045512.2	11930	G	T	701	587	36	1	0	34	0.0014245	702	0.500356	FALSE	NA	NA	NA	NA	NA	NA
NC_045512.2	11932	T	C	704	589	36	2	2	34	0.00283286	706	0.250177	FALSE	NA	NA	NA	NA	NA	NA
NC_045512.2	11933	C	A	701	586	36	1	1	34	0.0014245	702	0.500356	FALSE	NA	NA	NA	NA	NA	NA
NC_045512.2	11934	A	G	695	581	36	3	2	45	0.00429185	699	0.124731	FALSE	NA	NA	NA	NA	NA	NA
NC_045512.2	11934	A	C	695	581	36	1	1	34	0.00143062	699	0.499283	FALSE	NA	NA	NA	NA	NA	NA
NC_045512.2	11946	T	C	704	589	36	1	1	34	0.00141844	705	0.500355	FALSE	NA	NA	NA	NA	NA	NA
NC_045512.2	11951	A	G	702	588	36	2	1	68	0.00284091	704	0.250178	FALSE	NA	NA	NA	NA	NA	NA
NC_045512.2	11952	A	G	702	588	36	1	0	38	0.00142248	703	0.500356	FALSE	NA	NA	NA	NA	NA	NA
NC_045512.2	11955	A	G	697	582	36	1	1	34	0.00143266	698	0.500358	FALSE	NA	NA	NA	NA	NA	NA
NC_045512.2	11962	C	-T	697	582	36	1	0	20	0.00143472	697	0.992382	FALSE	NA	NA	NA	NA	NA	NA
NC_045512.2	11998	G	A	170	84	34	2	1	34	0.0116279	172	0.250729	FALSE	NA	NA	NA	NA	NA	NA
NC_045512.2	12028	G	A	284	107	34	1	0	34	0.00350877	285	0.500879	FALSE	NA	NA	NA	NA	NA	NA
NC_045512.2	12030	A	G	276	105	33	4	2	34	0.0142857	280	0.0622746	FALSE	NA	NA	NA	NA	NA	NA
NC_045512.2	12062	G	C	283	105	34	1	1	34	0.00352113	284	0.500882	FALSE	NA	NA	NA	NA	NA	NA
NC_045512.2	12076	C	G	114	21	34	78	0	32	0.40625	192	2.07323e-28	TRUE	NA	NA	NA	NA	NA	NA
NC_045512.2	12130	A	T	116	52	51	14	14	33	0.107692	130	4.45873e-05	TRUE	NA	NA	NA	NA	NA	NA
NC_045512.2	12160	G	A	42	21	34	110	46	51	0.723684	152	7.58575e-48	TRUE	NA	NA	NA	NA	NA	NA
NC_045512.2	12172	T	A	109	46	51	18	0	32	0.141732	127	2.14865e-06	TRUE	NA	NA	NA	NA	NA	NA
NC_045512.2	12184	T	C	100	79	34	1	1	34	0.00990099	101	0.502488	FALSE	NA	NA	NA	NA	NA	NA
NC_045512.2	12267	T	C	452	161	34	2	1	34	0.00440529	454	0.250276	FALSE	NA	NA	NA	NA	NA	NA
NC_045512.2	12279	C	T	452	161	34	2	0	34	0.00440529	454	0.250276	FALSE	NA	NA	NA	NA	NA	NA
NC_045512.2	12281	G	A	359	82	34	13	0	34	0.0349462	372	0.000111675	TRUE	NA	NA	NA	NA	NA	NA
NC_045512.2	12287	G	T	306	75	33	53	9	33	0.147632	359	1.50841e-17	TRUE	NA	NA	NA	NA	NA	NA
NC_045512.2	12291	T	C	409	209	53	1	1	24	0.00243902	410	0.96932	FALSE	NA	NA	NA	NA	NA	NA
NC_045512.2	12296	C	+A	411	212	54	1	0	20	0.00243309	411	0.969505	FALSE	NA	NA	NA	NA	NA	NA
NC_045512.2	12306	A	G	411	212	54	1	1	68	0.00242718	412	0.500608	FALSE	NA	NA	NA	NA	NA	NA
NC_045512.2	12326	A	-AG	412	215	53	6	0	20	0.0145631	412	0.386689	FALSE	NA	NA	NA	NA	NA	NA
NC_045512.2	12367	C	-A	414	216	54	1	0	20	0.00241546	414	0.9695	FALSE	NA	NA	NA	NA	NA	NA
NC_045512.2	12370	T	-A	413	216	54	2	0	20	0.00484262	413	0.893164	FALSE	NA	NA	NA	NA	NA	NA
NC_045512.2	12372	T	C	406	213	54	7	3	68	0.0169492	413	0.00767993	TRUE	NA	NA	NA	NA	NA	NA
NC_045512.2	12404	A	G	283	232	39	1	1	34	0.00352113	284	0.500882	FALSE	NA	NA	NA	NA	NA	NA
NC_045512.2	12420	C	G	281	231	39	1	0	34	0.0035461	282	0.500888	FALSE	NA	NA	NA	NA	NA	NA
NC_045512.2	12430	T	C	283	232	39	1	1	34	0.00352113	284	0.500882	FALSE	NA	NA	NA	NA	NA	NA
NC_045512.2	12459	C	T	85	9	42	1	1	68	0.0116279	86	0.502924	FALSE	NA	NA	NA	NA	NA	NA
NC_045512.2	12566	G	T	210	117	42	4	1	32	0.0186916	214	0.0622042	FALSE	NA	NA	NA	NA	NA	NA
NC_045512.2	12625	T	C	232	131	34	1	0	34	0.00429185	233	0.501075	FALSE	NA	NA	NA	NA	NA	NA
NC_045512.2	12662	G	A	228	125	34	5	5	34	0.0214592	233	0.0309118	FALSE	NA	NA	NA	NA	NA	NA
NC_045512.2	12675	T	C	231	130	34	1	1	34	0.00431034	232	0.50108	FALSE	NA	NA	NA	NA	NA	NA
NC_045512.2	12733	C	-G	290	135	37	6	0	20	0.0206897	290	0.15082	FALSE	NA	NA	NA	NA	NA	NA
NC_045512.2	12739	T	C	289	135	37	2	1	53	0.00687285	291	0.25043	FALSE	NA	NA	NA	NA	NA	NA
NC_045512.2	12759	A	G	290	135	37	1	0	26	0.00343643	291	0.87629	FALSE	NA	NA	NA	NA	NA	NA
NC_045512.2	12762	A	C	288	133	37	1	1	34	0.00346021	289	0.500867	FALSE	NA	NA	NA	NA	NA	NA
NC_045512.2	12770	T	C	279	127	37	2	1	34	0.00711744	281	0.250446	FALSE	NA	NA	NA	NA	NA	NA
NC_045512.2	12837	T	C	303	146	36	13	11	34	0.0411392	316	0.000109888	TRUE	NA	NA	NA	NA	NA	NA
NC_045512.2	12863	G	A	282	140	36	32	16	34	0.101911	314	1.06773e-10	TRUE	NA	NA	NA	NA	NA	NA
NC_045512.2	12867	G	-A	311	157	36	1	0	20	0.00321543	311	0.938899	FALSE	NA	NA	NA	NA	NA	NA
NC_045512.2	12868	A	T	308	152	36	2	1	34	0.00645161	310	0.249596	FALSE	NA	NA	NA	NA	NA	NA
NC_045512.2	12874	T	C	309	172	39	2	1	34	0.00643087	311	0.250403	FALSE	NA	NA	NA	NA	NA	NA
NC_045512.2	12876	C	G	54	41	51	2	0	30	0.0357143	56	0.252252	FALSE	NA	NA	NA	NA	NA	NA
NC_045512.2	12880	C	T	0	0	0	52	39	52	1	52	1.26337e-30	TRUE	NA	NA	NA	NA	NA	NA
NC_045512.2	12885	C	G	198	99	38	1	0	34	0.00502513	199	0.501259	FALSE	NA	NA	NA	NA	NA	NA
NC_045512.2	12896	C	T	197	98	39	1	1	34	0.00505051	198	0.501266	FALSE	NA	NA	NA	NA	NA	NA
NC_045512.2	12946	T	C	173	88	33	1	1	34	0.00574713	174	0.501441	FALSE	NA	NA	NA	NA	NA	NA
NC_045512.2	12969	A	C	222	103	35	1	1	34	0.0044843	223	0.501124	FALSE	NA	NA	NA	NA	NA	NA
NC_045512.2	12975	T	C	219	101	35	2	1	34	0.00904977	221	0.250567	FALSE	NA	NA	NA	NA	NA	NA
NC_045512.2	13018	T	-C	222	103	35	1	0	20	0.0045045	222	0.877524	FALSE	NA	NA	NA	NA	NA	NA
NC_045512.2	13019	C	-T	221	103	35	1	0	20	0.0045045	222	0.876691	FALSE	NA	NA	NA	NA	NA	NA
NC_045512.2	13032	A	C	73	15	39	1	1	34	0.0135135	74	0.503401	FALSE	NA	NA	NA	NA	NA	NA
NC_045512.2	13037	A	G	588	202	35	6	2	34	0.010101	594	0.0155064	FALSE	NA	NA	NA	NA	NA	NA
NC_045512.2	13043	G	-T	596	204	35	1	0	20	0.00167785	596	0.984727	FALSE	NA	NA	NA	NA	NA	NA
NC_045512.2	13046	C	G	590	199	35	5	2	34	0.00840336	595	0.0311183	FALSE	NA	NA	NA	NA	NA	NA
NC_045512.2	13049	G	T	596	203	35	2	1	34	0.00334448	598	0.250209	FALSE	NA	NA	NA	NA	NA	NA
NC_045512.2	13070	T	G	591	202	35	1	0	26	0.00168919	592	0.984651	FALSE	NA	NA	NA	NA	NA	NA
NC_045512.2	13078	T	C	531	176	35	65	29	35	0.10906	596	4.52672e-21	TRUE	NA	NA	NA	NA	NA	NA
NC_045512.2	13096	T	-A	598	205	35	2	0	20	0.00334448	598	0.938864	FALSE	NA	NA	NA	NA	NA	NA
NC_045512.2	13103	T	A	570	186	35	1	0	26	0.00175131	571	0.984661	FALSE	NA	NA	NA	NA	NA	NA
NC_045512.2	13123	T	-G	918	314	39	3	0	20	0.00326797	918	0.981364	FALSE	NA	NA	NA	NA	NA	NA
NC_045512.2	13124	G	T	915	318	39	2	1	34	0.00218103	917	0.249048	FALSE	NA	NA	NA	NA	NA	NA
NC_045512.2	13144	T	G	921	320	39	1	0	34	0.0010846	922	0.500271	FALSE	NA	NA	NA	NA	NA	NA
NC_045512.2	13149	T	C	919	317	39	1	0	34	0.00108696	920	0.500272	FALSE	NA	NA	NA	NA	NA	NA
NC_045512.2	13157	T	-TG	923	320	39	210	0	20	0.227519	923	1.77186e-46	TRUE	NA	NA	NA	NA	NA	NA
NC_045512.2	13168	C	T	921	319	39	1	0	34	0.0010846	922	0.500271	FALSE	NA	NA	NA	NA	NA	NA
NC_045512.2	13171	T	A	918	321	39	1	0	26	0.00108814	919	0.999052	FALSE	NA	NA	NA	NA	NA	NA
NC_045512.2	13172	G	C	911	319	38	4	2	34	0.00437158	915	0.0624315	FALSE	NA	NA	NA	NA	NA	NA
NC_045512.2	13177	T	-G	917	320	39	1	0	20	0.00109051	917	0.999058	FALSE	NA	NA	NA	NA	NA	NA
NC_045512.2	13183	G	A	899	314	39	7	3	34	0.00772627	906	0.00775211	TRUE	NA	NA	NA	NA	NA	NA
NC_045512.2	13184	G	A	507	126	42	147	0	31	0.224771	654	5.98756e-49	TRUE	NA	NA	NA	NA	NA	NA
NC_045512.2	13192	A	C	496	192	33	1	1	34	0.00201207	497	0.500504	FALSE	NA	NA	NA	NA	NA	NA
NC_045512.2	13194	T	C	503	297	45	125	125	32	0.199045	628	2.72978e-41	TRUE	NA	NA	NA	NA	NA	NA
NC_045512.2	13199	C	T	814	433	41	2	1	34	0.00245098	816	0.250153	FALSE	NA	NA	NA	NA	NA	NA
NC_045512.2	13204	A	C	820	436	41	1	1	26	0.00121803	821	0.9981	FALSE	NA	NA	NA	NA	NA	NA
NC_045512.2	13219	A	G	820	439	41	2	1	34	0.00243309	822	0.250152	FALSE	NA	NA	NA	NA	NA	NA
NC_045512.2	13227	T	C	813	428	40	1	1	34	0.0012285	814	0.500307	FALSE	NA	NA	NA	NA	NA	NA
NC_045512.2	13240	G	A	823	441	41	2	1	34	0.00242424	825	0.250152	FALSE	NA	NA	NA	NA	NA	NA
NC_045512.2	13246	T	C	814	433	40	1	0	34	0.00122699	815	0.500307	FALSE	NA	NA	NA	NA	NA	NA
NC_045512.2	13252	C	A	823	440	41	1	1	34	0.00121359	824	0.500304	FALSE	NA	NA	NA	NA	NA	NA
NC_045512.2	13262	C	A	591	282	45	1	0	34	0.00168919	592	0.500423	FALSE	NA	NA	NA	NA	NA	NA
NC_045512.2	13266	T	A	597	283	45	1	0	27	0.00167224	598	0.984648	FALSE	NA	NA	NA	NA	NA	NA
NC_045512.2	13290	T	A	585	369	33	1	1	26	0.00170648	586	0.984654	FALSE	NA	NA	NA	NA	NA	NA
NC_045512.2	13308	A	G	590	377	33	1	0	34	0.00169205	591	0.500423	FALSE	NA	NA	NA	NA	NA	NA
NC_045512.2	13310	T	C	590	376	33	4	2	34	0.00673401	594	0.0623943	FALSE	NA	NA	NA	NA	NA	NA
NC_045512.2	13326	C	+A	591	376	34	4	0	20	0.00676819	591	0.751071	FALSE	NA	NA	NA	NA	NA	NA
NC_045512.2	13334	G	A	590	376	34	4	2	34	0.00673401	594	0.0623943	FALSE	NA	NA	NA	NA	NA	NA
NC_045512.2	13345	T	A	91	35	34	140	0	33	0.606061	231	2.93137e-56	TRUE	NA	NA	NA	NA	NA	NA
NC_045512.2	13412	T	C	198	74	45	1	0	34	0.00502513	199	0.501259	FALSE	NA	NA	NA	NA	NA	NA
NC_045512.2	13432	C	G	199	76	44	1	0	27	0.00497512	201	0.87594	FALSE	NA	NA	NA	NA	NA	NA
NC_045512.2	13432	C	A	199	76	44	1	0	34	0.00497512	201	0.5	FALSE	NA	NA	NA	NA	NA	NA
NC_045512.2	13456	A	T	197	74	45	2	0	34	0.0100503	199	0.25063	FALSE	NA	NA	NA	NA	NA	NA
NC_045512.2	13462	T	C	199	74	45	1	1	68	0.005	200	0.501253	FALSE	NA	NA	NA	NA	NA	NA
NC_045512.2	13504	T	A	257	122	45	1	0	34	0.00387597	258	0.500971	FALSE	NA	NA	NA	NA	NA	NA
NC_045512.2	13507	G	T	258	122	45	1	1	26	0.003861	259	0.876449	FALSE	NA	NA	NA	NA	NA	NA
NC_045512.2	13561	A	C	260	170	35	1	1	34	0.00383142	261	0.50096	FALSE	NA	NA	NA	NA	NA	NA
NC_045512.2	13571	G	A	259	169	35	2	1	34	0.00766284	261	0.25048	FALSE	NA	NA	NA	NA	NA	NA
NC_045512.2	13579	A	G	259	170	34	2	1	34	0.00766284	261	0.25048	FALSE	NA	NA	NA	NA	NA	NA
NC_045512.2	13601	G	A	252	168	35	4	2	34	0.015625	256	0.0622532	FALSE	NA	NA	NA	NA	NA	NA
NC_045512.2	13605	C	T	252	168	34	9	4	64	0.0344828	261	0.00185283	TRUE	NA	NA	NA	NA	NA	NA
NC_045512.2	13610	A	G	257	169	35	1	1	34	0.00387597	258	0.500971	FALSE	NA	NA	NA	NA	NA	NA
NC_045512.2	13612	G	-A	261	172	35	2	0	20	0.00766284	261	0.692518	FALSE	NA	NA	NA	NA	NA	NA
NC_045512.2	13685	A	G	21	19	34	1	1	34	0.0454545	22	0.511628	FALSE	NA	NA	NA	NA	NA	NA
NC_045512.2	13715	A	-T	65	26	48	6	0	20	0.0923077	65	0.0190658	FALSE	NA	NA	NA	NA	NA	NA
NC_045512.2	13725	T	C	64	27	51	1	0	68	0.0153846	65	0.503876	FALSE	NA	NA	NA	NA	NA	NA
NC_045512.2	13735	C	T	56	24	51	9	3	56	0.138462	65	0.00155993	TRUE	NA	NA	NA	NA	NA	NA
NC_045512.2	13766	A	T	63	26	49	1	0	34	0.015625	64	0.503937	FALSE	NA	NA	NA	NA	NA	NA
NC_045512.2	13808	C	-A	153	70	44	1	0	20	0.00653595	153	0.754077	FALSE	NA	NA	NA	NA	NA	NA
NC_045512.2	13865	T	C	179	97	34	2	1	34	0.0110497	181	0.250693	FALSE	NA	NA	NA	NA	NA	NA
NC_045512.2	13892	G	C	180	97	34	1	1	34	0.00552486	181	0.501385	FALSE	NA	NA	NA	NA	NA	NA
NC_045512.2	14037	T	C	61	32	53	4	2	34	0.0615385	65	0.0614967	FALSE	NA	NA	NA	NA	NA	NA
NC_045512.2	14065	A	G	63	33	52	1	1	34	0.015625	64	0.503937	FALSE	NA	NA	NA	NA	NA	NA
NC_045512.2	14078	A	G	64	33	52	1	1	60	0.0153846	65	0.503876	FALSE	NA	NA	NA	NA	NA	NA
NC_045512.2	14165	T	G	24	3	33	2	2	34	0.0769231	26	0.254902	FALSE	NA	NA	NA	NA	NA	NA
NC_045512.2	14330	A	G	20	12	60	2	0	26	0.0909091	22	0.255814	FALSE	NA	NA	NA	NA	NA	NA
NC_045512.2	14371	G	A	57	37	34	1	1	34	0.0172414	58	0.504348	FALSE	NA	NA	NA	NA	NA	NA
NC_045512.2	14396	C	G	57	39	34	2	0	34	0.0338983	59	0.252137	FALSE	NA	NA	NA	NA	NA	NA
NC_045512.2	14408	C	T	5	0	34	39	20	34	0.886364	44	1.30469e-19	TRUE	NA	NA	NA	NA	NA	NA
NC_045512.2	14490	G	T	44	22	37	14	14	31	0.241379	58	2.84943e-05	TRUE	NA	NA	NA	NA	NA	NA
NC_045512.2	14495	G	A	113	26	35	10	0	30	0.0813008	123	0.000841523	TRUE	NA	NA	NA	NA	NA	NA
NC_045512.2	14510	A	G	111	25	35	2	1	34	0.0176991	113	0.251111	FALSE	NA	NA	NA	NA	NA	NA
NC_045512.2	14516	T	C	109	25	35	2	1	34	0.018018	111	0.251131	FALSE	NA	NA	NA	NA	NA	NA
NC_045512.2	14560	T	C	109	27	34	1	0	34	0.00909091	110	0.502283	FALSE	NA	NA	NA	NA	NA	NA
NC_045512.2	14571	C	T	111	32	38	9	9	32	0.075	120	0.00173691	TRUE	NA	NA	NA	NA	NA	NA
NC_045512.2	14599	C	T	119	30	38	25	13	35	0.173611	144	1.04357e-08	TRUE	NA	NA	NA	NA	NA	NA
NC_045512.2	14679	T	-AA	106	35	37	1	0	20	0.00943396	106	0.755879	FALSE	NA	NA	NA	NA	NA	NA
NC_045512.2	14689	A	G	106	36	36	1	1	68	0.00934579	107	0.502347	FALSE	NA	NA	NA	NA	NA	NA
NC_045512.2	14713	T	-C	107	36	37	3	0	20	0.0280374	107	0.324827	FALSE	NA	NA	NA	NA	NA	NA
NC_045512.2	14789	T	C	132	64	44	1	1	27	0.0075188	133	0.75283	FALSE	NA	NA	NA	NA	NA	NA
NC_045512.2	14798	A	C	131	63	44	1	1	26	0.00757576	132	0.752852	FALSE	NA	NA	NA	NA	NA	NA
NC_045512.2	14932	C	T	78	38	56	1	1	34	0.0126582	79	0.503185	FALSE	NA	NA	NA	NA	NA	NA
NC_045512.2	14966	G	C	43	17	58	1	0	34	0.0227273	44	0.505747	FALSE	NA	NA	NA	NA	NA	NA
NC_045512.2	15002	A	G	39	21	61	2	2	51	0.0487805	41	0.253086	FALSE	NA	NA	NA	NA	NA	NA
NC_045512.2	15005	A	G	116	52	58	2	0	68	0.0169492	118	0.251064	FALSE	NA	NA	NA	NA	NA	NA
NC_045512.2	15031	A	G	54	17	52	29	17	66	0.349398	83	1.15303e-10	TRUE	NA	NA	NA	NA	NA	NA
NC_045512.2	15150	G	+T	164	84	62	3	0	20	0.0182927	164	0.320529	FALSE	NA	NA	NA	NA	NA	NA
NC_045512.2	15179	C	T	242	84	49	1	0	34	0.00411523	243	0.501031	FALSE	NA	NA	NA	NA	NA	NA
NC_045512.2	15195	T	C	243	85	50	1	1	68	0.00409836	244	0.501027	FALSE	NA	NA	NA	NA	NA	NA
NC_045512.2	15200	T	C	243	87	50	1	0	34	0.00409836	244	0.501027	FALSE	NA	NA	NA	NA	NA	NA
NC_045512.2	15232	T	C	240	85	50	2	2	34	0.00826446	242	0.250518	FALSE	NA	NA	NA	NA	NA	NA
NC_045512.2	15233	G	A	241	86	50	2	1	68	0.00823045	243	0.250515	FALSE	NA	NA	NA	NA	NA	NA
NC_045512.2	15236	A	G	241	86	50	2	1	68	0.00823045	243	0.250515	FALSE	NA	NA	NA	NA	NA	NA
NC_045512.2	15268	G	-A	388	162	44	4	0	20	0.0103093	388	0.507047	FALSE	NA	NA	NA	NA	NA	NA
NC_045512.2	15268	G	+A	388	162	44	4	0	20	0.0103093	388	0.507047	FALSE	NA	NA	NA	NA	NA	NA
NC_045512.2	15270	A	G	386	160	44	1	0	68	0.00258398	387	0.500647	FALSE	NA	NA	NA	NA	NA	NA
NC_045512.2	15272	A	-C	388	161	44	10	0	20	0.0257732	388	0.0498336	FALSE	NA	NA	NA	NA	NA	NA
NC_045512.2	15278	A	G	385	160	44	1	0	34	0.00259067	386	0.500649	FALSE	NA	NA	NA	NA	NA	NA
NC_045512.2	15306	T	C	387	166	44	1	0	68	0.00257732	388	0.500645	FALSE	NA	NA	NA	NA	NA	NA
NC_045512.2	15311	G	A	386	164	44	1	1	68	0.00258398	387	0.500647	FALSE	NA	NA	NA	NA	NA	NA
NC_045512.2	15312	A	G	376	165	41	1	0	34	0.00265252	377	0.500664	FALSE	NA	NA	NA	NA	NA	NA
NC_045512.2	15318	G	C	390	166	44	1	1	34	0.00255754	391	0.50064	FALSE	NA	NA	NA	NA	NA	NA
NC_045512.2	15341	C	T	311	169	33	2	1	34	0.00638978	313	0.2504	FALSE	NA	NA	NA	NA	NA	NA
NC_045512.2	15353	T	C	315	170	33	36	36	32	0.102564	351	5.95769e-12	TRUE	NA	NA	NA	NA	NA	NA
NC_045512.2	15357	T	-C	774	389	36	6	0	20	0.00775194	774	0.71594	FALSE	NA	NA	NA	NA	NA	NA
NC_045512.2	15360	C	+A	775	388	36	10	0	20	0.0129032	775	0.324154	FALSE	NA	NA	NA	NA	NA	NA
NC_045512.2	15363	A	G	667	387	34	1	0	34	0.00149701	668	0.500375	FALSE	NA	NA	NA	NA	NA	NA
NC_045512.2	15368	C	-A	772	387	36	4	0	20	0.00518135	772	0.88962	FALSE	NA	NA	NA	NA	NA	NA
NC_045512.2	15371	C	G	772	388	36	1	0	34	0.00129366	773	0.500324	FALSE	NA	NA	NA	NA	NA	NA
NC_045512.2	15428	T	-G	526	308	39	76	0	20	0.144487	526	1.60385e-16	TRUE	NA	NA	NA	NA	NA	NA
NC_045512.2	15442	A	G	559	312	40	2	1	34	0.00356506	561	0.250223	FALSE	NA	NA	NA	NA	NA	NA
NC_045512.2	15454	T	C	483	274	39	82	42	42	0.145133	565	9.36037e-27	TRUE	NA	NA	NA	NA	NA	NA
NC_045512.2	15465	T	C	562	315	40	1	0	68	0.0017762	563	0.500444	FALSE	NA	NA	NA	NA	NA	NA
NC_045512.2	15471	A	G	562	314	40	2	1	34	0.0035461	564	0.250222	FALSE	NA	NA	NA	NA	NA	NA
NC_045512.2	15486	A	-G	559	315	40	52	0	20	0.0930233	559	1.07398e-10	TRUE	NA	NA	NA	NA	NA	NA
NC_045512.2	15493	G	-C	563	316	40	4	0	20	0.0071048	563	0.751318	FALSE	NA	NA	NA	NA	NA	NA
NC_045512.2	15496	A	T	561	315	40	2	1	34	0.0035524	563	0.250222	FALSE	NA	NA	NA	NA	NA	NA
NC_045512.2	15505	T	A	131	65	60	122	0	32	0.482213	253	8.17908e-46	TRUE	NA	NA	NA	NA	NA	NA
NC_045512.2	15528	T	G	130	103	41	1	0	27	0.00763359	131	0.752874	FALSE	NA	NA	NA	NA	NA	NA
NC_045512.2	15531	T	C	737	159	35	1	0	34	0.00135501	738	0.500339	FALSE	NA	NA	NA	NA	NA	NA
NC_045512.2	15548	A	G	737	160	35	1	0	34	0.00135501	738	0.500339	FALSE	NA	NA	NA	NA	NA	NA
NC_045512.2	15554	A	C	737	160	35	1	1	26	0.00135501	738	0.996188	FALSE	NA	NA	NA	NA	NA	NA
NC_045512.2	15559	C	T	739	161	35	1	0	34	0.00135135	740	0.500338	FALSE	NA	NA	NA	NA	NA	NA
NC_045512.2	15565	T	C	737	158	35	2	1	34	0.00270636	739	0.250169	FALSE	NA	NA	NA	NA	NA	NA
NC_045512.2	15570	T	A	735	155	35	1	0	34	0.0013587	736	0.50034	FALSE	NA	NA	NA	NA	NA	NA
NC_045512.2	15572	A	G	740	158	35	2	2	34	0.00269542	742	0.250169	FALSE	NA	NA	NA	NA	NA	NA
NC_045512.2	15583	A	C	629	61	34	7	7	32	0.0110063	636	0.00772645	TRUE	NA	NA	NA	NA	NA	NA
NC_045512.2	15595	T	C	781	407	53	3	3	34	0.00382653	784	0.125	FALSE	NA	NA	NA	NA	NA	NA
NC_045512.2	15596	A	G	791	416	54	1	0	68	0.00126263	792	0.500316	FALSE	NA	NA	NA	NA	NA	NA
NC_045512.2	15626	A	G	791	416	54	1	0	27	0.00126263	792	0.996182	FALSE	NA	NA	NA	NA	NA	NA
NC_045512.2	15631	C	T	791	416	54	1	0	60	0.00126263	792	0.500316	FALSE	NA	NA	NA	NA	NA	NA
NC_045512.2	15634	T	G	782	408	53	1	0	27	0.00127714	783	0.996183	FALSE	NA	NA	NA	NA	NA	NA
NC_045512.2	15643	A	G	788	417	53	1	0	68	0.00126743	789	0.500317	FALSE	NA	NA	NA	NA	NA	NA
NC_045512.2	15647	A	G	783	419	52	1	0	38	0.00127551	784	0.500319	FALSE	NA	NA	NA	NA	NA	NA
NC_045512.2	15663	T	C	791	418	54	1	1	27	0.00126263	792	0.996182	FALSE	NA	NA	NA	NA	NA	NA
NC_045512.2	15664	G	A	790	420	54	1	0	68	0.00126422	791	0.500316	FALSE	NA	NA	NA	NA	NA	NA
NC_045512.2	15667	A	G	790	418	54	1	0	46	0.00126422	791	0.500316	FALSE	NA	NA	NA	NA	NA	NA
NC_045512.2	15668	A	T	789	418	54	1	0	68	0.00126582	790	0.500317	FALSE	NA	NA	NA	NA	NA	NA
NC_045512.2	15680	C	T	657	356	57	2	1	34	0.0030349	659	0.25019	FALSE	NA	NA	NA	NA	NA	NA
NC_045512.2	15681	A	G	658	580	33	1	0	34	0.00151745	659	0.50038	FALSE	NA	NA	NA	NA	NA	NA
NC_045512.2	15694	C	T	675	580	33	1	0	34	0.00147929	676	0.50037	FALSE	NA	NA	NA	NA	NA	NA
NC_045512.2	15700	T	C	674	578	33	2	2	34	0.00295858	676	0.250185	FALSE	NA	NA	NA	NA	NA	NA
NC_045512.2	15710	T	C	672	577	33	2	1	34	0.00296736	674	0.250186	FALSE	NA	NA	NA	NA	NA	NA
NC_045512.2	15714	C	T	0	0	0	672	578	33	1	672	0	TRUE	NA	NA	NA	NA	NA	NA
NC_045512.2	15719	A	G	674	578	33	1	1	26	0.00148148	675	0.992349	FALSE	NA	NA	NA	NA	NA	NA
NC_045512.2	15726	T	C	661	565	33	1	1	34	0.00151057	662	0.500378	FALSE	NA	NA	NA	NA	NA	NA
NC_045512.2	15735	T	A	23	4	34	47	0	31	0.671429	70	5.99368e-20	TRUE	NA	NA	NA	NA	NA	NA
NC_045512.2	15753	A	+T	273	15	35	5	0	20	0.018315	273	0.234124	FALSE	NA	NA	NA	NA	NA	NA
NC_045512.2	15755	C	T	266	15	35	8	0	34	0.0291971	274	0.00376399	TRUE	NA	NA	NA	NA	NA	NA
NC_045512.2	15758	A	G	270	15	35	1	0	26	0.00369004	271	0.876385	FALSE	NA	NA	NA	NA	NA	NA
NC_045512.2	15818	T	C	274	16	35	1	0	34	0.00363636	275	0.500911	FALSE	NA	NA	NA	NA	NA	NA
NC_045512.2	15835	T	A	717	350	64	2	0	34	0.00278164	719	0.250174	FALSE	NA	NA	NA	NA	NA	NA
NC_045512.2	15841	A	G	717	356	64	1	0	34	0.00139276	718	0.500348	FALSE	NA	NA	NA	NA	NA	NA
NC_045512.2	15843	T	C	718	356	64	1	0	24	0.00139082	719	0.996191	FALSE	NA	NA	NA	NA	NA	NA
NC_045512.2	15848	C	T	717	354	64	1	1	68	0.00139276	718	0.500348	FALSE	NA	NA	NA	NA	NA	NA
NC_045512.2	15882	T	C	716	355	65	1	0	24	0.0013947	717	0.996191	FALSE	NA	NA	NA	NA	NA	NA
NC_045512.2	15889	A	G	717	358	62	1	0	68	0.00139276	718	0.500348	FALSE	NA	NA	NA	NA	NA	NA
NC_045512.2	15899	T	A	700	348	64	10	0	32	0.0140845	710	0.000952607	TRUE	NA	NA	NA	NA	NA	NA
NC_045512.2	15934	C	T	718	473	54	1	1	34	0.00139082	719	0.500348	FALSE	NA	NA	NA	NA	NA	NA
NC_045512.2	15937	G	C	718	473	54	1	1	34	0.00139082	719	0.500348	FALSE	NA	NA	NA	NA	NA	NA
NC_045512.2	15942	A	G	718	473	54	1	1	24	0.00139082	719	0.996191	FALSE	NA	NA	NA	NA	NA	NA
NC_045512.2	15943	T	C	716	472	54	3	2	68	0.00417246	719	0.125	FALSE	NA	NA	NA	NA	NA	NA
NC_045512.2	15946	A	G	714	472	53	1	0	27	0.0013986	715	0.996191	FALSE	NA	NA	NA	NA	NA	NA
NC_045512.2	15952	C	T	713	469	53	1	1	34	0.00140056	714	0.50035	FALSE	NA	NA	NA	NA	NA	NA
NC_045512.2	15953	T	C	715	470	54	1	1	34	0.00139665	716	0.500349	FALSE	NA	NA	NA	NA	NA	NA
NC_045512.2	15961	G	A	717	472	54	2	2	57	0.00278164	719	0.250174	FALSE	NA	NA	NA	NA	NA	NA
NC_045512.2	15962	G	-C	718	473	54	1	0	20	0.00139276	718	0.996212	FALSE	NA	NA	NA	NA	NA	NA
NC_045512.2	15964	T	-G	705	460	53	2	0	20	0.00283688	705	0.981061	FALSE	NA	NA	NA	NA	NA	NA
NC_045512.2	15965	G	A	713	470	54	2	1	68	0.0027972	715	0.249476	FALSE	NA	NA	NA	NA	NA	NA
NC_045512.2	15971	T	C	709	465	54	6	6	34	0.00839161	715	0.0155265	FALSE	NA	NA	NA	NA	NA	NA
NC_045512.2	16035	T	C	169	24	36	1	1	24	0.00588235	170	0.752212	FALSE	NA	NA	NA	NA	NA	NA
NC_045512.2	16036	G	T	169	25	36	1	0	34	0.00588235	170	0.501475	FALSE	NA	NA	NA	NA	NA	NA
NC_045512.2	16145	T	C	326	143	47	1	0	68	0.0030581	327	0.500766	FALSE	NA	NA	NA	NA	NA	NA
NC_045512.2	16156	A	G	323	140	46	1	0	27	0.00308642	324	0.938464	FALSE	NA	NA	NA	NA	NA	NA
NC_045512.2	16172	A	G	324	143	47	3	1	38	0.00917431	327	0.124999	FALSE	NA	NA	NA	NA	NA	NA
NC_045512.2	16193	C	A	323	219	33	1	1	34	0.00308642	324	0.500773	FALSE	NA	NA	NA	NA	NA	NA
NC_045512.2	16205	A	C	325	231	36	2	2	34	0.00611621	327	0.250383	FALSE	NA	NA	NA	NA	NA	NA
NC_045512.2	16218	A	G	279	174	37	2	1	34	0.00711744	281	0.250446	FALSE	NA	NA	NA	NA	NA	NA
NC_045512.2	16289	C	T	82	31	42	21	21	29	0.203883	103	2.15875e-06	TRUE	NA	NA	NA	NA	NA	NA
NC_045512.2	16337	T	C	108	54	40	2	2	34	0.0181818	110	0.251142	FALSE	NA	NA	NA	NA	NA	NA
NC_045512.2	16351	C	A	109	56	39	2	2	34	0.018018	111	0.251131	FALSE	NA	NA	NA	NA	NA	NA
NC_045512.2	16428	C	T	76	45	45	2	2	34	0.025641	78	0.251613	FALSE	NA	NA	NA	NA	NA	NA
NC_045512.2	16485	G	A	27	25	34	1	1	34	0.0357143	28	0.509091	FALSE	NA	NA	NA	NA	NA	NA
NC_045512.2	16539	T	A	17	3	48	1	0	34	0.0555556	18	0.514286	FALSE	NA	NA	NA	NA	NA	NA
NC_045512.2	16580	C	-A	70	3	37	1	0	20	0.0142857	70	0.507143	FALSE	NA	NA	NA	NA	NA	NA
NC_045512.2	16658	C	T	186	65	50	13	0	34	0.0653266	199	0.000103073	TRUE	NA	NA	NA	NA	NA	NA
NC_045512.2	16664	A	T	198	66	49	1	0	24	0.00502513	199	0.751889	FALSE	NA	NA	NA	NA	NA	NA
NC_045512.2	16686	T	C	197	64	49	1	1	68	0.00505051	198	0.501266	FALSE	NA	NA	NA	NA	NA	NA
NC_045512.2	16706	T	C	196	65	50	2	2	34	0.010101	198	0.250633	FALSE	NA	NA	NA	NA	NA	NA
NC_045512.2	16723	T	C	193	81	42	1	1	68	0.00515464	194	0.501292	FALSE	NA	NA	NA	NA	NA	NA
NC_045512.2	16743	T	+G	276	160	57	1	0	20	0.00362319	276	0.877032	FALSE	NA	NA	NA	NA	NA	NA
NC_045512.2	16803	A	G	169	78	64	1	0	24	0.00588235	170	0.752212	FALSE	NA	NA	NA	NA	NA	NA
NC_045512.2	16845	T	C	194	138	47	2	2	34	0.0102041	196	0.250639	FALSE	NA	NA	NA	NA	NA	NA
NC_045512.2	16930	G	C	127	25	34	1	0	34	0.0078125	128	0.501961	FALSE	NA	NA	NA	NA	NA	NA
NC_045512.2	17030	A	G	417	201	41	2	0	30	0.00477327	419	0.250299	FALSE	NA	NA	NA	NA	NA	NA
NC_045512.2	17090	G	C	417	251	35	3	3	34	0.00714286	420	0.124999	FALSE	NA	NA	NA	NA	NA	NA
NC_045512.2	17119	C	T	445	253	34	1	1	34	0.00224215	446	0.500561	FALSE	NA	NA	NA	NA	NA	NA
NC_045512.2	17130	C	+T	445	253	34	1	0	20	0.00224719	445	0.969448	FALSE	NA	NA	NA	NA	NA	NA
NC_045512.2	17131	T	C	444	254	34	2	1	34	0.0044843	446	0.250281	FALSE	NA	NA	NA	NA	NA	NA
NC_045512.2	17176	G	-T	178	49	44	1	0	20	0.00561798	178	0.753505	FALSE	NA	NA	NA	NA	NA	NA
NC_045512.2	17180	A	G	177	49	45	1	0	34	0.00561798	178	0.501408	FALSE	NA	NA	NA	NA	NA	NA
NC_045512.2	17219	A	G	175	49	45	1	0	34	0.00568182	176	0.501425	FALSE	NA	NA	NA	NA	NA	NA
NC_045512.2	17235	T	A	177	53	44	1	0	26	0.00561798	178	0.752113	FALSE	NA	NA	NA	NA	NA	NA
NC_045512.2	17241	T	A	161	73	60	3	0	34	0.0182927	164	0.124996	FALSE	NA	NA	NA	NA	NA	NA
NC_045512.2	17351	T	-C	332	185	33	36	0	20	0.108434	332	4.88355e-08	TRUE	NA	NA	NA	NA	NA	NA
NC_045512.2	17357	A	T	333	187	34	2	1	30	0.00597015	335	0.250374	FALSE	NA	NA	NA	NA	NA	NA
NC_045512.2	17410	C	T	0	0	0	260	118	33	1	260	1.66611e-155	TRUE	NA	NA	NA	NA	NA	NA
NC_045512.2	17421	C	G	258	117	33	2	1	34	0.00769231	260	0.250482	FALSE	NA	NA	NA	NA	NA	NA
NC_045512.2	17423	A	T	263	149	40	122	121	33	0.316883	385	2.38199e-42	TRUE	NA	NA	NA	NA	NA	NA
NC_045512.2	17425	G	A	536	284	37	1	0	34	0.0018622	537	0.500466	FALSE	NA	NA	NA	NA	NA	NA
NC_045512.2	17447	A	G	536	282	37	5	3	34	0.00924214	541	0.0311051	FALSE	NA	NA	NA	NA	NA	NA
NC_045512.2	17496	A	C	333	193	34	1	1	34	0.00299401	334	0.50075	FALSE	NA	NA	NA	NA	NA	NA
NC_045512.2	17501	T	G	331	193	34	1	0	34	0.00301205	332	0.500754	FALSE	NA	NA	NA	NA	NA	NA
NC_045512.2	17512	T	C	332	193	34	1	1	34	0.003003	333	0.500752	FALSE	NA	NA	NA	NA	NA	NA
NC_045512.2	17534	G	T	333	198	35	1	1	26	0.00299401	334	0.938435	FALSE	NA	NA	NA	NA	NA	NA
NC_045512.2	17545	T	G	352	199	35	2	0	34	0.00564972	354	0.250354	FALSE	NA	NA	NA	NA	NA	NA
NC_045512.2	17574	T	A	31	6	41	106	0	32	0.773723	137	6.83739e-48	TRUE	NA	NA	NA	NA	NA	NA
NC_045512.2	17656	A	G	75	42	41	1	0	27	0.0131579	76	0.503311	FALSE	NA	NA	NA	NA	NA	NA
NC_045512.2	17701	A	T	65	42	34	108	108	33	0.624277	173	5.50946e-44	TRUE	NA	NA	NA	NA	NA	NA
NC_045512.2	17742	T	C	297	157	34	2	1	34	0.00668896	299	0.250419	FALSE	NA	NA	NA	NA	NA	NA
NC_045512.2	17797	G	C	244	122	34	1	1	34	0.00408163	245	0.501022	FALSE	NA	NA	NA	NA	NA	NA
NC_045512.2	17808	G	T	239	121	34	2	1	34	0.00829876	241	0.25052	FALSE	NA	NA	NA	NA	NA	NA
NC_045512.2	17837	A	-T	243	123	34	5	0	20	0.0205761	243	0.235064	FALSE	NA	NA	NA	NA	NA	NA
NC_045512.2	17846	A	T	237	119	34	8	4	34	0.0326531	245	0.00374719	TRUE	NA	NA	NA	NA	NA	NA
NC_045512.2	17852	C	A	4	0	51	77	0	31	0.950617	81	1.05464e-41	TRUE	NA	NA	NA	NA	NA	NA
NC_045512.2	17881	A	T	2	2	51	17	17	32	0.894737	19	1.07511e-08	TRUE	NA	NA	NA	NA	NA	NA
NC_045512.2	17884	A	-C	155	24	33	1	0	20	0.00645161	155	0.754024	FALSE	NA	NA	NA	NA	NA	NA
NC_045512.2	17896	C	T	156	24	34	1	0	34	0.00636943	157	0.501597	FALSE	NA	NA	NA	NA	NA	NA
NC_045512.2	17965	T	A	154	22	33	1	1	34	0.00645161	155	0.501618	FALSE	NA	NA	NA	NA	NA	NA
NC_045512.2	17969	A	C	157	71	53	5	5	32	0.0308642	162	0.0307617	FALSE	NA	NA	NA	NA	NA	NA
NC_045512.2	17977	C	G	167	75	52	1	1	34	0.00595238	168	0.501493	FALSE	NA	NA	NA	NA	NA	NA
NC_045512.2	17978	T	C	163	71	49	1	0	34	0.00609756	164	0.501529	FALSE	NA	NA	NA	NA	NA	NA
NC_045512.2	18032	C	A	123	59	55	14	0	30	0.10219	137	4.53501e-05	TRUE	NA	NA	NA	NA	NA	NA
NC_045512.2	18037	C	G	110	102	33	1	0	34	0.00900901	111	0.502262	FALSE	NA	NA	NA	NA	NA	NA
NC_045512.2	18116	A	G	128	117	34	1	0	34	0.00775194	129	0.501946	FALSE	NA	NA	NA	NA	NA	NA
NC_045512.2	18163	A	G	105	35	33	25	20	42	0.192308	130	9.20269e-09	TRUE	NA	NA	NA	NA	NA	NA
NC_045512.2	18194	G	T	61	31	37	70	24	33	0.534351	131	3.08689e-27	TRUE	NA	NA	NA	NA	NA	NA
NC_045512.2	18209	T	G	112	39	35	2	0	30	0.0175439	114	0.251101	FALSE	NA	NA	NA	NA	NA	NA
NC_045512.2	18251	A	G	114	44	33	1	0	34	0.00869565	115	0.502183	FALSE	NA	NA	NA	NA	NA	NA
NC_045512.2	18275	C	A	732	336	35	2	0	34	0.0027248	734	0.25017	FALSE	NA	NA	NA	NA	NA	NA
NC_045512.2	18325	G	A	657	336	35	1	1	34	0.00151976	658	0.50038	FALSE	NA	NA	NA	NA	NA	NA
NC_045512.2	18330	T	G	659	343	36	2	0	30	0.00302572	661	0.250189	FALSE	NA	NA	NA	NA	NA	NA
NC_045512.2	18333	A	C	648	344	35	1	1	34	0.00154083	649	0.500386	FALSE	NA	NA	NA	NA	NA	NA
NC_045512.2	18355	C	T	684	356	36	1	1	60	0.00145985	685	0.500365	FALSE	NA	NA	NA	NA	NA	NA
NC_045512.2	18368	G	-T	685	358	36	5	0	20	0.00729927	685	0.731325	FALSE	NA	NA	NA	NA	NA	NA
NC_045512.2	18385	A	G	675	356	36	1	0	34	0.00147929	676	0.50037	FALSE	NA	NA	NA	NA	NA	NA
NC_045512.2	18386	A	G	667	353	36	6	3	34	0.0089153	673	0.0155203	FALSE	NA	NA	NA	NA	NA	NA
NC_045512.2	18451	G	T	124	85	39	4	2	32	0.03125	128	0.0620011	FALSE	NA	NA	NA	NA	NA	NA
NC_045512.2	18577	A	G	137	71	36	1	1	34	0.00724638	138	0.501818	FALSE	NA	NA	NA	NA	NA	NA
NC_045512.2	18584	T	C	92	50	33	2	1	34	0.0212766	94	0.251337	FALSE	NA	NA	NA	NA	NA	NA
NC_045512.2	18617	C	G	141	78	45	1	0	34	0.00704225	142	0.501767	FALSE	NA	NA	NA	NA	NA	NA
NC_045512.2	18646	C	T	143	76	46	4	2	32	0.0272109	147	0.0620668	FALSE	NA	NA	NA	NA	NA	NA
NC_045512.2	18660	T	A	69	28	57	22	0	34	0.241758	91	6.4026e-08	TRUE	NA	NA	NA	NA	NA	NA
NC_045512.2	18689	T	C	136	38	45	4	3	68	0.0285714	140	0.0620447	FALSE	NA	NA	NA	NA	NA	NA
NC_045512.2	18741	T	A	86	6	38	1	0	26	0.0114943	87	0.50289	FALSE	NA	NA	NA	NA	NA	NA
NC_045512.2	18742	T	C	86	6	38	1	0	34	0.0114943	87	0.50289	FALSE	NA	NA	NA	NA	NA	NA
NC_045512.2	18751	A	+T	87	25	44	1	0	20	0.0114943	87	0.505747	FALSE	NA	NA	NA	NA	NA	NA
NC_045512.2	18760	A	T	231	66	38	1	0	34	0.00431034	232	0.50108	FALSE	NA	NA	NA	NA	NA	NA
NC_045512.2	18769	G	T	231	66	37	2	1	34	0.00858369	233	0.250538	FALSE	NA	NA	NA	NA	NA	NA
NC_045512.2	18779	G	T	229	66	38	1	0	34	0.00434783	230	0.501089	FALSE	NA	NA	NA	NA	NA	NA
NC_045512.2	18868	A	T	406	230	38	1	1	68	0.002457	407	0.500615	FALSE	NA	NA	NA	NA	NA	NA
NC_045512.2	18882	T	C	396	221	38	2	2	34	0.00502513	398	0.250314	FALSE	NA	NA	NA	NA	NA	NA
NC_045512.2	18896	T	C	405	232	39	2	1	34	0.004914	407	0.250308	FALSE	NA	NA	NA	NA	NA	NA
NC_045512.2	18922	G	A	297	191	33	3	0	34	0.01	300	0.124999	FALSE	NA	NA	NA	NA	NA	NA
NC_045512.2	18965	G	A	311	205	37	2	2	34	0.00638978	313	0.2504	FALSE	NA	NA	NA	NA	NA	NA
NC_045512.2	18967	A	-G	316	209	36	2	0	20	0.00632911	316	0.816439	FALSE	NA	NA	NA	NA	NA	NA
NC_045512.2	19016	T	C	51	42	36	1	1	34	0.0192308	52	0.504854	FALSE	NA	NA	NA	NA	NA	NA
NC_045512.2	19058	G	A	104	43	35	2	2	34	0.0188679	106	0.251185	FALSE	NA	NA	NA	NA	NA	NA
NC_045512.2	19069	G	A	105	44	35	1	1	34	0.00943396	106	0.50237	FALSE	NA	NA	NA	NA	NA	NA
NC_045512.2	19110	T	C	117	41	39	1	1	68	0.00847458	118	0.502128	FALSE	NA	NA	NA	NA	NA	NA
NC_045512.2	19165	A	G	115	42	39	1	1	68	0.00862069	116	0.502165	FALSE	NA	NA	NA	NA	NA	NA
NC_045512.2	19281	T	-G	90	42	34	5	0	20	0.0555556	90	0.0348235	FALSE	NA	NA	NA	NA	NA	NA
NC_045512.2	19355	T	C	54	15	34	1	0	34	0.0181818	55	0.504587	FALSE	NA	NA	NA	NA	NA	NA
NC_045512.2	19397	A	G	62	29	45	1	0	68	0.015873	63	0.504	FALSE	NA	NA	NA	NA	NA	NA
NC_045512.2	19497	T	G	182	36	36	1	0	34	0.00546448	183	0.50137	FALSE	NA	NA	NA	NA	NA	NA
NC_045512.2	19504	A	-ATGAGTACAGATTGTATCTCGATGCTT	184	37	36	1	0	20	0.00543478	184	0.753391	FALSE	NA	NA	NA	NA	NA	NA
NC_045512.2	19523	T	C	149	9	36	1	0	34	0.00666667	150	0.5	FALSE	NA	NA	NA	NA	NA	NA
NC_045512.2	19549	G	A	188	89	60	1	1	34	0.00529101	189	0.501326	FALSE	NA	NA	NA	NA	NA	NA
NC_045512.2	19592	A	C	189	90	60	1	1	27	0.00526316	190	0.751979	FALSE	NA	NA	NA	NA	NA	NA
NC_045512.2	19616	T	C	166	137	34	1	1	34	0.00598802	167	0.501502	FALSE	NA	NA	NA	NA	NA	NA
NC_045512.2	19625	T	C	160	131	35	12	12	33	0.0697674	172	0.000207414	TRUE	NA	NA	NA	NA	NA	NA
NC_045512.2	19636	G	A	172	143	35	1	1	34	0.00578035	173	0.501449	FALSE	NA	NA	NA	NA	NA	NA
NC_045512.2	19718	C	T	40	34	45	2	1	68	0.047619	42	0.253012	FALSE	NA	NA	NA	NA	NA	NA
NC_045512.2	19789	C	G	53	39	47	1	0	27	0.0185185	54	0.504673	FALSE	NA	NA	NA	NA	NA	NA
NC_045512.2	19892	A	C	7	5	39	32	32	33	0.820513	39	3.33465e-15	TRUE	NA	NA	NA	NA	NA	NA
NC_045512.2	19936	G	A	86	43	34	2	1	34	0.0227273	88	0.251429	FALSE	NA	NA	NA	NA	NA	NA
NC_045512.2	19946	A	C	83	43	33	1	1	34	0.0119048	84	0.502994	FALSE	NA	NA	NA	NA	NA	NA
NC_045512.2	19955	C	T	0	0	0	83	39	34	1	83	3.45795e-49	TRUE	NA	NA	NA	NA	NA	NA
NC_045512.2	20055	A	G	0	0	0	31	16	34	1	31	4.29712e-18	TRUE	NA	NA	NA	NA	NA	NA
NC_045512.2	20162	A	T	9	5	34	14	14	32	0.608696	23	4.89713e-06	TRUE	NA	NA	NA	NA	NA	NA
NC_045512.2	20313	C	A	7	5	52	16	0	34	0.695652	23	3.79132e-07	TRUE	NA	NA	NA	NA	NA	NA
NC_045512.2	20433	G	T	50	24	34	15	6	34	0.230769	65	1.38659e-05	TRUE	NA	NA	NA	NA	NA	NA
NC_045512.2	20445	T	C	64	29	34	1	1	34	0.0153846	65	0.503876	FALSE	NA	NA	NA	NA	NA	NA
NC_045512.2	20621	A	G	9	7	39	1	1	68	0.1	10	0.526316	FALSE	NA	NA	NA	NA	NA	NA
NC_045512.2	20724	A	-G	250	106	33	50	0	20	0.2	250	3.40554e-12	TRUE	NA	NA	NA	NA	NA	NA
NC_045512.2	20756	G	T	238	119	38	11	11	33	0.0441767	249	0.000446035	TRUE	NA	NA	NA	NA	NA	NA
NC_045512.2	20810	G	C	266	131	38	1	1	27	0.00373134	268	0.875704	FALSE	NA	NA	NA	NA	NA	NA
NC_045512.2	20810	G	A	266	131	38	1	0	34	0.00373134	268	0.5	FALSE	NA	NA	NA	NA	NA	NA
NC_045512.2	20812	C	A	77	34	50	75	0	32	0.493421	152	1.57833e-28	TRUE	NA	NA	NA	NA	NA	NA
NC_045512.2	20813	A	T	72	38	44	1	1	46	0.0136986	73	0.503448	FALSE	NA	NA	NA	NA	NA	NA
NC_045512.2	20880	T	A	79	61	38	1	0	34	0.0125	80	0.503145	FALSE	NA	NA	NA	NA	NA	NA
NC_045512.2	20901	T	-A	81	61	38	4	0	20	0.0493827	81	0.068008	FALSE	NA	NA	NA	NA	NA	NA
NC_045512.2	20907	T	A	18	9	52	9	0	33	0.333333	27	0.00105759	TRUE	NA	NA	NA	NA	NA	NA
NC_045512.2	21077	C	T	24	13	46	5	2	40	0.172414	29	0.0283621	FALSE	NA	NA	NA	NA	NA	NA
NC_045512.2	21081	A	-G	29	15	46	2	0	20	0.0689655	29	0.271771	FALSE	NA	NA	NA	NA	NA	NA
NC_045512.2	21100	G	A	28	15	46	1	1	34	0.0344828	29	0.508772	FALSE	NA	NA	NA	NA	NA	NA
NC_045512.2	21130	C	A	120	58	35	7	0	34	0.0551181	127	0.00738029	TRUE	NA	NA	NA	NA	NA	NA
NC_045512.2	21168	G	-AT	126	57	35	14	0	20	0.111111	126	0.000761779	TRUE	NA	NA	NA	NA	NA	NA
NC_045512.2	21172	A	C	113	51	35	14	7	34	0.110236	127	4.42374e-05	TRUE	NA	NA	NA	NA	NA	NA
NC_045512.2	21204	G	T	106	48	33	8	4	34	0.0701754	114	0.00356544	TRUE	NA	NA	NA	NA	NA	NA
NC_045512.2	21231	A	G	180	75	35	1	0	34	0.00552486	181	0.501385	FALSE	NA	NA	NA	NA	NA	NA
NC_045512.2	21281	G	A	62	29	34	28	0	33	0.311111	90	3.64931e-10	TRUE	NA	NA	NA	NA	NA	NA
NC_045512.2	21304	C	T	81	38	48	9	7	45	0.1	90	0.0016665	TRUE	NA	NA	NA	NA	NA	NA
NC_045512.2	21323	A	G	310	154	37	1	1	26	0.00321543	311	0.938504	FALSE	NA	NA	NA	NA	NA	NA
NC_045512.2	21336	A	C	313	157	38	1	1	34	0.00318471	314	0.500797	FALSE	NA	NA	NA	NA	NA	NA
NC_045512.2	21348	T	A	314	159	38	1	0	34	0.0031746	315	0.500795	FALSE	NA	NA	NA	NA	NA	NA
NC_045512.2	21384	T	C	265	153	33	1	1	34	0.0037594	266	0.500942	FALSE	NA	NA	NA	NA	NA	NA
NC_045512.2	21421	A	G	262	153	33	2	1	34	0.00757576	264	0.250474	FALSE	NA	NA	NA	NA	NA	NA
NC_045512.2	21618	C	T	0	0	0	9	4	33	1	9	4.11353e-05	TRUE	NA	NA	NA	NA	NA	NA
NC_045512.2	21632	T	-TACCCCCTG	8	4	34	8	0	20	1	8	0.0262485	FALSE	NA	NA	NA	NA	NA	NA
NC_045512.2	21709	T	G	187	56	33	2	0	34	0.010582	189	0.250663	FALSE	NA	NA	NA	NA	NA	NA
NC_045512.2	21728	T	C	181	51	33	2	1	34	0.010929	183	0.250685	FALSE	NA	NA	NA	NA	NA	NA
NC_045512.2	21731	C	T	153	39	33	28	12	34	0.154696	181	1.30256e-09	TRUE	NA	NA	NA	NA	NA	NA
NC_045512.2	21758	C	T	111	35	33	71	17	34	0.39011	182	1.01821e-25	TRUE	NA	NA	NA	NA	NA	NA
NC_045512.2	21762	C	-TATACA	179	52	33	5	0	20	0.027933	179	0.115344	FALSE	NA	NA	NA	NA	NA	NA
NC_045512.2	21764	A	-TACATG	175	49	33	175	0	20	0.972222	180	3.51762e-39	TRUE	NA	NA	NA	NA	NA	NA
NC_045512.2	21781	C	T	206	101	46	1	1	38	0.00483092	207	0.501211	FALSE	NA	NA	NA	NA	NA	NA
NC_045512.2	21879	T	G	97	88	33	8	4	34	0.0761905	105	0.00353642	TRUE	NA	NA	NA	NA	NA	NA
NC_045512.2	21953	T	C	103	52	63	7	0	32	0.0636364	110	0.00731323	TRUE	NA	NA	NA	NA	NA	NA
NC_045512.2	21964	A	-T	111	54	65	2	0	20	0.018018	111	0.510135	FALSE	NA	NA	NA	NA	NA	NA
NC_045512.2	21969	G	T	108	53	65	1	0	68	0.00917431	109	0.502304	FALSE	NA	NA	NA	NA	NA	NA
NC_045512.2	21984	T	C	110	54	65	1	0	68	0.00900901	111	0.502262	FALSE	NA	NA	NA	NA	NA	NA
NC_045512.2	21987	G	A	4	2	34	107	52	66	0.963964	111	3.70177e-59	TRUE	NA	NA	NA	NA	NA	NA
NC_045512.2	22075	C	T	108	58	63	1	1	68	0.00917431	109	0.502304	FALSE	NA	NA	NA	NA	NA	NA
NC_045512.2	22099	T	A	2	2	68	94	0	34	0.979167	96	2.57964e-53	TRUE	NA	NA	NA	NA	NA	NA
NC_045512.2	22200	T	G	0	0	0	27	14	41	1	27	1.02725e-15	TRUE	NA	NA	NA	NA	NA	NA
NC_045512.2	22211	C	T	1053	486	34	2	0	34	0.00189573	1055	0.500356	FALSE	NA	NA	NA	NA	NA	NA
NC_045512.2	22212	C	T	1048	486	34	2	1	34	0.00190476	1050	0.500357	FALSE	NA	NA	NA	NA	NA	NA
NC_045512.2	22213	T	C	1039	479	34	2	1	34	0.00192123	1041	0.500361	FALSE	NA	NA	NA	NA	NA	NA
NC_045512.2	22218	G	-T	1053	485	34	6	0	20	0.00569801	1053	0.898219	FALSE	NA	NA	NA	NA	NA	NA
NC_045512.2	22239	T	G	1053	488	34	1	0	34	0.000948767	1054	0.750356	FALSE	NA	NA	NA	NA	NA	NA
NC_045512.2	22242	T	G	1053	487	34	1	0	34	0.000948767	1054	0.750356	FALSE	NA	NA	NA	NA	NA	NA
NC_045512.2	22250	C	T	1027	473	34	2	1	34	0.00193611	1033	0.498908	FALSE	NA	NA	NA	NA	NA	NA
NC_045512.2	22250	C	A	1027	473	34	4	2	34	0.00387222	1033	0.186894	FALSE	NA	NA	NA	NA	NA	NA
NC_045512.2	22261	T	C	1025	472	34	1	1	34	0.00097371	1027	0.750122	FALSE	NA	NA	NA	NA	NA	NA
NC_045512.2	22261	T	A	1025	472	34	1	0	34	0.00097371	1027	0.750122	FALSE	NA	NA	NA	NA	NA	NA
NC_045512.2	22270	T	C	1024	472	34	1	1	34	0.00097561	1025	0.750366	FALSE	NA	NA	NA	NA	NA	NA
NC_045512.2	22275	T	C	1033	478	34	2	1	34	0.00193237	1035	0.500363	FALSE	NA	NA	NA	NA	NA	NA
NC_045512.2	22293	T	A	1035	483	34	1	1	34	0.000965251	1036	0.750362	FALSE	NA	NA	NA	NA	NA	NA
NC_045512.2	22296	A	C	1033	481	34	1	1	34	0.000967118	1034	0.750363	FALSE	NA	NA	NA	NA	NA	NA
NC_045512.2	22297	T	A	1033	481	34	2	1	34	0.00193237	1035	0.500363	FALSE	NA	NA	NA	NA	NA	NA
NC_045512.2	22298	A	G	1022	482	34	2	1	34	0.00195312	1024	0.500367	FALSE	NA	NA	NA	NA	NA	NA
NC_045512.2	22320	A	-T	1119	560	36	2	0	20	0.00178731	1119	0.998358	FALSE	NA	NA	NA	NA	NA	NA
NC_045512.2	22330	A	G	1125	556	36	1	1	68	0.000888099	1126	0.500222	FALSE	NA	NA	NA	NA	NA	NA
NC_045512.2	22336	G	A	1121	558	36	2	1	34	0.00178094	1123	0.500334	FALSE	NA	NA	NA	NA	NA	NA
NC_045512.2	22339	A	G	1114	561	35	1	0	34	0.000896861	1115	0.750336	FALSE	NA	NA	NA	NA	NA	NA
NC_045512.2	22342	T	C	1127	558	36	2	1	34	0.00177148	1129	0.500332	FALSE	NA	NA	NA	NA	NA	NA
NC_045512.2	22342	T	-G	1127	558	36	8	0	20	0.00708592	1129	0.824929	FALSE	NA	NA	NA	NA	NA	NA
NC_045512.2	22343	G	C	1111	551	36	5	4	68	0.00448029	1116	0.0306263	FALSE	NA	NA	NA	NA	NA	NA
NC_045512.2	22346	G	A	1123	554	36	1	1	34	0.00088968	1124	0.750334	FALSE	NA	NA	NA	NA	NA	NA
NC_045512.2	22348	T	C	170	78	48	1	1	34	0.00584795	171	0.501466	FALSE	NA	NA	NA	NA	NA	NA
NC_045512.2	22351	A	G	168	77	47	1	1	68	0.00591716	169	0.501484	FALSE	NA	NA	NA	NA	NA	NA
NC_045512.2	22356	A	G	167	78	48	2	1	34	0.0118343	169	0.250742	FALSE	NA	NA	NA	NA	NA	NA
NC_045512.2	22433	T	C	233	154	36	1	0	68	0.0042735	234	0.501071	FALSE	NA	NA	NA	NA	NA	NA
NC_045512.2	22477	C	T	79	47	34	2	1	34	0.0246914	81	0.251553	FALSE	NA	NA	NA	NA	NA	NA
NC_045512.2	22479	T	G	80	48	33	1	0	34	0.0123457	81	0.503106	FALSE	NA	NA	NA	NA	NA	NA
NC_045512.2	22488	A	G	75	46	34	4	2	34	0.0506329	79	0.0616807	FALSE	NA	NA	NA	NA	NA	NA
NC_045512.2	22578	G	A	0	0	0	5	2	68	1	5	0.00793651	TRUE	NA	NA	NA	NA	NA	NA
NC_045512.2	22600	A	T	268	23	37	1	1	24	0.00371747	269	0.876395	FALSE	NA	NA	NA	NA	NA	NA
NC_045512.2	22603	T	C	290	24	38	1	0	38	0.00343643	291	0.500861	FALSE	NA	NA	NA	NA	NA	NA
NC_045512.2	22624	C	G	292	25	38	1	0	34	0.00341297	293	0.500855	FALSE	NA	NA	NA	NA	NA	NA
NC_045512.2	22637	A	G	291	25	38	1	0	34	0.00342466	292	0.500858	FALSE	NA	NA	NA	NA	NA	NA
NC_045512.2	22642	C	G	288	23	38	4	0	32	0.0136986	292	0.0622839	FALSE	NA	NA	NA	NA	NA	NA
NC_045512.2	22659	C	-TG	290	148	65	7	0	20	0.0241379	290	0.0950158	FALSE	NA	NA	NA	NA	NA	NA
NC_045512.2	22666	A	G	291	151	65	1	1	68	0.00342466	292	0.500858	FALSE	NA	NA	NA	NA	NA	NA
NC_045512.2	22670	A	G	291	151	66	1	1	68	0.00342466	292	0.500858	FALSE	NA	NA	NA	NA	NA	NA
NC_045512.2	22674	C	T	0	0	0	292	152	66	1	292	9.57117e-175	TRUE	NA	NA	NA	NA	NA	NA
NC_045512.2	22679	T	C	0	0	0	290	152	66	1	290	1.52614e-173	TRUE	NA	NA	NA	NA	NA	NA
NC_045512.2	22686	C	T	0	0	0	292	154	66	1	292	9.57117e-175	TRUE	NA	NA	NA	NA	NA	NA
NC_045512.2	22688	A	G	0	0	0	291	153	66	1	291	3.82191e-174	TRUE	NA	NA	NA	NA	NA	NA
NC_045512.2	22691	T	C	291	153	64	1	1	68	0.00342466	292	0.500858	FALSE	NA	NA	NA	NA	NA	NA
NC_045512.2	22719	A	G	293	155	65	1	1	68	0.00340136	294	0.500852	FALSE	NA	NA	NA	NA	NA	NA
NC_045512.2	22731	T	A	293	156	65	1	0	68	0.00340136	294	0.500852	FALSE	NA	NA	NA	NA	NA	NA
NC_045512.2	22775	G	A	0	0	0	250	250	33	1	250	1.71315e-149	TRUE	NA	NA	NA	NA	NA	NA
NC_045512.2	22859	G	+T	80	0	34	5	0	20	0.0625	80	0.0352844	FALSE	NA	NA	NA	NA	NA	NA
NC_045512.2	22882	T	G	0	0	0	80	0	33	1	80	2.17285e-47	TRUE	NA	NA	NA	NA	NA	NA
NC_045512.2	22910	A	G	77	0	33	1	0	34	0.0128205	78	0.503226	FALSE	NA	NA	NA	NA	NA	NA
NC_045512.2	22917	T	G	0	0	0	80	0	34	1	80	2.17285e-47	TRUE	NA	NA	NA	NA	NA	NA
NC_045512.2	22934	A	T	79	0	33	1	0	34	0.0125	80	0.503145	FALSE	NA	NA	NA	NA	NA	NA
NC_045512.2	22992	G	A	0	0	0	99	45	61	1	99	8.79087e-59	TRUE	NA	NA	NA	NA	NA	NA
NC_045512.2	22995	C	A	0	0	0	99	44	59	1	99	8.79087e-59	TRUE	NA	NA	NA	NA	NA	NA
NC_045512.2	23013	A	C	0	0	0	98	84	33	1	98	3.49859e-58	TRUE	NA	NA	NA	NA	NA	NA
NC_045512.2	23018	T	G	0	0	0	99	85	33	1	99	8.79087e-59	TRUE	NA	NA	NA	NA	NA	NA
NC_045512.2	23055	A	G	0	0	0	98	85	34	1	98	3.49859e-58	TRUE	NA	NA	NA	NA	NA	NA
NC_045512.2	23063	A	T	0	0	0	97	83	33	1	97	1.3923e-57	TRUE	NA	NA	NA	NA	NA	NA
NC_045512.2	23075	T	C	0	0	0	98	84	34	1	98	3.49859e-58	TRUE	NA	NA	NA	NA	NA	NA
NC_045512.2	23171	A	T	289	159	64	1	0	24	0.00344828	290	0.876294	FALSE	NA	NA	NA	NA	NA	NA
NC_045512.2	23200	A	C	287	156	64	3	3	27	0.0103448	290	0.501625	FALSE	NA	NA	NA	NA	NA	NA
NC_045512.2	23207	A	G	289	161	64	1	0	27	0.00344828	290	0.876294	FALSE	NA	NA	NA	NA	NA	NA
NC_045512.2	23228	A	G	289	159	64	1	1	68	0.00344828	290	0.500864	FALSE	NA	NA	NA	NA	NA	NA
NC_045512.2	23237	T	C	290	164	65	1	1	68	0.00343643	291	0.500861	FALSE	NA	NA	NA	NA	NA	NA
NC_045512.2	23250	A	G	289	164	65	1	1	68	0.00344828	290	0.500864	FALSE	NA	NA	NA	NA	NA	NA
NC_045512.2	23254	A	T	396	210	56	1	0	34	0.00251889	397	0.500631	FALSE	NA	NA	NA	NA	NA	NA
NC_045512.2	23260	C	T	397	212	57	1	1	68	0.00251256	398	0.500629	FALSE	NA	NA	NA	NA	NA	NA
NC_045512.2	23273	G	A	399	215	56	1	1	34	0.0025	400	0.500626	FALSE	NA	NA	NA	NA	NA	NA
NC_045512.2	23274	A	T	397	217	56	1	1	27	0.00251256	398	0.937971	FALSE	NA	NA	NA	NA	NA	NA
NC_045512.2	23288	G	A	117	57	33	4	2	32	0.0330579	121	0.0619716	FALSE	NA	NA	NA	NA	NA	NA
NC_045512.2	23310	A	G	119	58	34	1	0	34	0.00833333	120	0.502092	FALSE	NA	NA	NA	NA	NA	NA
NC_045512.2	23385	T	A	43	14	52	39	0	32	0.47561	82	5.91236e-15	TRUE	NA	NA	NA	NA	NA	NA
NC_045512.2	23403	A	G	0	0	0	41	19	43	1	41	4.70827e-24	TRUE	NA	NA	NA	NA	NA	NA
NC_045512.2	23454	C	-T	238	113	36	2	0	20	0.00840336	238	0.693002	FALSE	NA	NA	NA	NA	NA	NA
NC_045512.2	23477	G	C	198	96	33	1	1	26	0.00502513	199	0.751889	FALSE	NA	NA	NA	NA	NA	NA
NC_045512.2	23484	A	C	200	95	33	1	1	34	0.00497512	201	0.501247	FALSE	NA	NA	NA	NA	NA	NA
NC_045512.2	23487	T	C	200	95	33	1	1	34	0.00497512	201	0.501247	FALSE	NA	NA	NA	NA	NA	NA
NC_045512.2	23489	T	G	201	98	33	1	0	34	0.0049505	202	0.501241	FALSE	NA	NA	NA	NA	NA	NA
NC_045512.2	23525	C	T	0	0	0	207	111	33	1	207	1.20624e-123	TRUE	NA	NA	NA	NA	NA	NA
NC_045512.2	23562	G	A	23	15	36	82	0	33	0.780952	105	2.50079e-37	TRUE	NA	NA	NA	NA	NA	NA
NC_045512.2	23565	C	T	15	15	34	1	1	34	0.0625	16	0.516129	FALSE	NA	NA	NA	NA	NA	NA
NC_045512.2	23599	T	G	0	0	0	16	16	34	1	16	3.32734e-09	TRUE	NA	NA	NA	NA	NA	NA
NC_045512.2	23601	C	T	27	27	33	24	24	32	0.470588	51	2.19408e-09	TRUE	NA	NA	NA	NA	NA	NA
NC_045512.2	23603	C	T	99	53	34	6	2	34	0.0571429	105	0.0149469	FALSE	NA	NA	NA	NA	NA	NA
NC_045512.2	23604	C	A	85	34	34	23	23	33	0.212963	108	3.59822e-08	TRUE	NA	NA	NA	NA	NA	NA
NC_045512.2	23612	G	-C	110	57	34	1	0	20	0.00909091	110	0.755666	FALSE	NA	NA	NA	NA	NA	NA
NC_045512.2	23752	T	A	49	10	41	24	0	30	0.328767	73	7.3911e-09	TRUE	NA	NA	NA	NA	NA	NA
NC_045512.2	23826	A	G	47	28	56	2	1	68	0.0408163	49	0.252577	FALSE	NA	NA	NA	NA	NA	NA
NC_045512.2	23854	C	A	0	0	0	35	35	34	1	35	1.78275e-20	TRUE	NA	NA	NA	NA	NA	NA
NC_045512.2	23887	C	+A	40	38	33	1	0	20	0.025	40	0.5125	FALSE	NA	NA	NA	NA	NA	NA
NC_045512.2	23903	G	-T	40	38	33	3	0	20	0.075	40	0.139352	FALSE	NA	NA	NA	NA	NA	NA
NC_045512.2	23908	T	-G	40	38	33	3	0	20	0.075	40	0.139352	FALSE	NA	NA	NA	NA	NA	NA
NC_045512.2	23948	G	T	0	0	0	3	1	34	1	3	0.1	FALSE	NA	NA	NA	NA	NA	NA
NC_045512.2	24034	C	+A	21	10	62	2	0	20	0.0952381	21	0.280177	FALSE	NA	NA	NA	NA	NA	NA
NC_045512.2	24049	A	G	20	10	62	1	0	68	0.047619	21	0.512195	FALSE	NA	NA	NA	NA	NA	NA
NC_045512.2	24140	G	+T	21	11	67	5	0	20	0.238095	21	0.0479882	FALSE	NA	NA	NA	NA	NA	NA
NC_045512.2	24277	G	T	35	17	34	1	0	34	0.0277778	36	0.507042	FALSE	NA	NA	NA	NA	NA	NA
NC_045512.2	24388	A	T	6	3	34	21	21	34	0.777778	27	9.30889e-10	TRUE	NA	NA	NA	NA	NA	NA
NC_045512.2	24397	T	-G	71	26	34	2	0	20	0.028169	71	0.25884	FALSE	NA	NA	NA	NA	NA	NA
NC_045512.2	24424	A	T	6	3	31	65	23	35	0.915493	71	1.17335e-33	TRUE	NA	NA	NA	NA	NA	NA
NC_045512.2	24459	T	C	63	22	34	2	1	34	0.0307692	65	0.251938	FALSE	NA	NA	NA	NA	NA	NA
NC_045512.2	24469	T	A	0	0	0	65	23	35	1	65	2.10377e-38	TRUE	NA	NA	NA	NA	NA	NA
NC_045512.2	24485	A	G	75	36	40	1	1	46	0.0131579	76	0.503311	FALSE	NA	NA	NA	NA	NA	NA
NC_045512.2	24499	T	C	68	30	38	7	5	53	0.0933333	75	0.00707895	TRUE	NA	NA	NA	NA	NA	NA
NC_045512.2	24517	C	T	73	35	41	4	2	34	0.0519481	77	0.0616587	FALSE	NA	NA	NA	NA	NA	NA
NC_045512.2	24539	A	G	31	15	44	21	0	32	0.403846	52	4.70859e-08	TRUE	NA	NA	NA	NA	NA	NA
NC_045512.2	24588	C	T	202	99	35	3	3	34	0.0146341	205	0.124998	FALSE	NA	NA	NA	NA	NA	NA
NC_045512.2	24622	T	A	187	85	35	2	0	34	0.010582	189	0.250663	FALSE	NA	NA	NA	NA	NA	NA
NC_045512.2	24652	A	T	188	96	36	7	7	32	0.0358974	195	0.00753136	TRUE	NA	NA	NA	NA	NA	NA
NC_045512.2	24654	A	C	257	101	35	1	1	34	0.00387597	258	0.500971	FALSE	NA	NA	NA	NA	NA	NA
NC_045512.2	24659	G	T	254	97	35	5	4	34	0.019305	259	0.030946	FALSE	NA	NA	NA	NA	NA	NA
NC_045512.2	24660	T	A	258	101	35	1	1	34	0.003861	259	0.500967	FALSE	NA	NA	NA	NA	NA	NA
NC_045512.2	24699	G	A	251	98	35	8	4	34	0.030888	259	0.00375577	TRUE	NA	NA	NA	NA	NA	NA
NC_045512.2	24701	T	C	256	102	35	4	0	34	0.0153846	260	0.0622571	FALSE	NA	NA	NA	NA	NA	NA
NC_045512.2	24703	T	C	258	103	35	2	0	34	0.00769231	260	0.250482	FALSE	NA	NA	NA	NA	NA	NA
NC_045512.2	24741	T	-A	127	71	52	1	0	20	0.00787402	127	0.75491	FALSE	NA	NA	NA	NA	NA	NA
NC_045512.2	24782	A	G	126	70	53	1	0	68	0.00787402	127	0.501976	FALSE	NA	NA	NA	NA	NA	NA
NC_045512.2	24853	A	G	175	111	39	6	0	34	0.0331492	181	0.0152337	FALSE	NA	NA	NA	NA	NA	NA
NC_045512.2	24868	G	A	179	110	39	2	1	30	0.0110497	181	0.250693	FALSE	NA	NA	NA	NA	NA	NA
NC_045512.2	24881	A	-GG	85	37	33	1	0	20	0.0117647	85	0.505882	FALSE	NA	NA	NA	NA	NA	NA
NC_045512.2	24907	T	C	93	37	34	1	0	34	0.0106383	94	0.502674	FALSE	NA	NA	NA	NA	NA	NA
NC_045512.2	25000	C	T	0	0	0	49	30	34	1	49	7.85003e-29	TRUE	NA	NA	NA	NA	NA	NA
NC_045512.2	25019	G	T	46	27	34	2	2	34	0.0416667	48	0.252632	FALSE	NA	NA	NA	NA	NA	NA
NC_045512.2	25021	T	-AA	50	40	46	1	0	20	0.02	50	0.51	FALSE	NA	NA	NA	NA	NA	NA
NC_045512.2	25068	T	C	66	43	40	1	1	34	0.0149254	67	0.503759	FALSE	NA	NA	NA	NA	NA	NA
NC_045512.2	25118	C	T	43	31	35	15	15	32	0.258621	58	1.24133e-05	TRUE	NA	NA	NA	NA	NA	NA
NC_045512.2	25124	G	T	95	41	34	7	7	34	0.0686275	102	0.00727391	TRUE	NA	NA	NA	NA	NA	NA
NC_045512.2	25198	G	A	61	20	34	2	1	34	0.031746	63	0.252	FALSE	NA	NA	NA	NA	NA	NA
NC_045512.2	25222	T	-A	224	94	37	6	0	20	0.0267857	224	0.152698	FALSE	NA	NA	NA	NA	NA	NA
NC_045512.2	25223	A	-T	225	97	37	4	0	20	0.017316	231	0.340671	FALSE	NA	NA	NA	NA	NA	NA
NC_045512.2	25224	T	G	221	94	37	1	0	26	0.0045045	222	0.873313	FALSE	NA	NA	NA	NA	NA	NA
NC_045512.2	25239	C	T	227	98	37	2	1	34	0.00873362	229	0.250547	FALSE	NA	NA	NA	NA	NA	NA
NC_045512.2	25263	T	C	223	93	35	1	0	26	0.00446429	224	0.876676	FALSE	NA	NA	NA	NA	NA	NA
NC_045512.2	25269	G	A	189	77	37	17	0	32	0.0825243	206	5.64166e-06	TRUE	NA	NA	NA	NA	NA	NA
NC_045512.2	25298	G	A	180	101	38	10	7	34	0.0526316	190	0.000888235	TRUE	NA	NA	NA	NA	NA	NA
NC_045512.2	25302	G	A	188	105	37	1	1	34	0.00529101	189	0.501326	FALSE	NA	NA	NA	NA	NA	NA
NC_045512.2	25310	T	C	355	132	36	2	1	34	0.00560224	357	0.250351	FALSE	NA	NA	NA	NA	NA	NA
NC_045512.2	25310	T	-G	355	132	36	1	0	20	0.00280112	357	0.938027	FALSE	NA	NA	NA	NA	NA	NA
NC_045512.2	25310	T	+G	355	132	36	1	0	20	0.00280112	357	0.938027	FALSE	NA	NA	NA	NA	NA	NA
NC_045512.2	25315	A	-T	358	133	36	2	0	20	0.00558659	358	0.815979	FALSE	NA	NA	NA	NA	NA	NA
NC_045512.2	25317	C	A	358	134	36	1	0	26	0.00278552	359	0.93837	FALSE	NA	NA	NA	NA	NA	NA
NC_045512.2	25339	C	T	358	133	35	2	2	68	0.00555556	360	0.250348	FALSE	NA	NA	NA	NA	NA	NA
NC_045512.2	25379	A	G	291	135	51	1	0	34	0.00342466	292	0.500858	FALSE	NA	NA	NA	NA	NA	NA
NC_045512.2	25391	T	C	285	131	51	3	2	34	0.0104167	288	0.124999	FALSE	NA	NA	NA	NA	NA	NA
NC_045512.2	25400	T	C	291	135	51	1	0	68	0.00342466	292	0.500858	FALSE	NA	NA	NA	NA	NA	NA
NC_045512.2	25447	G	C	214	86	57	1	1	27	0.00465116	215	0.876746	FALSE	NA	NA	NA	NA	NA	NA
NC_045512.2	25475	T	C	202	136	42	3	3	34	0.0146341	205	0.124998	FALSE	NA	NA	NA	NA	NA	NA
NC_045512.2	25486	A	-C	729	200	38	1	0	20	0.00137174	729	0.99621	FALSE	NA	NA	NA	NA	NA	NA
NC_045512.2	25489	G	-C	728	201	38	4	0	20	0.00549451	728	0.889794	FALSE	NA	NA	NA	NA	NA	NA
NC_045512.2	25490	C	T	722	199	38	1	0	34	0.00138313	723	0.498965	FALSE	NA	NA	NA	NA	NA	NA
NC_045512.2	25496	T	G	720	202	38	1	0	34	0.00138696	721	0.500347	FALSE	NA	NA	NA	NA	NA	NA
NC_045512.2	25508	C	G	727	201	38	1	0	34	0.00137363	728	0.500344	FALSE	NA	NA	NA	NA	NA	NA
NC_045512.2	25522	G	A	567	67	36	3	1	34	0.00526316	570	0.125	FALSE	NA	NA	NA	NA	NA	NA
NC_045512.2	25524	A	G	570	68	36	1	0	34	0.00175131	571	0.500438	FALSE	NA	NA	NA	NA	NA	NA
NC_045512.2	25537	G	A	568	88	33	1	0	34	0.00175747	569	0.50044	FALSE	NA	NA	NA	NA	NA	NA
NC_045512.2	25546	C	G	560	87	33	2	0	34	0.00355872	562	0.250223	FALSE	NA	NA	NA	NA	NA	NA
NC_045512.2	25555	G	-T	565	86	33	2	0	20	0.00353982	565	0.938943	FALSE	NA	NA	NA	NA	NA	NA
NC_045512.2	25568	C	-T	578	308	59	1	0	20	0.0017301	578	0.984737	FALSE	NA	NA	NA	NA	NA	NA
NC_045512.2	25576	A	G	576	305	59	1	1	46	0.0017331	577	0.500434	FALSE	NA	NA	NA	NA	NA	NA
NC_045512.2	25578	C	G	547	289	58	30	17	65	0.0519931	577	6.49409e-10	TRUE	NA	NA	NA	NA	NA	NA
NC_045512.2	25584	C	T	0	0	0	572	300	54	1	572	0	TRUE	NA	NA	NA	NA	NA	NA
NC_045512.2	25590	A	C	574	306	57	1	1	27	0.00173913	575	0.984659	FALSE	NA	NA	NA	NA	NA	NA
NC_045512.2	25597	T	C	574	310	59	1	0	68	0.00173913	575	0.500435	FALSE	NA	NA	NA	NA	NA	NA
NC_045512.2	25614	C	+A	573	310	59	1	0	20	0.0017452	573	0.984741	FALSE	NA	NA	NA	NA	NA	NA
NC_045512.2	25615	A	C	575	312	58	1	1	27	0.00173611	576	0.984659	FALSE	NA	NA	NA	NA	NA	NA
NC_045512.2	25627	T	A	448	222	65	29	0	32	0.0607966	477	1.23877e-09	TRUE	NA	NA	NA	NA	NA	NA
NC_045512.2	25638	C	T	382	382	33	49	49	31	0.113689	431	4.4336e-16	TRUE	NA	NA	NA	NA	NA	NA
NC_045512.2	25640	T	C	444	444	33	1	1	34	0.00224719	445	0.500562	FALSE	NA	NA	NA	NA	NA	NA
NC_045512.2	25645	T	C	442	442	34	1	1	34	0.00225734	443	0.500565	FALSE	NA	NA	NA	NA	NA	NA
NC_045512.2	25670	A	G	445	445	33	1	1	34	0.00224215	446	0.500561	FALSE	NA	NA	NA	NA	NA	NA
NC_045512.2	25672	C	-T	447	447	33	2	0	20	0.00447427	447	0.892972	FALSE	NA	NA	NA	NA	NA	NA
NC_045512.2	25673	T	C	428	428	33	16	16	34	0.036036	444	1.30587e-05	TRUE	NA	NA	NA	NA	NA	NA
NC_045512.2	25687	G	T	516	477	33	1	0	34	0.00193424	517	0.500484	FALSE	NA	NA	NA	NA	NA	NA
NC_045512.2	25691	G	A	516	476	33	1	1	34	0.00193424	517	0.500484	FALSE	NA	NA	NA	NA	NA	NA
NC_045512.2	25693	C	+T	517	477	33	23	0	20	0.0444874	517	0.000597819	TRUE	NA	NA	NA	NA	NA	NA
NC_045512.2	25767	G	T	73	36	36	46	46	32	0.386555	119	7.7381e-17	TRUE	NA	NA	NA	NA	NA	NA
NC_045512.2	25771	C	-T	207	100	40	1	0	20	0.00483092	207	0.877706	FALSE	NA	NA	NA	NA	NA	NA
NC_045512.2	25792	C	A	205	98	40	3	2	34	0.0144231	208	0.124998	FALSE	NA	NA	NA	NA	NA	NA
NC_045512.2	25797	C	A	208	101	40	2	1	34	0.00952381	210	0.250597	FALSE	NA	NA	NA	NA	NA	NA
NC_045512.2	25819	G	A	142	67	43	2	1	34	0.0138889	144	0.250871	FALSE	NA	NA	NA	NA	NA	NA
NC_045512.2	25918	A	G	67	1	34	30	0	30	0.309278	97	7.71607e-11	TRUE	NA	NA	NA	NA	NA	NA
NC_045512.2	26041	A	G	80	21	33	1	0	34	0.0123457	81	0.503106	FALSE	NA	NA	NA	NA	NA	NA
NC_045512.2	26054	C	G	76	21	33	2	0	34	0.025641	78	0.251613	FALSE	NA	NA	NA	NA	NA	NA
NC_045512.2	26059	A	T	82	47	56	75	75	32	0.477707	157	2.6597e-28	TRUE	NA	NA	NA	NA	NA	NA
NC_045512.2	26060	C	T	72	72	33	82	47	54	0.532468	154	8.65422e-32	TRUE	NA	NA	NA	NA	NA	NA
NC_045512.2	26138	T	C	291	168	36	1	1	34	0.00342466	292	0.500858	FALSE	NA	NA	NA	NA	NA	NA
NC_045512.2	26150	C	T	533	193	35	1	0	34	0.00187266	534	0.500469	FALSE	NA	NA	NA	NA	NA	NA
NC_045512.2	26158	G	A	536	193	35	1	0	34	0.0018622	537	0.500466	FALSE	NA	NA	NA	NA	NA	NA
NC_045512.2	26161	A	G	530	189	35	1	1	34	0.00188324	531	0.500471	FALSE	NA	NA	NA	NA	NA	NA
NC_045512.2	26165	C	T	530	193	35	2	1	34	0.0037594	532	0.250235	FALSE	NA	NA	NA	NA	NA	NA
NC_045512.2	26174	A	G	536	193	35	1	1	34	0.0018622	537	0.500466	FALSE	NA	NA	NA	NA	NA	NA
NC_045512.2	26180	T	G	528	187	34	1	0	34	0.00189036	529	0.500473	FALSE	NA	NA	NA	NA	NA	NA
NC_045512.2	26196	G	A	534	195	35	3	0	34	0.00558659	537	0.125	FALSE	NA	NA	NA	NA	NA	NA
NC_045512.2	26214	T	G	235	26	33	37	23	34	0.136029	272	2.09922e-12	TRUE	NA	NA	NA	NA	NA	NA
NC_045512.2	26222	C	T	354	179	56	104	0	33	0.22658	459	6.64078e-35	TRUE	NA	NA	NA	NA	NA	NA
NC_045512.2	26222	C	G	354	179	56	1	0	34	0.00217865	459	0.436654	FALSE	NA	NA	NA	NA	NA	NA
NC_045512.2	26226	A	T	457	200	54	1	1	68	0.00218341	458	0.500546	FALSE	NA	NA	NA	NA	NA	NA
NC_045512.2	26242	C	G	461	202	54	1	0	27	0.0021645	462	0.969256	FALSE	NA	NA	NA	NA	NA	NA
NC_045512.2	26270	C	T	72	49	33	388	154	58	0.843478	460	1.45246e-185	TRUE	NA	NA	NA	NA	NA	NA
NC_045512.2	26286	T	C	386	154	58	1	0	68	0.00258398	387	0.500647	FALSE	NA	NA	NA	NA	NA	NA
NC_045512.2	26290	A	C	386	151	57	1	1	27	0.00258398	387	0.938307	FALSE	NA	NA	NA	NA	NA	NA
NC_045512.2	26304	T	C	374	246	41	8	7	46	0.0209424	382	0.00380414	TRUE	NA	NA	NA	NA	NA	NA
NC_045512.2	26307	T	G	378	252	42	1	0	26	0.00263852	379	0.938324	FALSE	NA	NA	NA	NA	NA	NA
NC_045512.2	26309	C	G	381	251	42	1	1	34	0.0026178	382	0.500655	FALSE	NA	NA	NA	NA	NA	NA
NC_045512.2	26317	G	A	380	253	42	1	0	34	0.00262467	381	0.500657	FALSE	NA	NA	NA	NA	NA	NA
NC_045512.2	26357	G	A	399	308	47	3	3	34	0.00746269	402	0.124999	FALSE	NA	NA	NA	NA	NA	NA
NC_045512.2	26362	T	-G	402	310	48	1	0	20	0.00248756	402	0.969522	FALSE	NA	NA	NA	NA	NA	NA
NC_045512.2	26363	G	+T	400	309	47	2	0	20	0.00498753	401	0.892666	FALSE	NA	NA	NA	NA	NA	NA
NC_045512.2	26384	T	C	96	87	33	2	2	34	0.0204082	98	0.251282	FALSE	NA	NA	NA	NA	NA	NA
NC_045512.2	26432	A	G	29	25	34	70	64	33	0.707071	99	3.17742e-30	TRUE	NA	NA	NA	NA	NA	NA
NC_045512.2	26464	C	-T	99	90	33	1	0	20	0.010101	99	0.505051	FALSE	NA	NA	NA	NA	NA	NA
NC_045512.2	26529	G	A	0	0	0	1	0	68	1	1	1	FALSE	NA	NA	NA	NA	NA	NA
NC_045512.2	26577	C	G	0	0	0	1	1	34	1	1	1	FALSE	NA	NA	NA	NA	NA	NA
NC_045512.2	26790	T	G	36	20	59	1	0	34	0.0263158	38	0.5	FALSE	NA	NA	NA	NA	NA	NA
NC_045512.2	26790	T	A	36	20	59	1	0	34	0.0263158	38	0.5	FALSE	NA	NA	NA	NA	NA	NA
NC_045512.2	26924	A	-G	50	24	55	3	0	20	0.06	50	0.136436	FALSE	NA	NA	NA	NA	NA	NA
NC_045512.2	27032	T	C	153	61	44	1	0	34	0.00649351	154	0.501629	FALSE	NA	NA	NA	NA	NA	NA
NC_045512.2	27038	A	G	111	31	37	43	30	61	0.279221	154	4.34066e-15	TRUE	NA	NA	NA	NA	NA	NA
NC_045512.2	27058	A	-C	152	61	44	7	0	20	0.0460526	152	0.0392477	FALSE	NA	NA	NA	NA	NA	NA
NC_045512.2	27059	C	T	137	55	45	10	5	34	0.0680272	147	0.000679042	TRUE	NA	NA	NA	NA	NA	NA
NC_045512.2	27123	A	G	118	65	43	13	6	68	0.0992366	131	9.39473e-05	TRUE	NA	NA	NA	NA	NA	NA
NC_045512.2	27368	A	T	2	2	34	5	5	30	0.714286	7	0.016317	FALSE	NA	NA	NA	NA	NA	NA
NC_045512.2	27382	G	A	81	7	34	1	0	34	0.0121951	82	0.503067	FALSE	NA	NA	NA	NA	NA	NA
NC_045512.2	27438	T	C	34	2	34	46	3	34	0.575	80	1.83554e-18	TRUE	NA	NA	NA	NA	NA	NA
NC_045512.2	27483	T	C	449	195	38	2	2	34	0.00443459	451	0.250277	FALSE	NA	NA	NA	NA	NA	NA
NC_045512.2	27501	T	C	456	203	39	1	0	68	0.00218818	457	0.500548	FALSE	NA	NA	NA	NA	NA	NA
NC_045512.2	27503	C	-TG	458	204	38	38	0	20	0.0829694	458	6.3356e-08	TRUE	NA	NA	NA	NA	NA	NA
NC_045512.2	27519	C	A	444	201	38	4	0	32	0.00892857	448	0.0623596	FALSE	NA	NA	NA	NA	NA	NA
NC_045512.2	27550	A	T	466	260	37	1	1	34	0.00214133	467	0.500536	FALSE	NA	NA	NA	NA	NA	NA
NC_045512.2	27568	T	G	468	262	37	1	0	34	0.0021322	469	0.500534	FALSE	NA	NA	NA	NA	NA	NA
NC_045512.2	27574	A	G	463	259	37	1	0	26	0.00215517	464	0.969254	FALSE	NA	NA	NA	NA	NA	NA
NC_045512.2	27594	T	+C	466	260	36	46	0	20	0.0987124	466	6.99857e-10	TRUE	NA	NA	NA	NA	NA	NA
NC_045512.2	27605	T	A	64	25	56	31	0	33	0.326316	95	2.96132e-11	TRUE	NA	NA	NA	NA	NA	NA
NC_045512.2	27636	A	-G	89	59	40	2	0	20	0.0224719	89	0.257046	FALSE	NA	NA	NA	NA	NA	NA
NC_045512.2	27646	A	G	86	59	40	3	0	68	0.0337079	89	0.124988	FALSE	NA	NA	NA	NA	NA	NA
NC_045512.2	27750	G	-AC	69	38	37	9	0	20	0.130435	69	0.00282329	TRUE	NA	NA	NA	NA	NA	NA
NC_045512.2	27800	C	+T	37	25	35	15	0	20	0.405405	37	0.00014123	TRUE	NA	NA	NA	NA	NA	NA
NC_045512.2	27807	C	T	0	0	0	38	26	35	1	38	2.90165e-22	TRUE	NA	NA	NA	NA	NA	NA
NC_045512.2	27889	C	T	0	0	0	7	7	34	1	7	0.000582751	TRUE	NA	NA	NA	NA	NA	NA
NC_045512.2	28032	A	G	56	29	41	2	1	34	0.0344828	58	0.252174	FALSE	NA	NA	NA	NA	NA	NA
NC_045512.2	28057	C	T	214	104	36	2	1	34	0.00925926	216	0.25058	FALSE	NA	NA	NA	NA	NA	NA
NC_045512.2	28080	G	C	173	83	36	1	0	34	0.00574713	174	0.501441	FALSE	NA	NA	NA	NA	NA	NA
NC_045512.2	28094	T	-A	175	84	36	29	0	20	0.165714	175	9.82148e-08	TRUE	NA	NA	NA	NA	NA	NA
NC_045512.2	28157	T	A	170	90	35	1	1	27	0.00584795	171	0.752199	FALSE	NA	NA	NA	NA	NA	NA
NC_045512.2	28175	A	-T	171	94	35	1	0	20	0.00584795	171	0.753649	FALSE	NA	NA	NA	NA	NA	NA
NC_045512.2	28271	A	T	8	8	34	68	0	33	0.894737	76	2.13865e-34	TRUE	NA	NA	NA	NA	NA	NA
NC_045512.2	28297	T	C	54	0	34	11	0	34	0.169231	65	0.000336456	TRUE	NA	NA	NA	NA	NA	NA
NC_045512.2	28311	C	T	0	0	0	67	27	55	1	67	1.33485e-39	TRUE	NA	NA	NA	NA	NA	NA
NC_045512.2	28322	T	C	428	127	36	9	6	68	0.020595	437	0.00189304	TRUE	NA	NA	NA	NA	NA	NA
NC_045512.2	28323	T	C	442	139	37	1	0	34	0.00225734	443	0.500565	FALSE	NA	NA	NA	NA	NA	NA
NC_045512.2	28324	T	+G	442	138	37	1	0	20	0.00226244	442	0.969453	FALSE	NA	NA	NA	NA	NA	NA
NC_045512.2	28326	G	A	445	141	37	1	1	34	0.00224215	446	0.500561	FALSE	NA	NA	NA	NA	NA	NA
NC_045512.2	28330	A	G	397	118	34	45	23	60	0.10181	442	9.20341e-15	TRUE	NA	NA	NA	NA	NA	NA
NC_045512.2	28334	T	C	443	142	37	2	0	34	0.00449438	445	0.250281	FALSE	NA	NA	NA	NA	NA	NA
NC_045512.2	28354	C	T	442	143	37	1	0	34	0.00225734	443	0.500565	FALSE	NA	NA	NA	NA	NA	NA
NC_045512.2	28360	T	-GGAGAACGC	440	141	37	56	0	20	0.127273	440	2.63007e-12	TRUE	NA	NA	NA	NA	NA	NA
NC_045512.2	28361	G	-GAGAACGCA	374	120	35	373	0	20	0.849658	439	1.71796e-88	TRUE	NA	NA	NA	NA	NA	NA
NC_045512.2	28370	A	T	0	0	0	65	30	33	1	65	1.35654e-83	TRUE	NA	NA	NA	NA	NA	NA
NC_045512.2	28371	G	T	275	91	35	165	62	34	0.375	440	1.36102e-58	TRUE	NA	NA	NA	NA	NA	NA
NC_045512.2	28375	G	-GC	441	153	35	2	0	20	0.00453515	441	0.893004	FALSE	NA	NA	NA	NA	NA	NA
NC_045512.2	28377	C	-G	433	151	34	25	0	20	0.0574713	435	7.24603e-05	TRUE	NA	NA	NA	NA	NA	NA
NC_045512.2	28378	G	C	415	138	35	2	1	34	0.00479616	417	0.235918	FALSE	NA	NA	NA	NA	NA	NA
NC_045512.2	28395	G	A	329	136	35	99	33	33	0.231308	428	2.89944e-33	TRUE	NA	NA	NA	NA	NA	NA
NC_045512.2	28419	C	T	441	256	43	225	225	32	0.337838	666	2.49966e-78	TRUE	NA	NA	NA	NA	NA	NA
NC_045512.2	28422	C	T	944	508	38	1	1	34	0.0010582	945	0.500265	FALSE	NA	NA	NA	NA	NA	NA
NC_045512.2	28425	C	T	953	508	38	2	1	34	0.00209424	955	0.250131	FALSE	NA	NA	NA	NA	NA	NA
NC_045512.2	28429	G	A	943	500	38	1	0	34	0.00105932	944	0.500265	FALSE	NA	NA	NA	NA	NA	NA
NC_045512.2	28444	T	C	952	511	38	2	1	34	0.00209644	954	0.250131	FALSE	NA	NA	NA	NA	NA	NA
NC_045512.2	28449	A	G	947	507	38	1	1	34	0.00105485	948	0.500264	FALSE	NA	NA	NA	NA	NA	NA
NC_045512.2	28449	A	-T	947	507	38	22	0	20	0.0232068	948	0.0165502	FALSE	NA	NA	NA	NA	NA	NA
NC_045512.2	28462	C	T	849	453	39	100	54	35	0.105374	949	5.30384e-32	TRUE	NA	NA	NA	NA	NA	NA
NC_045512.2	28463	C	A	946	509	38	2	1	34	0.0021097	948	0.250132	FALSE	NA	NA	NA	NA	NA	NA
NC_045512.2	28464	T	C	677	352	40	1	0	68	0.00147493	678	0.500369	FALSE	NA	NA	NA	NA	NA	NA
NC_045512.2	28467	A	C	681	352	40	1	1	34	0.00146628	682	0.500367	FALSE	NA	NA	NA	NA	NA	NA
NC_045512.2	28472	C	G	675	354	40	1	0	27	0.00147929	676	0.992349	FALSE	NA	NA	NA	NA	NA	NA
NC_045512.2	28480	A	G	661	407	34	2	1	34	0.00301659	663	0.250189	FALSE	NA	NA	NA	NA	NA	NA
NC_045512.2	28481	C	-A	662	407	34	8	0	20	0.0120846	662	0.404702	FALSE	NA	NA	NA	NA	NA	NA
NC_045512.2	28487	G	A	661	406	34	1	1	34	0.00151057	662	0.500378	FALSE	NA	NA	NA	NA	NA	NA
NC_045512.2	28504	T	A	642	390	34	2	1	26	0.00310559	644	0.965437	FALSE	NA	NA	NA	NA	NA	NA
NC_045512.2	28526	G	T	652	405	34	2	1	34	0.00304414	657	0.249046	FALSE	NA	NA	NA	NA	NA	NA
NC_045512.2	28526	G	A	652	405	34	3	2	34	0.00456621	657	0.124428	FALSE	NA	NA	NA	NA	NA	NA
NC_045512.2	28527	G	A	656	406	34	1	1	34	0.00152207	657	0.500381	FALSE	NA	NA	NA	NA	NA	NA
NC_045512.2	28532	T	C	650	401	34	1	1	34	0.0015361	651	0.500384	FALSE	NA	NA	NA	NA	NA	NA
NC_045512.2	28533	A	C	654	405	34	2	2	34	0.00304878	656	0.250191	FALSE	NA	NA	NA	NA	NA	NA
NC_045512.2	28537	A	G	654	408	34	2	1	34	0.00304878	656	0.250191	FALSE	NA	NA	NA	NA	NA	NA
NC_045512.2	28543	T	C	776	455	34	2	1	34	0.00257069	778	0.250161	FALSE	NA	NA	NA	NA	NA	NA
NC_045512.2	28544	A	C	770	457	34	1	1	34	0.00129702	771	0.500324	FALSE	NA	NA	NA	NA	NA	NA
NC_045512.2	28547	A	G	761	457	34	1	1	34	0.00131234	762	0.500328	FALSE	NA	NA	NA	NA	NA	NA
NC_045512.2	28558	T	C	760	444	34	1	1	26	0.00131406	761	0.996186	FALSE	NA	NA	NA	NA	NA	NA
NC_045512.2	28565	G	-A	778	458	34	15	0	20	0.0192802	778	0.0719224	FALSE	NA	NA	NA	NA	NA	NA
NC_045512.2	28566	A	G	737	436	33	2	0	34	0.00270636	739	0.243853	FALSE	NA	NA	NA	NA	NA	NA
NC_045512.2	28627	A	T	139	70	35	63	63	32	0.311881	202	4.08327e-22	TRUE	NA	NA	NA	NA	NA	NA
NC_045512.2	28629	C	G	321	140	34	1	0	26	0.00310559	322	0.93847	FALSE	NA	NA	NA	NA	NA	NA
NC_045512.2	28651	C	T	310	133	34	13	7	34	0.0402477	323	0.000110144	TRUE	NA	NA	NA	NA	NA	NA
NC_045512.2	28669	G	A	320	139	34	4	2	34	0.0123457	324	0.0623055	FALSE	NA	NA	NA	NA	NA	NA
NC_045512.2	28674	C	T	317	138	34	8	4	34	0.0246154	325	0.00378627	TRUE	NA	NA	NA	NA	NA	NA
NC_045512.2	28713	G	A	207	116	40	2	1	34	0.00956938	209	0.2506	FALSE	NA	NA	NA	NA	NA	NA
NC_045512.2	28717	C	T	162	93	40	48	24	38	0.228571	210	1.92556e-16	TRUE	NA	NA	NA	NA	NA	NA
NC_045512.2	28733	A	G	271	141	46	2	1	34	0.00732601	273	0.250459	FALSE	NA	NA	NA	NA	NA	NA
NC_045512.2	28741	A	C	274	138	46	2	2	30	0.00724638	276	0.250454	FALSE	NA	NA	NA	NA	NA	NA
NC_045512.2	28747	G	A	275	140	46	2	1	68	0.00722022	277	0.250452	FALSE	NA	NA	NA	NA	NA	NA
NC_045512.2	28751	C	T	276	142	46	1	0	34	0.00361011	277	0.500904	FALSE	NA	NA	NA	NA	NA	NA
NC_045512.2	28764	G	-A	275	144	46	1	0	20	0.00363636	275	0.877039	FALSE	NA	NA	NA	NA	NA	NA
NC_045512.2	28779	A	G	127	85	50	1	0	34	0.0078125	128	0.501961	FALSE	NA	NA	NA	NA	NA	NA
NC_045512.2	28780	A	G	124	82	51	3	3	34	0.023622	127	0.124994	FALSE	NA	NA	NA	NA	NA	NA
NC_045512.2	28806	G	-C	330	184	59	1	0	20	0.0030303	330	0.938819	FALSE	NA	NA	NA	NA	NA	NA
NC_045512.2	28808	G	C	330	183	59	1	1	68	0.00302115	331	0.500756	FALSE	NA	NA	NA	NA	NA	NA
NC_045512.2	28817	G	T	312	170	59	18	13	48	0.0545455	330	3.09056e-06	TRUE	NA	NA	NA	NA	NA	NA
NC_045512.2	28830	C	T	329	185	59	1	0	34	0.0030303	330	0.500759	FALSE	NA	NA	NA	NA	NA	NA
NC_045512.2	28832	T	C	329	185	59	1	0	68	0.0030303	330	0.500759	FALSE	NA	NA	NA	NA	NA	NA
NC_045512.2	28845	G	T	321	181	59	9	5	58	0.0272727	330	0.00187368	TRUE	NA	NA	NA	NA	NA	NA
NC_045512.2	28848	A	-C	329	186	59	1	0	20	0.00303951	329	0.938823	FALSE	NA	NA	NA	NA	NA	NA
NC_045512.2	28879	T	C	204	101	64	1	1	68	0.00487805	205	0.501222	FALSE	NA	NA	NA	NA	NA	NA
NC_045512.2	28881	G	A	0	0	0	205	102	64	1	205	1.92065e-122	TRUE	NA	NA	NA	NA	NA	NA
NC_045512.2	28882	G	A	0	0	0	204	102	61	1	204	7.66387e-122	TRUE	NA	NA	NA	NA	NA	NA
NC_045512.2	28883	G	C	0	0	0	205	102	64	1	205	1.92065e-122	TRUE	NA	NA	NA	NA	NA	NA
NC_045512.2	28894	T	C	207	106	64	1	0	34	0.00480769	208	0.501205	FALSE	NA	NA	NA	NA	NA	NA
NC_045512.2	28897	T	G	207	106	64	1	0	27	0.00480769	208	0.876805	FALSE	NA	NA	NA	NA	NA	NA
NC_045512.2	28907	G	T	291	103	55	3	2	68	0.0102041	294	0.124999	FALSE	NA	NA	NA	NA	NA	NA
NC_045512.2	28909	C	T	294	106	55	2	0	34	0.00675676	296	0.250423	FALSE	NA	NA	NA	NA	NA	NA
NC_045512.2	28912	T	C	295	106	55	1	0	68	0.00337838	296	0.500846	FALSE	NA	NA	NA	NA	NA	NA
NC_045512.2	28923	C	T	293	105	55	1	1	68	0.00340136	294	0.500852	FALSE	NA	NA	NA	NA	NA	NA
NC_045512.2	28924	T	C	295	106	55	1	0	68	0.00337838	296	0.500846	FALSE	NA	NA	NA	NA	NA	NA
NC_045512.2	28930	T	C	294	106	55	1	0	34	0.00338983	295	0.500849	FALSE	NA	NA	NA	NA	NA	NA
NC_045512.2	28931	G	A	294	105	55	2	1	68	0.00675676	296	0.250423	FALSE	NA	NA	NA	NA	NA	NA
NC_045512.2	28985	G	A	289	103	40	16	13	53	0.052459	305	1.28053e-05	TRUE	NA	NA	NA	NA	NA	NA
NC_045512.2	29002	C	G	302	115	41	1	0	34	0.00330033	303	0.500826	FALSE	NA	NA	NA	NA	NA	NA
NC_045512.2	29016	A	T	304	115	40	1	1	20	0.00327869	305	0.938524	FALSE	NA	NA	NA	NA	NA	NA
NC_045512.2	29026	T	A	302	116	41	1	0	26	0.00330033	303	0.93853	FALSE	NA	NA	NA	NA	NA	NA
NC_045512.2	29036	T	C	303	116	40	1	0	60	0.00328947	304	0.500824	FALSE	NA	NA	NA	NA	NA	NA
NC_045512.2	29051	C	+A	277	140	33	8	0	20	0.0288809	277	0.0589072	FALSE	NA	NA	NA	NA	NA	NA
NC_045512.2	29056	A	C	265	135	33	6	3	34	0.0221402	271	0.0153643	FALSE	NA	NA	NA	NA	NA	NA
NC_045512.2	29081	G	C	297	193	40	97	97	32	0.246193	394	8.38277e-33	TRUE	NA	NA	NA	NA	NA	NA
NC_045512.2	29107	T	-C	557	314	37	2	0	20	0.00359066	557	0.938963	FALSE	NA	NA	NA	NA	NA	NA
NC_045512.2	29120	C	T	552	311	37	2	0	68	0.00359712	556	0.249324	FALSE	NA	NA	NA	NA	NA	NA
NC_045512.2	29120	C	A	552	311	37	2	1	30	0.00359712	556	0.249324	FALSE	NA	NA	NA	NA	NA	NA
NC_045512.2	29127	A	G	351	173	39	1	1	34	0.00284091	352	0.500711	FALSE	NA	NA	NA	NA	NA	NA
NC_045512.2	29131	T	G	347	170	39	1	0	68	0.00287356	348	0.500719	FALSE	NA	NA	NA	NA	NA	NA
NC_045512.2	29144	C	T	329	190	34	18	14	34	0.0518732	347	3.12349e-06	TRUE	NA	NA	NA	NA	NA	NA
NC_045512.2	29145	T	C	342	201	33	1	0	34	0.00291545	343	0.50073	FALSE	NA	NA	NA	NA	NA	NA
NC_045512.2	29149	C	A	344	203	33	1	0	26	0.00289855	345	0.938405	FALSE	NA	NA	NA	NA	NA	NA
NC_045512.2	29160	C	T	347	203	33	1	0	34	0.00287356	348	0.500719	FALSE	NA	NA	NA	NA	NA	NA
NC_045512.2	29185	T	C	394	220	36	2	1	34	0.00505051	396	0.250316	FALSE	NA	NA	NA	NA	NA	NA
NC_045512.2	29195	G	-C	399	221	36	1	0	20	0.00250627	399	0.938592	FALSE	NA	NA	NA	NA	NA	NA
NC_045512.2	29199	C	G	395	219	36	2	1	34	0.00503778	397	0.250315	FALSE	NA	NA	NA	NA	NA	NA
NC_045512.2	29203	C	T	77	18	48	1	0	34	0.0128205	78	0.503226	FALSE	NA	NA	NA	NA	NA	NA
NC_045512.2	29207	T	G	76	16	48	1	0	34	0.012987	77	0.503268	FALSE	NA	NA	NA	NA	NA	NA
NC_045512.2	29218	C	-G	79	18	48	21	0	20	0.265823	79	1.96247e-06	TRUE	NA	NA	NA	NA	NA	NA
NC_045512.2	29262	G	A	75	31	37	1	0	34	0.0131579	76	0.503311	FALSE	NA	NA	NA	NA	NA	NA
NC_045512.2	29267	A	T	78	50	51	32	32	30	0.290909	110	1.93721e-11	TRUE	NA	NA	NA	NA	NA	NA
NC_045512.2	29289	T	C	216	115	41	2	1	34	0.00917431	218	0.250575	FALSE	NA	NA	NA	NA	NA	NA
NC_045512.2	29363	C	-CA	172	99	35	10	0	20	0.0581395	172	0.00702473	TRUE	NA	NA	NA	NA	NA	NA
NC_045512.2	29364	C	T	168	103	36	65	65	33	0.27897	233	3.91658e-23	TRUE	NA	NA	NA	NA	NA	NA
NC_045512.2	29386	C	T	363	182	35	2	1	34	0.00547945	365	0.250343	FALSE	NA	NA	NA	NA	NA	NA
NC_045512.2	29398	G	T	362	182	35	1	0	68	0.00275482	363	0.50069	FALSE	NA	NA	NA	NA	NA	NA
NC_045512.2	29401	T	C	361	180	35	1	1	46	0.00276243	362	0.500692	FALSE	NA	NA	NA	NA	NA	NA
NC_045512.2	29414	G	T	361	183	35	2	1	34	0.00550964	363	0.250345	FALSE	NA	NA	NA	NA	NA	NA
NC_045512.2	29418	T	A	207	88	35	49	0	32	0.191406	256	1.54633e-16	TRUE	NA	NA	NA	NA	NA	NA
NC_045512.2	29429	C	T	204	93	34	2	0	34	0.00970874	206	0.250608	FALSE	NA	NA	NA	NA	NA	NA
NC_045512.2	29477	G	T	203	113	40	1	0	26	0.00490196	204	0.87684	FALSE	NA	NA	NA	NA	NA	NA
NC_045512.2	29510	A	C	0	0	0	73	40	51	1	73	3.40119e-43	TRUE	NA	NA	NA	NA	NA	NA
NC_045512.2	29518	C	G	62	56	33	1	0	26	0.015873	63	0.504	FALSE	NA	NA	NA	NA	NA	NA
NC_045512.2	29520	C	T	71	55	33	1	1	34	0.0138889	72	0.503497	FALSE	NA	NA	NA	NA	NA	NA
NC_045512.2	29562	G	A	63	48	35	13	11	34	0.171053	76	7.6258e-05	TRUE	NA	NA	NA	NA	NA	NA
NC_045512.2	29580	C	-T	76	59	35	4	0	20	0.0526316	76	0.0683778	FALSE	NA	NA	NA	NA	NA	NA
NC_045512.2	29695	A	G	0	0	0	2	0	30	1	2	0.333333	FALSE	NA	NA	NA	NA	NA	NA
